
29173;1072;811;938;1504;1576
29293;1607;1216;1407;1510;1578
29333;1875;1419;1641;1509;1579
29363;2009;1519;1758;1514;1577
29403;2077;1570;1816;1515;1578
29443;2110;1595;1846;1508;1595
29483;2128;1608;1860;1485;1604
29513;2136;1617;1869;1469;1612
29553;2137;1622;1873;1460;1625
29593;2140;1622;1875;1442;1608
29633;2137;1615;1876;1448;1619
29663;2135;1613;1876;1457;1622
29703;2130;1615;1876;1449;1637
29743;2066;1613;1876;1454;1646
29783;2031;1605;1876;1455;1649
29813;2006;1598;1876;1456;1655
29853;1994;1599;1876;1456;1655
29893;1980;1596;1876;1456;1656
29933;1973;1591;1876;1455;1669
29963;1968;1587;1876;1451;1667
30003;1958;1579;1876;1462;1665
30043;1943;1575;1875;1457;1671
30083;1937;1572;1874;1452;1671
30113;1926;1562;1872;1449;1672
30153;1922;1518;1870;1452;1670
30193;1915;1492;1869;1457;1658
30233;1906;1510;1868;1456;1652
30263;1897;1516;1867;1464;1653
30303;1888;1513;1867;1461;1644
30343;1875;1506;1867;1474;1631
30383;1865;1487;1867;1477;1610
30413;1856;1486;1867;1473;1630
30453;1848;1475;1868;1472;1640
30493;1841;1473;1868;1469;1641
30533;1832;1472;1867;1474;1640
30563;1826;1462;1867;1485;1616
30603;1812;1453;1867;1527;1616
30643;1799;1404;1866;1560;1623
30683;1788;1415;1866;1561;1634
30713;1778;1416;1866;1573;1631
30753;1776;1410;1867;1564;1631
30793;1768;1404;1867;1570;1633
30833;1749;1391;1867;1580;1627
30863;1739;1381;1867;1577;1634
30903;1730;1375;1866;1568;1628
30943;1703;1368;1866;1568;1639
30983;1663;1362;1866;1576;1638
31013;1631;1352;1867;1563;1643
31053;1596;1321;1867;1565;1652
31093;1558;1327;1867;1560;1652
31133;1543;1330;1867;1560;1656
31173;1498;1325;1867;1557;1658
31213;1500;1322;1866;1564;1658
31253;1498;1310;1866;1564;1659
31283;1496;1305;1865;1568;1660
31323;1488;1302;1863;1569;1662
31363;1480;1298;1856;1566;1664
31403;1470;1283;1853;1555;1664
31433;1458;1271;1851;1543;1658
31463;1453;1272;1849;1555;1665
31503;1450;1271;1846;1570;1663
31543;1427;1268;1843;1568;1671
31583;1422;1266;1840;1555;1674
31613;1414;1266;1835;1547;1669
31653;1409;1260;1834;1553;1672
31693;1397;1254;1833;1559;1672
31733;1378;1249;1834;1560;1678
31763;1373;1245;1832;1555;1682
31803;1364;1242;1828;1553;1691
31843;1348;1237;1825;1556;1686
31883;1341;1233;1823;1564;1687
31913;1337;1230;1823;1564;1683
31953;1328;875;1822;1582;1684
31993;1321;1022;1822;1571;1694
32033;1311;1104;1821;1569;1702
32063;1305;1153;1816;1577;1706
32103;1300;1169;1814;1581;1708
32143;1290;1172;1813;1582;1713
32183;1279;1171;1812;1577;1714
32213;1271;1172;1811;1569;1712
32253;1264;1171;1806;1572;1715
32293;1256;1168;1805;1570;1724
32333;1244;1162;1804;1565;1726
32373;1239;1156;1801;1574;1719
32413;1227;1138;1798;1574;1718
32453;1219;1132;1795;1571;1724
32483;1206;1127;1791;1566;1731
32523;1204;1128;1789;1562;1737
32563;1200;1120;1787;1565;1739
32603;1191;1109;1785;1562;1745
32633;1183;1099;1782;1562;1741
32673;1177;1102;1781;1557;1745
32713;1169;1102;1781;1558;1752
32753;1159;1105;1778;1547;1755
32783;1152;1101;1774;1552;1761
32823;1144;1093;1770;1553;1761
32863;1137;1085;1768;1553;1763
32903;1131;1086;1764;1554;1767
32933;1127;1087;1761;1548;1773
32973;1120;1083;1760;1551;1779
33013;1114;1079;1759;1556;1769
33053;1109;1070;1759;1559;1763
33083;1105;1059;1758;1559;1771
33123;1099;1051;1758;1557;1769
33163;1090;1041;1758;1561;1769
33203;1083;1037;1757;1569;1763
33233;1079;1035;1758;1568;1764
33273;1074;1034;1758;1573;1768
33313;1070;1035;1758;1572;1780
33353;1063;1036;1758;1567;1794
33383;1055;1037;1752;1574;1795
33423;1049;1036;1747;1572;1819
33463;1042;1031;1743;1570;1828
33503;1036;1028;1742;1571;1832
33533;1032;1027;1740;1558;1850
33573;1029;1022;1734;1551;1857
33613;1026;1019;1730;1553;1867
33653;1022;1017;1728;1552;1875
33683;1019;1015;1726;1558;1874
33713;1015;1013;1725;1553;1862
33753;1010;1012;1726;1554;1862
33793;1003;1008;1726;1557;1862
33833;999;1005;1726;1551;1866
33863;993;1002;1725;1555;1870
33903;986;1000;1725;1563;1874
33943;982;997;1725;1559;1888
33983;981;992;1725;1558;1897
34013;980;990;1725;1556;1899
34053;978;988;1725;1542;1908
34093;973;987;1725;1545;1906
34133;969;982;1724;1539;1909
34163;965;980;1724;1540;1912
34203;963;978;1723;1536;1914
34243;961;977;1723;1529;1923
34283;959;976;1722;1528;1927
34313;958;976;1721;1522;1929
34353;957;976;1720;1532;1931
34393;956;976;1720;1535;1935
34433;953;976;1720;1530;1938
34463;951;974;1720;1532;1937
34503;949;971;1720;1529;1939
34543;947;969;1720;1537;1940
34583;944;967;1720;1541;1933
34613;942;967;1720;1542;1926
34653;941;967;1720;1546;1920
34693;940;967;1720;1543;1920
34733;940;967;1720;1534;1927
34763;940;967;1719;1531;1934
34803;939;966;1720;1530;1933
34843;938;966;1720;1526;1936
34883;937;965;1720;1524;1936
34913;937;965;1720;1524;1940
34953;936;964;1719;1532;1943
35033;936;963;1719;1533;1940
35063;936;963;1719;1534;1941
35103;934;962;1719;1537;1942
35143;933;962;1719;1540;1941
35183;933;962;1719;1543;1941
35213;933;963;1719;1539;1937
35253;933;963;1719;1540;1938
35293;933;963;1719;1542;1938
35333;933;964;1719;1545;1938
35363;933;964;1718;1547;1942
35403;933;963;1718;1549;1942
35443;933;963;1718;1547;1942
35483;933;963;1718;1542;1943
35513;933;963;1719;1540;1941
35553;933;963;1719;1545;1942
35593;933;963;1719;1548;1942
35633;933;963;1719;1556;1940
35663;933;963;1718;1561;1940
35703;933;963;1718;1563;1938
35743;934;963;1718;1574;1870
35783;934;963;1718;1589;1786
35813;934;963;1719;1600;1764
35853;934;964;1719;1613;1728
35893;935;964;1719;1627;1710
35933;937;964;1719;1636;1697
35963;937;964;1719;1663;1699
36003;940;963;1719;1696;1739
36043;948;963;1719;1747;1778
36083;952;963;1719;1796;1785
36113;956;963;1719;1801;1784
36153;959;964;1720;1816;1774
36193;963;964;1720;1818;1767
36233;967;964;1720;1824;1759
36263;969;964;1720;1828;1753
36303;974;964;1720;1837;1770
36343;978;964;1719;1844;1776
36383;981;964;1719;1859;1773
36413;987;964;1719;1866;1771
36453;991;964;1719;1877;1768
36493;997;964;1720;1875;1762
36533;1003;964;1720;1884;1762
36563;1008;964;1719;1887;1766
36593;1012;964;1719;1888;1760
36603;1015;964;1719;1894;1760
36643;1017;964;1719;1892;1754
36683;1020;964;1719;1879;1754
36713;1026;964;1719;1877;1754
36753;1030;964;1720;1880;1745
36793;1034;964;1720;1882;1746
36833;1042;964;1720;1893;1751
36863;1051;964;1720;1906;1750
36903;1060;964;1719;1907;1752
36943;1064;964;1719;1892;1754
36983;1068;964;1720;1884;1754
37013;1073;964;1720;1878;1756
37053;1079;964;1720;1888;1752
37093;1086;964;1720;1887;1747
37133;1091;964;1720;1883;1748
37163;1098;964;1720;1880;1750
37203;1104;964;1719;1888;1754
37243;1113;964;1720;1887;1749
37283;1119;964;1720;1897;1751
37313;1124;965;1720;1895;1754
37353;1133;965;1720;1887;1759
37393;1139;965;1720;1885;1765
37433;1147;965;1720;1878;1747
37463;1156;965;1719;1881;1761
37503;1161;965;1719;1882;1762
37543;1168;964;1719;1888;1761
37583;1176;963;1719;1886;1762
37613;1182;964;1719;1880;1753
37653;1189;965;1720;1889;1758
37693;1195;965;1720;1899;1761
37733;1202;965;1721;1905;1761
37763;1213;965;1721;1918;1761
37803;1223;965;1721;1925;1765
37843;1229;965;1722;1939;1773
37883;1236;965;1725;1959;1785
37913;1243;965;1730;1967;1777
37953;1249;965;1736;1985;1772
37993;1259;965;1739;1989;1773
38033;1266;966;1743;1985;1775
38063;1274;966;1745;1998;1769
38103;1285;966;1748;2003;1772
38143;1293;967;1751;2007;1780
38183;1302;970;1754;2020;1787
38213;1312;973;1757;2020;1791
38253;1320;977;1761;2015;1786
38293;1327;983;1767;2020;1787
38333;1335;991;1772;2027;1776
38363;1342;997;1777;2029;1782
38403;1353;1005;1779;2033;1781
38443;1360;1012;1782;2039;1781
38483;1369;1016;1785;2038;1775
38523;1383;1026;1787;2051;1773
38563;1394;1033;1793;2054;1775
38603;1406;1031;1796;2050;1776
38633;1412;1037;1799;2060;1775
38673;1423;1049;1802;2072;1772
38713;1432;1057;1803;2075;1771
38753;1441;1069;1805;2075;1773
38783;1453;1076;1806;2083;1774
38823;1459;1083;1808;2077;1780
38863;1465;1091;1810;2071;1784
38903;1478;1098;1811;2081;1784
38943;1485;1107;1813;2080;1784
39013;1499;1113;1816;2078;1772
39053;1512;1132;1818;2079;1765
39083;1519;1144;1819;2091;1768
39123;1563;1153;1820;2094;1767
39163;1567;1163;1821;2090;1776
39203;1596;1170;1823;2098;1777
39233;1632;1177;1826;2100;1778
39273;1663;1191;1829;2102;1783
39313;1701;1169;1829;2100;1790
39353;1724;1180;1830;2097;1789
39383;1737;1204;1830;2105;1788
39423;1750;1217;1832;2116;1793
39463;1759;1221;1833;2118;1803
39503;1765;1232;1835;2125;1802
39533;1770;1237;1838;2125;1795
39573;1787;1246;1840;2123;1800
39613;1794;1253;1842;2120;1805
39653;1799;1262;1843;2120;1811
39683;1808;1271;1843;2115;1820
39723;1820;1286;1844;2122;1821
39763;1831;1292;1844;2111;1817
39803;1834;1308;1844;2113;1824
39833;1849;1307;1845;2106;1817
39873;1860;1322;1845;2108;1822
39913;1871;1321;1846;2105;1817
39953;1880;1339;1846;2108;1819
39983;1888;1347;1846;2111;1824
40023;1895;1361;1846;2109;1830
40063;1902;1359;1847;2112;1828
40103;1918;1376;1846;2114;1835
40133;1928;1389;1845;2114;1833
40173;1934;1396;1845;2122;1830
40213;1949;1405;1846;2119;1831
40253;1957;1417;1846;2119;1840
40283;1965;1406;1846;2128;1844
40323;1977;1391;1846;2130;1840
40363;1985;1415;1848;2137;1839
40403;1994;1429;1851;2137;1841
40433;2001;1439;1854;2143;1840
40473;2005;1449;1858;2145;1839
40513;2012;1460;1862;2155;1841
40553;2017;1467;1864;2157;1839
40583;2039;1471;1866;2158;1844
40623;2092;1477;1867;2148;1844
40663;2123;1461;1868;2145;1845
40703;2142;1480;1868;2145;1842
40733;2156;1491;1869;2134;1844
40773;2168;1497;1870;2136;1845
40813;2179;1502;1871;2137;1845
40853;2188;1511;1871;2129;1846
40883;2197;1512;1871;2125;1848
40923;2208;1518;1871;2115;1842
40963;2217;1523;1871;2115;1841
41003;2228;1528;1872;2114;1842
41033;2233;1545;1872;2121;1839
41073;2240;1558;1873;2123;1837
41113;2246;1565;1873;2124;1841
41153;2253;1572;1873;2122;1840
41183;2258;1577;1874;2124;1843
41223;2265;1586;1874;2132;1843
41263;2272;1592;1875;2132;1842
41303;2277;1594;1875;2135;1842
41333;2285;1594;1875;2136;1844
41373;2292;1598;1875;2138;1841
41413;2299;1605;1877;2136;1843
41453;2304;1605;1877;2136;1843
41483;2306;1602;1877;2140;1844
41523;2312;1611;1878;2136;1850
41563;2318;1619;1878;2136;1845
41603;2325;1623;1878;2140;1845
41633;2331;1623;1878;2139;1844
41673;2338;1625;1878;2142;1841
41713;2340;1631;1881;2141;1835
41753;2342;1636;1883;2160;1835
41783;2345;1640;1884;2166;1833
41823;2351;1642;1885;2164;1832
41863;2356;1643;1889;2166;1831
41903;2362;1642;1892;2159;1835
41933;2366;1643;1895;2165;1837
41973;2368;1647;1897;2160;1843
42013;2369;1651;1898;2164;1846
42053;2368;1654;1898;2165;1842
42083;2368;1653;1898;2165;1844
42123;2370;1654;1899;2164;1848
42163;2372;1652;1899;2168;1847
42203;2376;1653;1899;2167;1844
42233;2381;1657;1899;2170;1843
42263;2384;1660;1899;2175;1840
42303;2386;1664;1900;2182;1837
42343;2394;1669;1901;2180;1839
42383;2404;1677;1901;2186;1834
42423;2403;1681;1902;2187;1833
42463;2401;1684;1903;2190;1832
42503;2402;1685;1904;2186;1835
42533;2402;1684;1904;2179;1839
42573;2404;1684;1905;2181;1835
42613;2406;1684;1905;2184;1837
42653;2409;1683;1905;2194;1831
42683;2410;1682;1902;2187;1830
42723;2411;1682;1900;2191;1825
42763;2411;1683;1900;2191;1826
42803;2412;1682;1899;2192;1830
42833;2413;1680;1899;2194;1828
42873;2413;1678;1899;2196;1830
42913;2413;1676;1899;2204;1830
42953;2413;1680;1900;2211;1829
42983;2416;1681;1901;2210;1836
43023;2420;1687;1902;2206;1838
43063;2421;1689;1902;2207;1838
43103;2422;1690;1902;2210;1838
43133;2422;1691;1902;2205;1838
43173;2422;1691;1903;2203;1842
43213;2422;1691;1903;2202;1841
43253;2423;1691;1903;2204;1841
43283;2423;1691;1903;2210;1840
43323;2422;1692;1903;2210;1840
43363;2422;1693;1903;2213;1841
43403;2422;1680;1903;2208;1838
43433;2423;1651;1903;2210;1837
43473;2423;1643;1903;2211;1839
43513;2423;1639;1904;2212;1841
43553;2423;1647;1904;2205;1843
43583;2423;1642;1904;2201;1846
43623;2423;1647;1904;2203;1847
43663;2422;1649;1904;2210;1847
43703;2422;1649;1905;2206;1849
43733;2422;1648;1905;2203;1848
43773;2422;1645;1905;2203;1850
43813;2423;1643;1905;2203;1850
43853;2423;1643;1905;2204;1852
43883;2423;1642;1905;2207;1854
43913;2423;1645;1905;2205;1854
43953;2423;1649;1905;2201;1854
43993;2423;1649;1905;2203;1857
44033;2422;1650;1905;2202;1856
44063;2423;1648;1905;2201;1855
44103;2423;1645;1905;2201;1857
44133;2423;1647;1905;2202;1856
44183;2423;1648;1905;2205;1855
44213;2422;1650;1905;2203;1855
44253;2422;1652;1905;2200;1857
44293;2422;1653;1905;2200;1856
44333;2422;1654;1905;2193;1854
44363;2422;1654;1905;2190;1855
44403;2422;1656;1905;2194;1855
44443;2423;1656;1905;2195;1854
44483;2423;1656;1905;2190;1855
44513;2423;1657;1905;2194;1855
44553;2423;1655;1905;2189;1854
44593;2423;1655;1905;2183;1857
44633;2423;1652;1905;2182;1858
44673;2423;1652;1905;2181;1859
44713;2423;1652;1905;2176;1857
44753;2423;1649;1905;2182;1859
44783;2423;1646;1905;2182;1860
44823;2423;1649;1905;2182;1860
44863;2423;1653;1905;2180;1859
44903;2423;1654;1905;2183;1860
44933;2423;1653;1905;2182;1861
44973;2423;1648;1905;2185;1862
45013;2423;1637;1905;2190;1864
45053;2423;1631;1905;2182;1864
45083;2423;1626;1905;2187;1865
45113;2423;1629;1905;2192;1862
45153;2422;1629;1905;2195;1864
45193;2422;1631;1904;2195;1862
45233;2423;1634;1905;2165;1885
45263;2426;1638;1905;2138;1890
45303;2427;1637;1906;2127;1895
45343;2428;1653;1905;2126;1906
45383;2428;1675;1905;2128;1922
45423;2427;1686;1905;2123;1927
45463;2427;1691;1905;2123;1926
45503;2427;1694;1905;2121;1926
45533;2427;1696;1905;2124;1925
45563;2427;1696;1905;2131;1925
45603;2427;1697;1905;2129;1925
45643;2427;1697;1905;2129;1927
45683;2427;1697;1905;2130;1926
45723;2427;1698;1906;2131;1922
45763;2427;1698;1905;2132;1921
45803;2427;1698;1905;2130;1921
45833;2427;1698;1905;2131;1921
45873;2427;1698;1905;2134;1925
45913;2426;1698;1906;2133;1925
45953;2426;1698;1906;2133;1923
45983;2426;1699;1906;2135;1924
46023;2427;1699;1905;2133;1924
46063;2427;1699;1905;2131;1923
46103;2427;1699;1905;2133;1922
46133;2427;1699;1905;2132;1922
46163;2427;1699;1905;2133;1923
46203;2427;1699;1905;2133;1922
46243;2426;1699;1905;2134;1921
46283;2426;1699;1905;2132;1922
46323;2426;1699;1905;2133;1915
46363;2426;1699;1906;2133;1917
46403;2426;1699;1906;2130;1923
46433;2426;1699;1905;2133;1925
46473;2426;1699;1905;2134;1922
46513;2426;1699;1906;2135;1924
46553;2426;1699;1906;2133;1921
46583;2426;1699;1906;2133;1921
46623;2426;1699;1906;2133;1923
46663;2426;1699;1906;2133;1922
46703;2426;1699;1906;2136;1921
46733;2426;1699;1905;2134;1922
46773;2426;1699;1906;2134;1922
46813;2426;1699;1905;2132;1921
46853;2426;1699;1905;2132;1922
46883;2427;1699;1906;2131;1923
46923;2427;1699;1906;2130;1923
46963;2427;1699;1906;2130;1921
47003;2427;1699;1906;2128;1922
47033;2427;1699;1906;2130;1924
47073;2427;1698;1906;2130;1921
47113;2426;1698;1906;2129;1922
47153;2426;1699;1906;2129;1924
47183;2426;1699;1905;2126;1922
47223;2426;1699;1905;2126;1923
47263;2426;1699;1905;2126;1922
47303;2425;1699;1905;2128;1921
47333;2425;1699;1905;2128;1922
47373;2426;1699;1905;2130;1924
47413;2426;1699;1905;2129;1924
47453;2426;1699;1905;2128;1923
47473;2426;1699;1905;2126;1924
47483;2426;1699;1905;2127;1923
47523;2426;1699;1905;2128;1926
47563;2426;1699;1905;2127;1923
47603;2426;1700;1905;2125;1924
47633;2426;1700;1905;2129;1925
47673;2426;1699;1905;2127;1924
47713;2426;1699;1905;2127;1926
47753;2426;1699;1905;2128;1924
47783;2426;1699;1906;2126;1924
47823;2426;1699;1906;2124;1924
47863;2426;1699;1906;2123;1924
47893;2426;1699;1906;2125;1925
47933;2426;1699;1906;2108;1935
47973;2426;1699;1906;2106;1939
48013;2426;1699;1906;2124;1898
48053;2426;1699;1905;2141;1874
48083;2426;1700;1905;2159;1853
48123;2426;1698;1906;2174;1840
48163;2426;1677;1905;2192;1831
48203;2426;1664;1905;2199;1829
48233;2425;1654;1905;2202;1828
48273;2426;1660;1905;2202;1830
48313;2426;1666;1905;2203;1832
48353;2425;1668;1905;2204;1830
48383;2425;1670;1905;2202;1830
48423;2425;1671;1906;2203;1829
48463;2425;1671;1906;2203;1830
48503;2425;1672;1906;2197;1829
48533;2425;1672;1905;2201;1831
48563;2426;1672;1906;2201;1831
48603;2426;1671;1906;2197;1829
48643;2426;1671;1906;2197;1831
48683;2426;1670;1906;2196;1834
48723;2426;1668;1906;2195;1833
48763;2426;1667;1906;2197;1833
48803;2426;1667;1906;2196;1833
48833;2425;1667;1906;2195;1835
48873;2425;1668;1906;2198;1835
48913;2425;1668;1906;2194;1835
48953;2425;1669;1905;2191;1834
48983;2425;1670;1905;2189;1835
49013;2425;1670;1905;2191;1836
49053;2425;1671;1905;2191;1835
49093;2425;1672;1906;2191;1833
49133;2425;1672;1905;2195;1833
49173;2425;1671;1905;2192;1833
49213;2425;1672;1905;2191;1835
49253;2425;1673;1905;2199;1832
49283;2425;1673;1905;2195;1832
49323;2425;1674;1906;2193;1834
49363;2425;1674;1906;2194;1832
49403;2425;1674;1906;2134;1873
49433;2425;1674;1906;2124;1896
49463;2425;1645;1906;2117;1916
49503;2425;1672;1906;2108;1940
49543;2426;1674;1906;2104;1948
49583;2426;1680;1906;2100;1953
49623;2425;1683;1905;2094;1964
49663;2426;1684;1904;2089;1966
49703;2424;1686;1903;2086;1974
49733;2423;1686;1902;2088;1979
49773;2422;1685;1902;2084;1982
49813;2415;1684;1902;2083;1984
49853;2410;1683;1902;2076;1984
49883;2408;1678;1902;2066;1984
49913;2406;1675;1902;2054;1991
49953;2406;1674;1901;2053;1997
49993;2406;1671;1902;2054;1989
50033;2403;1668;1901;2055;1989
50073;2398;1662;1901;2049;1989
50113;2394;1660;1901;2054;1985
50153;2391;1656;1902;2050;1984
50183;2391;1654;1903;2050;1985
50223;2391;1652;1903;2050;1984
50263;2383;1651;1903;2039;1985
50303;2380;1649;1903;2039;1984
50333;2376;1643;1903;2040;1987
50373;2372;1638;1903;2040;1980
50413;2366;1634;1902;2039;1988
50453;2360;1631;1902;2039;1986
50483;2353;1627;1902;2037;1987
50523;2349;1622;1902;2035;1987
50563;2344;1617;1903;2033;1984
50603;2338;1619;1903;2035;1982
50643;2329;1611;1904;2032;1977
50703;2323;1602;1903;2032;1983
50743;2317;1602;1904;2033;1987
50783;2315;1600;1903;2033;1988
50823;2308;1593;1903;2037;1991
50863;2301;1588;1902;2038;1992
50903;2294;1582;1902;2034;2004
50933;2289;1577;1902;2036;2002
50973;2284;1573;1902;2030;2013
51013;2276;1564;1902;2031;2012
51023;2273;1558;1902;2032;2015
51063;2263;1539;1902;2026;2011
51103;2255;1541;1902;2025;2010
51163;2248;1532;1903;2022;2019
51203;2240;1532;1903;2023;2018
51233;2232;1524;1902;2026;2011
51273;2223;1517;1903;2023;2009
51313;2218;1514;1903;2014;2015
51353;2205;1508;1903;2008;2002
51383;2199;1504;1903;2012;2007
51423;2193;1476;1903;2017;2002
51463;2187;1482;1903;2016;2008
51503;2185;1482;1903;2008;2017
51533;2179;1478;1903;2011;2018
51563;2173;1476;1904;2009;2011
51603;2161;1471;1904;2009;2012
51643;2153;1462;1904;2018;2005
51683;2143;1454;1904;2009;2011
51713;2077;1447;1904;2010;2006
51753;2040;1435;1903;2008;2008
51793;2017;1418;1903;2015;2003
51833;2000;1415;1903;2021;1999
51873;1986;1410;1903;2025;1998
51913;1976;1407;1903;2017;2005
51953;1968;1405;1903;2015;2009
51983;1962;1405;1903;2010;2003
52023;1944;1402;1903;2011;2007
52063;1939;1390;1904;2007;2003
52103;1930;1378;1903;2006;2013
52133;1924;1372;1903;2009;2010
52163;1921;1374;1904;2011;2006
52203;1911;1369;1904;2004;2003
52243;1903;1364;1904;2016;2009
52283;1895;1346;1904;2018;2004
52323;1879;1342;1904;2019;2005
52363;1870;1331;1904;2009;1997
52403;1859;1329;1904;2016;1993
52433;1848;1315;1904;2010;1994
52473;1840;1308;1904;2008;1998
52513;1830;1305;1903;2009;1996
52553;1824;1302;1903;2003;2001
52583;1814;1299;1903;1999;2005
52623;1807;1298;1903;1995;2008
52663;1796;1295;1905;1991;2008
52703;1783;1287;1905;1991;2007
52733;1770;1273;1904;1997;2007
52773;1766;1267;1903;2002;2002
52813;1764;1261;1903;2007;1993
52853;1746;1257;1902;2004;1994
52883;1735;1249;1902;2008;1994
52923;1718;1245;1901;2004;1994
52963;1707;1239;1900;2009;1995
53003;1667;1236;1896;2009;1993
53033;1624;1234;1891;2008;1997
53073;1601;1233;1888;2008;1998
53113;1563;1223;1886;2008;2003
53153;1543;1184;1884;2005;2000
53183;1534;1110;1882;1999;2008
53223;1518;1113;1880;1997;2006
53263;1511;1137;1879;2001;2008
53303;1504;1165;1877;1993;2013
53333;1493;1186;1875;1997;2013
53373;1487;1194;1871;1990;2016
53413;1477;1197;1865;1989;2020
53453;1463;1191;1861;1992;2015
53483;1455;1189;1858;1989;2015
53523;1452;1185;1855;1983;2024
53563;1441;1183;1852;1977;2026
53603;1429;1178;1851;1977;2024
53633;1413;1177;1849;1975;2032
53673;1409;1177;1846;1973;2038
53713;1403;1172;1843;1981;2033
53753;1385;1164;1842;1989;2037
53783;1377;1159;1841;1987;2039
53813;1374;1156;1839;1983;2048
53853;1360;1153;1836;1969;2056
53893;1342;1147;1835;1968;2066
53933;1338;1136;1834;1975;2049
53973;1331;1130;1834;1978;2051
54013;1325;1129;1834;1983;2042
54053;1314;1125;1833;1977;2061
54083;1307;1120;1834;1976;2059
54123;1300;1098;1833;1982;2046
54163;1290;1103;1833;1991;2045
54203;1279;1106;1833;1991;2046
54233;1270;1106;1833;1992;2058
54273;1263;1104;1832;1988;2069
54313;1255;1098;1827;1982;2088
54353;1244;1086;1823;1985;2092
54383;1238;1090;1822;1989;2087
54423;1234;1087;1820;1992;2090
54463;1221;1085;1818;1989;2092
54503;1211;1083;1815;1993;2097
54533;1203;1081;1813;1996;2099
54573;1199;1075;1813;1997;2097
54613;1194;1063;1809;2010;2094
54653;1186;1057;1808;2006;2090
54683;1179;1052;1808;2008;2093
54723;1171;1048;1808;1998;2105
54763;1165;1045;1806;2004;2103
54803;1155;1039;1801;2002;2108
54833;1148;1040;1795;2008;2110
54873;1139;1041;1791;2001;2110
54913;1135;1041;1788;1999;2116
54953;1129;1042;1784;1998;2117
54983;1123;1040;1781;2002;2122
55023;1117;1041;1780;2000;2121
55063;1113;1041;1780;1996;2124
55103;1108;1041;1775;1990;2126
55133;1102;1040;1771;1982;2132
55173;1093;1038;1767;1978;2132
55213;1086;1032;1765;1982;2138
55253;1080;1022;1761;1978;2146
55283;1077;1020;1758;1974;2154
55323;1073;1020;1755;1971;2155
55363;1069;1020;1753;1973;2159
55403;1061;1018;1751;1970;2160
55433;1053;1016;1748;1968;2168
55463;1049;1015;1746;1960;2172
55503;1043;1013;1744;1958;2178
55543;1036;1009;1744;1961;2179
55583;1032;1003;1743;1964;2171
55623;1028;995;1743;1964;2176
55663;1025;991;1743;1943;2187
55703;1021;989;1736;1933;2196
55733;1019;987;1730;1927;2201
55773;1016;985;1726;1926;2205
55813;1010;981;1723;1923;2208
55853;1005;979;1723;1917;2220
55883;1000;979;1722;1909;2224
55923;998;979;1721;1907;2233
55953;992;978;1719;1908;2236
55993;986;977;1716;1909;2243
56033;983;975;1712;1905;2246
56073;981;971;1709;1902;2251
56113;980;969;1708;1898;2257
56153;978;968;1706;1892;2265
56183;977;968;1704;1890;2268
56223;973;968;1701;1889;2274
56263;970;966;1700;1893;2275
56303;967;966;1699;1889;2279
56333;964;965;1699;1888;2283
56373;962;964;1698;1881;2287
56413;960;964;1697;1872;2289
56453;959;961;1696;1870;2293
56483;958;959;1696;1869;2291
56523;955;956;1696;1867;2295
56563;952;954;1696;1868;2301
56603;950;952;1695;1870;2298
56633;948;951;1696;1870;2303
56673;946;950;1696;1870;2306
56713;945;949;1695;1869;2309
56753;943;949;1695;1868;2313
56783;942;949;1696;1877;2274
56823;942;949;1696;1864;2297
56863;940;949;1696;1855;2317
56903;938;949;1696;1852;2323
56933;938;949;1695;1851;2323
56973;937;949;1694;1851;2325
57013;937;949;1693;1840;2324
57053;937;949;1692;1844;2322
57083;938;949;1692;1847;2316
57123;938;949;1692;1850;2316
57163;938;949;1692;1849;2317
57203;938;949;1692;1855;2312
57233;938;949;1692;1863;2308
57273;938;949;1691;1866;2309
57313;938;949;1691;1866;2312
57353;938;949;1691;1866;2315
57383;938;949;1691;1865;2316
57423;938;949;1691;1867;2312
57463;938;949;1691;1883;2305
57503;938;949;1692;1891;2302
57533;938;949;1692;1883;2309
57573;938;949;1692;1878;2311
57613;938;949;1692;1893;2304
57653;937;949;1691;1898;2304
57683;938;949;1692;1902;2299
57723;938;949;1692;1926;2279
57763;938;949;1692;1950;2246
57803;938;949;1692;1957;2202
57833;938;949;1691;1952;2197
57873;938;949;1691;1940;2183
57913;938;949;1691;1934;2151
57953;937;949;1691;1954;2126
57983;938;949;1692;1971;2093
58023;943;949;1692;1980;2061
58063;948;949;1692;1962;2047
58103;954;949;1692;1948;2059
58133;959;949;1692;1948;2034
58173;964;949;1692;1965;2020
58213;968;949;1692;1977;1989
58253;974;949;1691;1979;1985
58283;977;949;1692;1973;1980
58323;980;949;1692;1968;1973
58363;984;949;1692;1969;1965
58403;989;949;1692;1975;1957
58433;991;949;1691;1987;1951
58473;997;949;1692;1987;1960
58513;1003;949;1692;1988;1950
58553;1009;949;1691;1979;1950
58583;1015;949;1692;1976;1945
58613;1016;949;1692;1985;1949
58653;1021;949;1692;1988;1941
58693;1026;948;1691;2000;1934
58733;1029;948;1691;2003;1931
58773;1033;949;1691;2005;1931
58813;1042;948;1691;2008;1949
58853;1053;949;1692;2019;1949
58923;1061;949;1692;2043;1932
58963;1069;949;1692;2051;1931
59003;1074;949;1692;2051;1924
59033;1080;949;1691;2066;1927
59073;1085;949;1691;2057;1920
59113;1089;949;1691;2066;1914
59153;1098;949;1691;2072;1908
59183;1103;949;1692;2072;1904
59223;1113;949;1698;2076;1906
59263;1118;950;1702;2082;1898
59303;1124;950;1710;2083;1901
59333;1132;950;1714;2086;1899
59373;1138;949;1717;2086;1899
59413;1144;949;1720;2090;1895
59453;1154;949;1721;2096;1890
59483;1161;949;1722;2090;1889
59523;1169;950;1722;2088;1893
59553;1173;949;1722;2090;1898
59593;1181;950;1722;2089;1894
59633;1189;950;1723;2094;1893
59673;1196;950;1726;2097;1895
59713;1204;950;1729;2102;1901
59753;1215;950;1732;2102;1903
59783;1224;950;1735;2103;1896
59823;1230;950;1737;2108;1902
59863;1237;949;1738;2105;1906
59903;1243;949;1740;2110;1904
59933;1248;949;1741;2115;1907
59973;1258;949;1742;2121;1908
60013;1264;949;1744;2121;1908
60043;1273;949;1746;2120;1896
60083;1283;949;1748;2123;1895
60123;1292;949;1752;2130;1893
60163;1300;949;1755;2126;1899
60203;1311;949;1759;2126;1892
60233;1320;949;1761;2132;1900
60273;1327;949;1764;2140;1895
60313;1334;949;1771;2149;1889
60353;1343;949;1772;2148;1881
60383;1352;950;1777;2150;1880
60423;1358;949;1784;2160;1877
60463;1367;956;1791;2164;1879
60503;1377;961;1797;2168;1872
60533;1390;965;1801;2171;1878
60573;1399;971;1803;2169;1888
60613;1409;981;1805;2161;1909
60653;1419;993;1806;2146;1930
60683;1426;1003;1807;2149;1929
60723;1436;1011;1808;2156;1921
60763;1443;1021;1807;2160;1922
60803;1453;1031;1807;2161;1920
60833;1462;1029;1806;2165;1928
60873;1470;1037;1806;2147;1942
60913;1480;1051;1806;2154;1932
60953;1486;1067;1807;2155;1927
60983;1498;1075;1807;2153;1921
61023;1506;1080;1807;2160;1918
61063;1519;1080;1808;2163;1913
61103;1576;1093;1809;2165;1920
61133;1573;1100;1810;2165;1919
61173;1582;1110;1811;2173;1919
61213;1608;1116;1812;2178;1916
61253;1640;1127;1814;2179;1926
61283;1685;1139;1815;2179;1924
61323;1709;1148;1816;2184;1925
61363;1726;1160;1817;2174;1930
61403;1740;1164;1818;2176;1936
61433;1753;1174;1818;2184;1933
61463;1760;1184;1818;2186;1931
61503;1769;1195;1819;2197;1921
61543;1776;1162;1821;2196;1922
61583;1791;1184;1822;2193;1921
61623;1794;1207;1822;2189;1928
61663;1805;1221;1823;2187;1941
61703;1821;1232;1823;2186;1941
61733;1829;1238;1823;2189;1943
61773;1837;1245;1823;2184;1948
61813;1847;1251;1824;2190;1946
61853;1857;1253;1825;2186;1945
61883;1867;1261;1827;2189;1945
61923;1878;1280;1829;2179;1954
61963;1888;1287;1830;2168;1969
62003;1897;1305;1831;2170;1982
62033;1901;1303;1831;2173;1986
62073;1918;1318;1830;2175;1991
62113;1929;1209;1830;2197;1989
62153;1935;1281;1831;2189;1987
62183;1944;1320;1833;2200;1978
62213;1954;1338;1834;2201;1977
62253;1963;1356;1833;2210;1983
62293;1974;1361;1832;2205;1981
62333;1983;1368;1832;2211;1980
62373;1992;1382;1832;2218;1973
62413;2000;1393;1834;2225;1967
62453;2004;1398;1836;2231;1964
62483;2010;1401;1839;2240;1962
62523;2017;1410;1841;2235;1964
62563;2025;1417;1843;2237;1970
62603;2084;1402;1845;2236;1962
62633;2119;1386;1845;2237;1973
62673;2139;1410;1846;2247;1964
62713;2155;1426;1847;2248;1971
62753;2168;1436;1849;2252;1962
62783;2178;1446;1851;2251;1963
62823;2186;1455;1854;2247;1973
62863;2193;1465;1855;2245;1975
62903;2205;1471;1858;2254;1975
62933;2216;1477;1860;2261;1977
62973;2225;1476;1862;2264;1973
63013;2234;1470;1863;2271;1971
63053;2241;1484;1864;2267;1980
63083;2246;1493;1865;2268;1980
63123;2253;1499;1866;2269;1979
63163;2255;1498;1867;2274;1976
63203;2264;1503;1869;2288;1972
63233;2270;1512;1870;2291;1970
63273;2275;1518;1871;2293;1975
63313;2285;1521;1872;2294;1971
63353;2294;1517;1873;2302;1962
63383;2300;1525;1875;2303;1961
63423;2302;1529;1875;2296;1966
63463;2307;1519;1876;2297;1960
63503;2314;1531;1878;2298;1964
63533;2319;1542;1878;2305;1957
63573;2327;1552;1880;2303;1954
63613;2334;1562;1882;2301;1964
63653;2337;1567;1883;2298;1952
63683;2339;1570;1884;2306;1946
63723;2343;1571;1885;2301;1948
63763;2348;1574;1885;2302;1946
63803;2354;1578;1886;2300;1944
63833;2358;1581;1886;2299;1946
63873;2360;1584;1888;2294;1948
63913;2361;1587;1889;2294;1949
63953;2361;1588;1889;2296;1948
63983;2362;1589;1890;2296;1948
64023;2363;1591;1890;2292;1951
64063;2365;1593;1891;2296;1948
64103;2369;1594;1893;2298;1941
64133;2371;1595;1895;2304;1940
64173;2376;1597;1897;2311;1936
64213;2381;1597;1900;2311;1938
64253;2385;1598;1902;2311;1936
64283;2387;1599;1902;2312;1936
64323;2392;1600;1901;2315;1937
64363;2410;1599;1901;2310;1939
64403;2414;1593;1901;2311;1934
64433;2408;1592;1901;2316;1928
64473;2405;1593;1902;2319;1929
64513;2406;1594;1903;2318;1933
64553;2406;1596;1904;2323;1931
64583;2406;1598;1905;2322;1926
64623;2407;1599;1905;2326;1926
64663;2409;1600;1905;2324;1923
64703;2410;1603;1906;2324;1922
64733;2411;1604;1906;2328;1922
64773;2413;1604;1906;2330;1928
64813;2415;1607;1906;2329;1929
64853;2417;1608;1906;2331;1929
64883;2418;1610;1906;2329;1928
64923;2417;1612;1907;2329;1928
64963;2416;1615;1907;2325;1931
65003;2420;1617;1907;2327;1933
65033;2421;1618;1907;2330;1932
65073;2422;1619;1908;2328;1939
65113;2421;1619;1908;2325;1942
65153;2422;1619;1908;2325;1943
65183;2423;1619;1908;2327;1941
65223;2424;1617;1909;2328;1938
65263;2424;1615;1909;2331;1933
65303;2425;1613;1909;2328;1930
65333;2425;1611;1909;2333;1931
65373;2425;1608;1908;2330;1933
65413;2424;1606;1908;2326;1935
65453;2424;1604;1907;2327;1931
65483;2424;1603;1907;2326;1930
65523;2424;1602;1907;2327;1932
27;2424;1601;1907;2328;1934
67;2424;1603;1907;2325;1932
97;2424;1604;1907;2329;1930
137;2423;1604;1907;2328;1930
177;2423;1604;1908;2330;1930
217;2424;1604;1908;2332;1925
247;2424;1605;1909;2331;1923
287;2424;1605;1909;2334;1925
327;2425;1605;1909;2329;1924
367;2425;1606;1909;2331;1925
397;2425;1606;1908;2334;1928
437;2425;1606;1908;2335;1927
477;2425;1606;1909;2337;1928
517;2425;1606;1909;2335;1932
547;2425;1606;1908;2335;1933
587;2425;1607;1908;2336;1932
627;2425;1607;1908;2335;1935
667;2425;1608;1908;2337;1934
697;2425;1608;1908;2338;1935
737;2425;1608;1908;2336;1935
777;2425;1608;1908;2338;1938
817;2425;1608;1908;2335;1938
847;2424;1608;1909;2332;1935
887;2424;1609;1909;2334;1935
927;2425;1609;1909;2335;1935
967;2425;1609;1909;2332;1939
997;2425;1609;1909;2333;1940
1037;2425;1609;1909;2335;1943
1077;2425;1609;1909;2335;1940
1117;2425;1609;1909;2335;1940
1147;2425;1609;1909;2333;1940
1187;2424;1610;1909;2331;1939
1227;2424;1610;1909;2330;1938
1267;2424;1610;1909;2330;1941
1297;2424;1610;1909;2333;1942
1337;2424;1611;1908;2330;1942
1377;2424;1611;1908;2331;1941
1417;2424;1611;1909;2330;1939
1447;2424;1611;1909;2328;1938
1487;2424;1611;1909;2327;1939
1527;2424;1610;1908;2327;1934
1567;2424;1610;1908;2332;1933
1597;2425;1610;1908;2330;1931
1637;2425;1610;1908;2332;1938
1677;2425;1605;1908;2313;1949
1717;2425;1602;1909;2306;1977
1747;2425;1600;1909;2290;1977
1787;2427;1604;1909;2285;1945
1827;2429;1611;1909;2278;1894
1867;2427;1615;1909;2207;1866
1897;2429;1618;1909;2082;1741
1937;2428;1616;1909;2037;1689
1977;2428;1614;1909;1936;1643
2017;2428;1614;1909;1923;1628
2047;2428;1615;1909;1929;1608
2087;2427;1615;1909;1866;1589
2127;2428;1616;1909;1897;1591
2167;2428;1616;1909;1899;1590
2197;2428;1616;1909;1898;1586
2237;2428;1617;1910;1908;1584
2277;2428;1617;1909;1918;1584
2317;2429;1617;1909;1919;1570
2347;2428;1617;1908;1911;1573
2387;2428;1617;1909;1906;1581
2427;2429;1617;1909;1908;1588
2467;2429;1617;1909;1925;1593
2497;2429;1617;1909;1936;1590
2537;2429;1617;1909;1945;1602
2577;2429;1617;1909;1949;1590
2617;2429;1617;1909;1947;1592
2647;2429;1617;1909;1946;1595
2677;2429;1617;1909;1944;1594
2717;2430;1617;1909;1948;1608
2757;2429;1617;1909;1956;1614
2797;2429;1617;1909;1955;1614
2837;2428;1617;1909;1950;1619
2877;2429;1617;1909;1953;1626
2917;2429;1617;1909;1950;1624
2947;2429;1617;1909;1946;1620
2987;2429;1617;1909;1944;1619
3027;2429;1617;1909;1944;1624
3067;2428;1617;1909;1942;1617
3097;2428;1617;1909;1944;1617
3137;2429;1617;1909;1944;1618
3177;2429;1617;1909;1941;1612
3217;2429;1617;1909;1950;1613
3247;2429;1617;1909;1951;1614
3287;2429;1617;1909;1945;1615
3327;2429;1617;1909;1945;1615
3367;2429;1617;1909;1947;1617
3397;2429;1617;1909;1946;1611
3437;2429;1617;1909;1953;1616
3477;2429;1617;1909;1955;1613
3517;2429;1617;1910;1959;1612
3547;2429;1617;1910;1956;1610
3587;2429;1617;1910;1952;1610
3627;2429;1617;1909;1953;1610
3667;2429;1617;1909;1958;1603
3697;2429;1617;1909;1954;1600
3737;2429;1617;1909;1957;1594
3777;2429;1617;1909;1953;1590
3817;2429;1617;1909;1954;1595
3847;2429;1617;1909;1952;1598
3887;2429;1617;1909;1949;1596
3927;2428;1617;1909;1944;1592
3967;2429;1617;1909;1944;1588
3997;2429;1617;1909;1950;1586
4027;2429;1617;1909;1954;1586
4067;2429;1617;1909;1959;1584
4107;2429;1617;1909;1958;1588
4147;2429;1617;1909;1958;1584
4187;2429;1617;1909;1956;1586
4227;2429;1617;1909;1957;1586
4267;2429;1617;1909;1962;1584
4297;2429;1617;1909;1963;1581
4337;2429;1617;1909;1963;1584
4377;2429;1618;1909;1964;1584
4417;2429;1618;1909;1961;1588
4447;2429;1618;1909;1958;1589
4487;2429;1617;1909;1968;1585
4527;2429;1617;1909;2000;1540
4567;2429;1617;1908;2004;1533
4597;2429;1617;1910;2008;1533
4637;2429;1617;1914;2010;1531
4677;2429;1618;1919;2012;1523
4717;2427;1619;1922;2021;1531
4747;2426;1619;1923;2019;1541
4787;2426;1619;1923;2014;1532
4827;2426;1619;1924;2013;1542
4867;2425;1620;1924;2015;1538
4907;2425;1620;1924;2017;1537
4937;2426;1620;1925;2015;1526
4977;2426;1620;1925;2013;1530
5017;2426;1620;1925;2009;1539
5047;2426;1620;1925;2011;1538
5087;2426;1620;1925;2013;1533
5127;2426;1620;1925;2017;1533
5167;2426;1620;1925;2014;1541
5197;2426;1620;1925;2012;1547
5237;2426;1620;1925;2016;1554
5267;2426;1620;1925;2020;1548
5307;2426;1620;1925;2014;1551
5347;2426;1620;1925;2012;1554
5387;2426;1620;1925;2012;1562
5427;2426;1620;1925;2010;1560
5467;2426;1620;1925;2012;1555
5497;2426;1620;1926;2008;1551
5537;2426;1620;1926;2008;1544
5577;2425;1620;1926;2007;1542
5617;2426;1620;1926;2013;1538
5647;2426;1620;1926;2011;1536
5687;2426;1620;1925;2002;1528
5727;2426;1620;1925;2007;1529
5767;2426;1620;1926;2008;1529
5797;2426;1620;1926;1972;1562
5837;2426;1620;1926;1942;1594
5877;2426;1617;1926;1915;1610
5917;2426;1610;1926;1910;1615
5917;2426;1606;1926;1910;1615
5947;2426;1601;1926;1906;1623
5987;2426;1597;1926;1903;1632
6017;2426;1599;1926;1906;1642
6027;2426;1600;1926;1908;1648
6067;2425;1602;1926;1903;1661
6087;2424;1602;1926;1904;1670
6097;2425;1602;1926;1902;1669
6137;2428;1601;1926;1903;1673
6177;2429;1600;1926;1902;1680
6217;2429;1599;1926;1911;1685
6247;2430;1597;1926;1915;1693
6287;2429;1595;1926;1915;1698
6317;2428;1592;1926;1910;1702
6327;2428;1590;1926;1912;1702
6367;2426;1586;1926;1915;1704
6397;2420;1584;1925;1911;1704
6437;2414;1584;1925;1912;1707
6477;2412;1579;1925;1915;1712
6517;2408;1577;1925;1911;1715
6547;2402;1575;1925;1908;1717
6587;2396;1573;1925;1905;1722
6627;2394;1569;1925;1901;1724
6667;2393;1561;1926;1900;1727
6697;2392;1534;1926;1903;1727
6737;2385;1533;1926;1899;1729
6777;2380;1539;1926;1897;1739
6817;2378;1535;1926;1899;1742
6847;2372;1530;1926;1904;1747
6887;2363;1524;1926;1903;1751
6927;2355;1528;1926;1906;1751
6967;2351;1526;1926;1898;1753
6997;2349;1522;1926;1889;1767
7037;2344;1515;1926;1892;1771
7077;2339;1513;1926;1891;1783
7117;2331;1512;1927;1887;1791
7147;2325;1510;1927;1887;1799
7187;2320;1507;1927;1886;1800
7227;2317;1490;1926;1888;1798
7267;2313;1474;1926;1886;1791
7297;2305;1467;1927;1882;1794
7337;2299;1479;1927;1881;1803
7387;2291;1480;1927;1885;1812
7427;2286;1477;1927;1889;1804
7487;2278;1474;1927;1887;1805
7527;2270;1468;1927;1891;1811
7567;2260;1461;1927;1891;1824
7597;2255;1454;1927;1893;1825
7637;2247;1448;1927;1893;1824
7677;2238;1440;1927;1896;1823
7717;2231;1391;1927;1898;1821
7747;2225;1400;1926;1894;1813
7787;2215;1412;1926;1890;1809
7827;2205;1414;1928;1895;1815
7867;2195;1409;1927;1894;1820
7897;2189;1406;1927;1890;1822
7937;2186;1403;1927;1897;1831
7977;2180;1392;1927;1895;1833
8017;2165;1377;1927;1898;1832
8047;2157;1376;1927;1900;1832
8087;2154;1374;1927;1898;1836
8127;2144;1365;1927;1902;1833
8167;2075;1362;1927;1901;1834
8197;2038;1354;1927;1905;1832
8227;2017;1307;1926;1900;1840
8267;2000;1322;1927;1907;1838
8307;1991;1323;1927;1910;1835
8347;1980;1321;1927;1905;1835
8387;1972;1319;1926;1908;1841
8427;1965;1308;1926;1912;1845
8467;1955;1306;1926;1909;1847
8497;1942;1303;1927;1907;1846
8537;1932;1277;1927;1904;1846
8577;1930;1269;1927;1909;1850
8617;1924;1266;1928;1908;1853
8647;1913;1263;1927;1911;1860
8687;1904;1261;1926;1913;1860
8727;1897;1260;1926;1914;1865
8767;1888;1249;1926;1924;1869
8797;1873;1247;1926;1917;1864
8837;1866;1243;1927;1908;1862
8877;1858;1234;1927;1909;1860
8917;1846;1234;1927;1917;1858
8947;1839;1233;1926;1914;1866
8987;1828;1225;1926;1918;1865
9027;1825;1138;1926;1918;1865
9067;1814;1129;1926;1918;1867
9097;1799;1154;1926;1915;1866
9127;1792;1178;1926;1912;1863
9167;1779;1185;1924;1914;1864
9207;1773;1186;1918;1917;1867
9247;1770;1184;1912;1912;1870
9327;1742;1181;1910;1910;1872
9367;1734;1177;1907;1911;1876
9397;1725;1175;1905;1905;1869
9437;1669;1173;1902;1906;1876
9477;1646;1167;1904;1903;1875
9517;1621;1162;1905;1905;1883
9557;1580;1159;1902;1901;1885
9627;1553;1156;1894;1900;1893
9667;1524;1153;1890;1904;1895
9697;1512;1152;1887;1903;1899
9737;1508;1148;1885;1897;1904
9777;1500;1143;1882;1899;1900
9817;1490;1129;1881;1894;1903
9847;1482;1125;1877;1890;1914
9887;1470;1126;1875;1889;1911
9927;1456;1127;1873;1890;1910
9967;1451;1128;1869;1891;1914
9997;1449;1127;1865;1890;1918
10027;1440;1123;1860;1894;1922
10067;1422;1123;1857;1895;1921
10107;1419;1115;1855;1898;1921
10147;1411;1107;1853;1896;1931
10187;1405;1107;1851;1896;1934
10227;1387;1105;1848;1897;1933
10267;1377;1104;1846;1898;1935
10297;1374;1105;1844;1896;1940
10337;1356;1100;1841;1895;1942
10377;1341;1092;1838;1897;1938
10417;1337;1085;1835;1899;1943
10447;1333;1089;1833;1900;1955
10487;1323;1091;1832;1900;1957
10527;1313;1088;1829;1901;1959
10567;1306;1086;1825;1904;1969
10597;1302;1084;1823;1899;1959
10637;1292;1083;1822;1900;1962
10677;1281;1082;1819;1897;1959
10717;1271;1079;1815;1895;1962
10747;1265;1071;1813;1899;1964
10787;1255;1065;1808;1894;1979
10827;1250;1059;1805;1898;1980
10867;1240;1060;1803;1901;1982
10897;1235;1055;1801;1899;1988
10937;1224;1053;1797;1898;1994
10977;1213;1051;1793;1898;2003
11017;1204;1046;1789;1900;2018
11047;1200;1041;1785;1901;2019
11087;1193;1040;1781;1903;2019
11127;1186;1041;1779;1899;2020
11157;1179;1040;1779;1900;2029
11197;1173;1040;1777;1898;2037
11237;1166;1040;1772;1900;2031
11277;1157;1039;1768;1898;2035
11317;1149;1035;1766;1900;2039
11347;1141;1031;1763;1901;2050
11387;1135;1026;1759;1900;2063
11427;1130;1022;1756;1900;2066
11467;1124;1020;1753;1898;2067
11497;1118;1019;1751;1895;2065
11537;1113;1020;1748;1895;2067
11577;1108;1018;1745;1897;2068
11617;1104;1016;1743;1897;2074
11647;1100;1014;1741;1899;2080
11677;1091;1012;1739;1896;2083
11717;1085;1009;1734;1897;2088
11757;1080;1006;1730;1898;2092
11797;1074;1004;1726;1896;2099
11827;1071;1002;1723;1891;2110
11867;1067;999;1722;1887;2111
11907;1059;995;1722;1881;2116
11947;1052;991;1721;1876;2124
11987;1045;989;1719;1876;2130
12027;1038;987;1714;1879;2131
12067;1034;985;1710;1872;2136
12097;1030;982;1708;1862;2138
12137;1027;980;1706;1857;2140
12177;1024;978;1704;1857;2144
12217;1020;977;1701;1858;2147
12247;1017;976;1699;1858;2153
12287;1012;973;1697;1855;2162
12327;1007;971;1693;1843;2173
12367;1001;970;1691;1848;2177
12397;998;967;1691;1849;2183
12437;993;966;1689;1847;2195
12477;986;966;1687;1848;2197
12517;983;964;1686;1857;2194
12547;981;960;1685;1850;2208
12617;980;955;1684;1848;2218
12657;978;951;1682;1848;2222
12697;976;950;1682;1849;2226
12737;971;949;1682;1858;2233
12777;968;946;1681;1848;2238
12847;965;943;1679;1852;2242
12887;963;939;1678;1859;2245
12927;960;936;1677;1858;2248
12967;958;936;1677;1848;2255
12997;957;936;1677;1841;2255
13037;956;936;1677;1843;2258
13077;954;936;1677;1847;2253
13117;953;935;1676;1847;2253
13147;951;934;1675;1841;2260
13187;950;934;1675;1835;2264
13227;949;934;1674;1840;2266
13267;947;931;1674;1847;2263
13297;946;929;1674;1845;2262
13337;942;928;1674;1837;2268
13377;940;927;1674;1832;2273
13417;939;926;1674;1834;2269
13447;938;926;1673;1841;2267
13487;938;926;1673;1840;2267
13527;938;926;1673;1840;2266
13567;938;926;1673;1836;2265
13597;938;926;1673;1837;2263
13637;937;926;1673;1840;2262
13677;937;926;1673;1840;2263
13717;937;926;1673;1836;2262
13757;938;926;1673;1835;2262
13787;937;926;1673;1838;2263
13827;937;926;1672;1841;2261
13867;938;926;1672;1844;2259
13897;938;926;1672;1842;2257
13937;938;926;1673;1841;2259
13977;937;926;1673;1842;2257
14017;937;926;1673;1845;2259
14057;938;926;1673;1845;2256
14137;938;926;1672;1839;2258
14177;938;926;1672;1857;2233
14297;938;926;1672;1892;2137
14337;939;926;1672;1901;2106
14377;939;926;1673;1910;2075
14417;939;926;1673;1926;2037
14457;942;926;1673;1944;2020
14497;948;926;1673;1949;2007
14527;951;926;1673;1954;1995
14567;953;926;1673;1956;1981
14607;953;926;1673;1959;1965
14647;954;926;1673;1963;1953
14677;957;926;1673;1965;1948
14717;962;926;1672;1966;1945
14757;966;926;1673;1966;1941
14797;970;926;1673;1970;1936
14827;974;926;1673;1974;1931
14867;977;926;1673;1976;1933
14907;983;926;1673;1976;1934
14947;988;926;1673;1977;1932
14977;992;926;1673;1976;1925
15027;1000;926;1674;1984;1915
15067;1007;926;1674;1990;1917
15107;1014;926;1674;1988;1909
15137;1016;927;1674;1984;1908
15177;1021;927;1674;1981;1902
15217;1026;927;1674;1982;1903
15247;1030;927;1674;1987;1902
15287;1033;927;1675;1993;1908
15327;1040;926;1675;1995;1887
15367;1050;926;1675;1993;1902
15397;1059;926;1675;2001;1897
15437;1062;926;1675;2005;1898
15477;1066;926;1675;2005;1897
15527;1072;926;1675;2004;1896
15567;1081;926;1675;2007;1887
15617;1086;927;1675;2003;1886
15657;1093;927;1675;2005;1884
15697;1100;927;1675;2009;1880
15737;1107;927;1675;2009;1876
15777;1115;927;1676;2008;1880
15817;1120;927;1677;2010;1874
15847;1131;927;1678;2011;1873
15887;1137;927;1682;2009;1858
15927;1142;927;1685;2009;1861
15967;1151;927;1688;2007;1857
15997;1158;927;1690;2005;1855
16037;1163;927;1693;2009;1853
16077;1170;927;1698;2008;1849
16117;1179;927;1702;2009;1847
16157;1187;927;1704;2008;1847
16187;1193;927;1707;2012;1843
16227;1197;927;1713;2012;1842
16267;1208;927;1717;2020;1843
16307;1220;927;1720;2013;1836
16337;1227;927;1720;2018;1837
16377;1234;927;1721;2011;1825
16417;1242;927;1722;2023;1830
16447;1248;927;1725;2024;1830
16487;1258;927;1731;2027;1832
16527;1266;927;1735;2026;1820
16567;1275;927;1738;2028;1823
16597;1282;927;1740;2025;1829
16637;1290;927;1743;2032;1830
16677;1299;927;1746;2035;1829
16717;1312;927;1749;2046;1826
16757;1320;927;1752;2052;1826
16787;1328;927;1755;2057;1825
16827;1333;927;1759;2071;1826
16867;1341;927;1762;2072;1825
16907;1352;927;1767;2083;1822
16937;1356;928;1772;2084;1813
16977;1367;927;1774;2086;1803
17017;1378;927;1778;2091;1797
17057;1389;928;1785;2091;1796
17087;1400;934;1790;2092;1796
17127;1408;940;1790;2098;1795
17167;1418;947;1796;2100;1786
17207;1429;957;1801;2102;1786
17237;1433;964;1804;2098;1791
17277;1445;971;1806;2114;1788
17317;1456;979;1808;2119;1783
17347;1461;985;1810;2116;1786
17377;1467;993;1812;2115;1780
17387;1471;997;1813;2116;1779
17427;1481;1004;1816;2121;1774
17467;1487;1012;1819;2121;1776
17497;1497;1018;1820;2132;1772
17537;1503;1024;1822;2137;1769
17577;1517;1033;1825;2133;1771
17617;1556;1038;1828;2135;1775
17647;1571;1043;1829;2138;1775
17687;1578;1051;1830;2150;1772
17727;1618;1059;1830;2148;1771
17767;1651;1067;1832;2147;1771
17807;1693;1076;1834;2141;1772
17837;1716;1081;1836;2155;1771
17877;1734;1088;1838;2156;1767
17917;1746;1091;1840;2156;1775
17947;1755;1101;1842;2153;1778
17987;1763;1106;1845;2158;1771
18027;1770;1113;1845;2162;1771
18057;1768;1122;1846;2166;1770
18097;1787;1123;1848;2172;1765
18137;1794;1135;1850;2166;1767
18177;1801;1145;1853;2165;1768
18217;1813;1152;1858;2174;1773
18247;1823;1160;1861;2177;1766
18277;1832;1166;1863;2176;1773
18287;1838;1171;1864;2177;1772
18327;1841;1176;1866;2179;1770
18367;1851;1184;1868;2184;1777
18397;1862;1193;1870;2187;1777
18437;1873;1175;1872;2188;1778
18477;1881;1135;1874;2190;1775
18517;1890;1176;1874;2186;1776
18547;1901;1205;1875;2187;1772
18587;1904;1219;1874;2187;1782
18627;1920;1220;1875;2194;1779
18647;1932;1228;1876;2197;1780
18687;1938;1238;1878;2199;1783
18727;1946;1248;1880;2200;1790
18777;1957;1254;1882;2210;1795
18817;1966;1261;1883;2214;1794
18857;1978;1267;1883;2213;1794
18887;1986;1271;1884;2209;1794
18927;1994;1284;1888;2205;1796
18967;2007;1295;1892;2197;1797
19007;2016;1301;1894;2194;1801
19037;2064;1311;1895;2194;1803
19077;2108;1317;1894;2185;1806
19117;2135;1324;1895;2183;1802
19147;2149;1331;1895;2181;1809
19187;2161;1324;1895;2190;1805
19227;2170;1337;1897;2185;1804
19267;2179;1350;1898;2186;1803
19307;2189;1357;1899;2183;1799
19337;2197;1364;1899;2193;1800
19377;2206;1371;1900;2195;1798
19417;2216;1374;1903;2196;1796
19457;2228;1375;1902;2196;1796
19487;2234;1375;1900;2196;1793
19527;2243;1385;1900;2199;1788
19567;2248;1392;1901;2199;1790
19607;2255;1397;1903;2200;1782
19637;2260;1400;1905;2202;1785
19677;2268;1403;1906;2205;1785
19717;2272;1409;1907;2209;1784
19747;2278;1415;1908;2211;1779
19787;2286;1420;1912;2213;1778
19827;2293;1424;1916;2211;1774
19867;2300;1411;1919;2213;1775
19897;2302;1401;1921;2213;1777
19937;2308;1393;1922;2219;1776
19977;2314;1402;1923;2218;1773
20017;2321;1417;1925;2218;1774
20047;2330;1428;1926;2219;1772
20087;2336;1437;1927;2215;1774
20127;2342;1443;1927;2217;1773
20147;2345;1447;1928;2218;1774
20177;2346;1452;1928;2222;1772
20197;2347;1454;1928;2224;1771
20287;2354;1460;1930;2220;1772
20347;2357;1465;1931;2219;1771
20387;2363;1468;1931;2217;1772
20427;2367;1470;1932;2220;1772
20467;2370;1472;1932;2218;1774
20507;2372;1474;1932;2218;1770
20537;2373;1475;1932;2220;1769
20577;2373;1476;1932;2222;1767
20617;2375;1471;1933;2221;1769
20647;2378;1468;1934;2224;1764
20687;2384;1469;1935;2229;1761
20727;2386;1474;1937;2227;1760
20767;2388;1478;1938;2227;1756
20797;2389;1484;1938;2232;1759
20837;2392;1486;1939;2234;1755
20877;2394;1483;1939;2234;1754
20917;2398;1478;1939;2237;1754
20947;2403;1463;1939;2235;1752
20987;2405;1467;1940;2237;1754
21027;2408;1472;1941;2235;1755
21067;2409;1478;1942;2235;1758
21097;2410;1467;1942;2237;1758
21137;2409;1475;1942;2234;1759
21177;2410;1480;1942;2230;1760
21217;2412;1481;1943;2229;1763
21247;2416;1485;1943;2226;1758
21287;2421;1488;1943;2229;1760
21327;2421;1485;1943;2229;1758
21367;2420;1487;1943;2230;1759
21397;2419;1488;1943;2230;1759
21437;2421;1493;1943;2230;1760
21477;2423;1496;1943;2232;1760
21517;2424;1498;1943;2231;1761
21547;2425;1500;1943;2228;1761
21587;2427;1501;1943;2233;1753
21627;2429;1500;1944;2231;1754
21667;2430;1501;1944;2234;1755
21697;2430;1501;1943;2236;1758
21737;2428;1502;1943;2233;1756
21777;2426;1502;1943;2238;1752
21817;2425;1503;1943;2239;1749
21847;2425;1505;1943;2235;1746
21887;2425;1506;1943;2236;1747
21927;2426;1506;1944;2232;1746
21957;2426;1506;1944;2234;1749
22007;2426;1506;1944;2233;1748
22077;2425;1505;1944;2234;1750
22117;2425;1504;1944;2234;1754
22147;2425;1505;1945;2235;1751
22187;2426;1505;1945;2236;1752
22227;2426;1505;1945;2233;1752
22267;2426;1506;1945;2232;1749
22297;2426;1506;1945;2232;1752
22337;2426;1505;1945;2232;1753
22377;2426;1504;1945;2233;1753
22417;2426;1504;1945;2233;1751
22457;2426;1504;1945;2230;1752
22487;2427;1505;1945;2229;1750
22527;2427;1505;1945;2233;1749
22567;2427;1505;1945;2230;1750
22597;2426;1505;1945;2231;1751
22637;2426;1505;1945;2228;1751
22677;2426;1505;1945;2227;1752
22717;2426;1505;1945;2227;1750
22757;2426;1505;1945;2226;1752
22787;2426;1505;1945;2226;1753
22827;2426;1505;1945;2225;1754
22867;2426;1506;1945;2225;1756
22897;2426;1506;1945;2228;1756
22937;2426;1506;1945;2233;1758
22977;2426;1506;1945;2238;1757
23017;2426;1506;1945;2236;1758
23047;2426;1506;1945;2232;1756
23077;2426;1506;1944;2235;1757
23117;2426;1506;1944;2231;1757
23157;2426;1506;1944;2235;1757
23197;2426;1505;1944;2235;1756
23227;2427;1505;1945;2230;1754
23267;2427;1505;1945;2234;1755
23307;2427;1505;1945;2232;1754
23347;2427;1505;1945;2233;1754
23387;2427;1505;1945;2234;1754
23427;2427;1505;1945;2233;1754
23467;2427;1505;1945;2235;1754
23557;2427;1505;1945;2240;1757
23617;2427;1505;1945;2242;1758
23657;2426;1504;1945;2238;1757
23687;2426;1505;1945;2234;1764
23727;2427;1505;1945;2217;1782
23767;2427;1505;1945;2192;1804
23797;2426;1504;1944;2186;1810
23837;2426;1503;1944;2175;1820
23877;2426;1503;1944;2175;1821
23917;2425;1503;1945;2174;1820
23957;2425;1503;1945;2175;1819
23987;2425;1504;1945;2176;1817
24027;2425;1504;1945;2176;1817
24067;2425;1504;1946;2176;1817
24107;2425;1504;1946;2175;1815
24137;2424;1504;1945;2176;1817
24177;2424;1504;1945;2176;1817
24217;2424;1504;1945;2174;1816
24247;2425;1504;1945;2171;1815
24287;2425;1505;1946;2172;1813
24327;2425;1505;1946;2174;1815
24357;2424;1505;1945;2178;1815
24367;2424;1505;1946;2176;1812
24407;2425;1505;1946;2177;1810
24437;2425;1504;1946;2178;1816
24477;2424;1504;1945;2179;1815
24517;2424;1504;1945;2179;1818
24557;2424;1504;1945;2177;1818
24587;2425;1504;1946;2177;1819
24627;2425;1504;1946;2176;1816
24667;2424;1504;1946;2179;1819
24667;2424;1504;1946;2179;1819
24707;2424;1504;1945;2180;1820
24737;2425;1504;1945;2183;1824
24767;2425;1504;1945;2185;1816
24777;2424;1504;1945;2187;1817
24817;2424;1504;1945;2184;1818
24847;2424;1504;1945;2179;1822
24857;2424;1503;1945;2179;1824
24887;2425;1504;1945;2181;1820
24917;2424;1504;1945;2183;1821
24927;2424;1504;1945;2180;1818
24967;2424;1504;1945;2183;1823
24997;2424;1504;1945;2183;1820
25007;2424;1504;1945;2179;1819
25037;2424;1504;1945;2184;1824
25067;2424;1504;1946;2182;1824
25077;2424;1504;1945;2183;1824
25117;2424;1504;1945;2182;1826
25157;2424;1504;1945;2185;1824
25187;2424;1505;1945;2180;1823
25227;2424;1505;1945;2181;1825
25267;2424;1505;1945;2182;1825
25297;2424;1504;1945;2184;1827
25337;2424;1504;1945;2185;1827
25377;2424;1504;1945;2179;1830
25417;2424;1504;1944;2182;1829
25447;2424;1504;1945;2181;1826
25477;2424;1503;1945;2181;1829
25487;2424;1504;1945;2183;1829
25527;2424;1504;1945;2188;1827
25567;2424;1504;1945;2188;1828
25607;2424;1505;1945;2193;1830
25637;2424;1505;1945;2195;1828
25677;2424;1504;1945;2196;1830
25717;2424;1504;1945;2194;1831
25747;2424;1504;1945;2191;1831
25787;2424;1504;1945;2190;1828
25857;2423;1504;1945;2197;1831
25897;2423;1504;1945;2196;1831
25937;2423;1503;1945;2197;1831
25977;2423;1503;1945;2196;1831
26017;2423;1503;1945;2198;1832
26057;2423;1503;1945;2199;1832
26087;2424;1503;1945;2195;1831
26127;2424;1503;1945;2192;1831
26167;2424;1503;1945;2193;1830
26237;2424;1503;1945;2195;1833
26287;2424;1503;1945;2195;1832
26327;2424;1503;1945;2193;1834
26387;2424;1503;1946;2196;1834
26457;2423;1502;1945;2196;1834
26497;2423;1502;1945;2197;1833
26537;2423;1502;1945;2202;1822
26577;2425;1503;1945;2221;1795
26617;2426;1503;1945;2238;1772
26657;2426;1504;1944;2252;1746
26687;2427;1505;1944;2245;1747
26727;2427;1506;1944;2244;1745
26767;2428;1505;1944;2246;1746
26797;2428;1505;1945;2246;1749
26837;2428;1506;1945;2244;1749
26877;2428;1506;1945;2247;1751
26917;2428;1506;1945;2246;1754
26947;2428;1506;1945;2245;1750
26987;2429;1506;1945;2245;1751
27027;2428;1506;1945;2240;1750
27067;2428;1506;1945;2238;1750
27097;2428;1506;1945;2241;1753
27137;2428;1506;1945;2240;1752
27177;2428;1506;1945;2240;1752
27217;2428;1506;1945;2242;1752
27247;2428;1506;1946;2242;1749
27277;2428;1506;1945;2241;1750
27317;2428;1506;1945;2243;1749
27357;2429;1506;1945;2240;1750
27397;2428;1506;1945;2241;1751
27477;2428;1506;1945;2245;1752
27517;2427;1506;1945;2243;1752
27557;2428;1506;1945;2243;1752
27637;2428;1505;1945;2241;1753
27677;2429;1505;1945;2243;1753
27797;2428;1504;1945;2241;1754
27837;2428;1504;1946;2222;1784
27877;2428;1504;1946;2187;1829
27917;2428;1500;1946;2181;1843
27957;2429;1489;1946;2164;1848
27987;2429;1477;1946;2157;1852
28027;2429;1466;1946;2152;1857
28067;2427;1471;1946;2147;1860
28107;2429;1480;1946;2144;1865
28137;2427;1484;1946;2149;1868
28177;2425;1486;1945;2149;1868
28217;2423;1487;1945;2148;1870
28257;2419;1486;1945;2149;1871
28287;2417;1485;1945;2147;1870
28327;2417;1484;1946;2148;1872
28367;2412;1482;1946;2149;1872
28407;2410;1478;1946;2145;1872
28437;2410;1477;1946;2142;1874
28477;2406;1476;1946;2136;1876
28517;2400;1474;1945;2133;1879
28557;2396;1472;1945;2135;1879
28567;2393;1470;1945;2130;1878
28617;2393;1466;1945;2131;1878
28657;2388;1461;1945;2128;1880
28697;2382;1456;1946;2126;1878
28737;2378;1451;1946;2124;1872
28777;2376;1447;1946;2123;1869
28817;2369;1445;1946;2118;1872
28857;2362;1444;1946;2117;1871
28877;2358;1440;1946;2116;1871
28997;2348;1394;1946;2111;1867
29037;2344;1396;1945;2104;1867
29077;2335;1412;1945;2098;1862
29117;2327;1420;1945;2090;1864
29157;2323;1418;1945;2078;1866
29187;2322;1414;1946;2077;1868
29227;2319;1409;1946;2077;1869
29267;2308;1405;1945;2081;1872
29307;2302;1403;1946;2080;1874
29337;2292;1401;1946;2081;1880
29377;2289;1396;1945;2077;1884
29417;2287;1385;1944;2086;1866
29457;2280;1376;1945;2030;1828
29487;2275;1376;1945;2009;1817
29527;2269;1376;1945;1974;1792
29567;2263;1373;1945;1916;1751
29607;2257;1364;1945;1842;1698
29637;2249;1362;1945;1844;1690
29677;2241;1352;1945;1829;1680
29717;2231;1316;1945;1813;1697
29757;2226;1301;1945;1817;1705
29787;2219;1302;1945;1830;1735
29827;2207;1319;1945;1906;1789
29867;2196;1316;1945;1912;1799
29907;2189;1315;1945;1884;1809
29937;2185;1317;1945;1874;1825
29977;2182;1317;1945;1880;1821
30017;2172;1308;1945;1903;1825
30057;2161;1307;1945;1912;1822
30087;2155;1304;1945;1918;1820
30127;2145;1300;1945;1916;1825
30167;2076;1282;1946;1908;1828
30207;2039;1272;1945;1914;1828
30237;2017;1272;1945;1913;1828
30277;2003;1264;1945;1912;1830
30317;1993;1261;1945;1913;1831
30357;1979;1256;1945;1915;1832
30397;1971;1250;1945;1915;1833
30427;1965;1246;1945;1914;1836
30467;1959;1238;1945;1912;1836
30507;1945;1235;1945;1914;1836
30547;1936;1234;1945;1909;1834
30587;1931;1230;1945;1914;1837
30617;1924;1214;1945;1914;1838
30657;1913;1152;1945;1908;1841
30697;1905;1161;1944;1908;1841
30737;1898;1157;1942;1911;1842
30807;1875;1181;1941;1909;1844
30847;1866;1191;1938;1910;1847
30877;1857;1192;1933;1905;1841
30917;1846;1189;1929;1909;1845
30997;1834;1185;1924;1909;1847
31037;1827;1178;1919;1908;1845
31077;1813;1177;1914;1913;1850
31107;1788;1176;1910;1909;1849
31117;1781;1176;1908;1904;1851
31147;1781;1173;1907;1900;1853
31187;1774;1168;1906;1904;1852
31227;1771;1163;1904;1909;1854
31267;1768;1160;1902;1902;1858
31307;1755;1158;1904;1900;1858
31337;1722;1156;1903;1899;1860
31377;1722;1155;1898;1884;1865
31417;1718;1153;1892;1892;1866
31457;1692;1147;1889;1891;1863
31487;1656;1131;1887;1882;1871
31527;1623;1127;1885;1884;1868
31567;1580;1127;1883;1880;1875
31607;1552;1126;1881;1881;1876
31637;1538;1129;1879;1881;1880
31677;1525;1130;1877;1881;1879
31717;1508;1127;1875;1881;1889
31757;1505;1125;1872;1875;1892
31787;1500;1121;1869;1876;1897
31827;1492;1119;1862;1873;1903
31867;1482;1101;1858;1877;1906
31907;1473;1103;1855;1876;1903
31937;1458;1107;1853;1871;1908
31977;1450;1107;1851;1867;1915
32017;1447;1108;1850;1873;1916
32047;1437;1108;1849;1876;1914
32087;1427;1100;1848;1878;1914
32127;1416;1092;1846;1874;1924
32167;1409;1082;1842;1866;1929
32207;1396;1090;1838;1872;1927
32237;1383;1094;1836;1878;1928
32277;1377;1092;1834;1877;1931
32317;1367;1088;1832;1879;1934
32357;1349;1087;1831;1873;1930
32437;1340;1085;1827;1873;1937
32477;1326;1084;1824;1872;1940
32517;1319;1079;1822;1870;1941
32597;1309;1072;1816;1866;1947
32637;1298;1070;1814;1873;1948
32677;1284;1065;1810;1875;1943
32717;1274;1062;1806;1865;1948
32757;1267;1057;1805;1864;1950
32787;1256;1050;1802;1868;1959
32827;1251;1049;1799;1864;1961
32867;1241;1039;1793;1870;1967
32907;1236;1041;1788;1871;1969
32937;1228;1041;1785;1873;1973
32977;1216;1041;1781;1871;1987
33017;1205;1042;1779;1865;1990
33057;1201;1041;1779;1870;1996
33087;1196;1036;1775;1872;2000
33127;1191;1032;1772;1875;2009
33167;1184;1029;1768;1872;2008
33207;1177;1024;1764;1872;2008
33237;1169;1024;1761;1873;2014
33277;1162;1024;1759;1879;2017
33317;1154;1022;1755;1871;2021
33357;1146;1020;1752;1868;2023
33387;1138;1016;1749;1867;2034
33427;1133;1012;1747;1872;2040
33467;1127;1009;1744;1869;2043
33507;1119;1005;1742;1868;2052
33537;1115;1003;1740;1858;2055
33577;1110;1000;1735;1856;2062
33617;1105;993;1730;1854;2062
33657;1099;990;1727;1850;2066
33687;1091;988;1725;1852;2070
33727;1084;981;1723;1850;2074
33767;1079;979;1723;1846;2073
33807;1075;978;1722;1840;2077
33837;1071;976;1722;1836;2080
33877;1067;973;1721;1832;2087
33917;1060;972;1719;1833;2092
33957;1054;970;1714;1830;2098
33987;1049;969;1710;1830;2103
34027;1042;968;1708;1827;2105
34067;1036;967;1707;1819;2109
34107;1032;965;1704;1811;2114
34137;1028;961;1701;1808;2115
34177;1025;957;1699;1796;2121
34217;1022;954;1698;1798;2122
34257;1018;952;1695;1800;2127
34287;1016;951;1693;1798;2137
34327;1011;950;1692;1794;2144
34367;1006;949;1689;1794;2154
34407;1001;947;1687;1798;2160
34437;998;944;1684;1800;2167
34477;993;941;1683;1802;2173
34517;986;939;1681;1794;2183
34557;982;939;1679;1799;2194
34587;980;938;1678;1797;2196
34627;980;937;1677;1796;2196
34667;978;935;1677;1796;2201
34707;977;933;1677;1792;2209
34737;976;932;1676;1791;2212
34777;972;929;1675;1788;2214
34817;969;927;1674;1792;2213
34857;966;925;1674;1799;2214
34887;965;923;1673;1801;2222
34927;962;922;1672;1801;2227
34967;960;922;1672;1800;2232
35007;959;922;1672;1798;2234
35037;958;921;1672;1795;2233
35057;957;921;1671;1796;2232
35087;957;920;1670;1799;2236
35127;956;918;1670;1797;2236
35167;956;917;1670;1795;2237
35207;956;917;1669;1797;2237
35237;954;917;1669;1796;2236
35277;952;916;1669;1798;2238
35317;950;915;1668;1798;2242
35347;948;914;1666;1801;2247
35387;945;911;1665;1805;2245
35427;942;909;1662;1812;2244
35457;941;909;1661;1809;2239
35497;940;909;1660;1811;2237
35537;940;909;1659;1811;2236
35577;940;909;1659;1811;2235
35617;939;909;1659;1815;2234
35647;939;909;1659;1816;2234
35687;939;909;1658;1817;2235
35727;939;908;1658;1817;2235
35767;939;908;1658;1815;2234
35797;939;909;1658;1813;2233
35827;939;909;1658;1814;2234
35867;939;909;1658;1813;2234
35907;939;909;1658;1816;2233
35947;939;909;1658;1815;2233
35977;939;909;1658;1814;2230
36017;939;909;1659;1814;2229
36057;939;909;1659;1817;2227
36097;939;909;1659;1814;2227
36137;939;909;1659;1820;2230
36177;939;909;1659;1834;2232
36207;939;909;1659;1847;2206
36247;939;909;1659;1856;2157
36287;939;909;1658;1874;2114
36327;939;909;1658;1874;2107
36367;939;909;1658;1891;2067
36407;941;909;1658;1909;2034
36437;945;909;1658;1917;2013
36477;949;910;1658;1931;1989
36517;954;909;1658;1939;1959
36547;958;909;1658;1943;1952
36577;961;909;1658;1944;1937
36617;963;910;1659;1949;1927
36657;964;910;1659;1949;1922
36697;965;910;1659;1952;1916
36737;966;910;1660;1956;1903
36777;969;910;1660;1965;1900
36817;974;910;1661;1968;1897
36857;977;910;1661;1965;1892
36887;981;910;1661;1967;1891
36927;988;909;1661;1976;1887
36957;992;909;1662;1976;1882
36997;998;910;1662;1968;1874
37037;1004;910;1662;1969;1870
37077;1011;910;1663;1976;1863
37117;1015;910;1663;1974;1860
37147;1017;910;1662;1974;1860
37187;1023;910;1662;1976;1863
37227;1027;909;1662;1981;1861
37267;1030;909;1662;1989;1863
37307;1035;909;1662;1995;1865
37337;1043;910;1663;1994;1856
37397;1056;910;1663;2000;1859
37437;1061;910;1663;2000;1857
37487;1068;910;1663;2006;1859
37527;1075;910;1663;2007;1851
37567;1084;910;1663;2006;1846
37607;1086;910;1663;2005;1846
37637;1091;910;1663;2000;1850
37677;1099;910;1663;2007;1847
37707;1103;910;1663;2007;1850
37747;1112;909;1663;2000;1844
37787;1118;909;1669;2000;1844
37827;1123;909;1673;2000;1848
37867;1133;910;1679;1998;1844
37907;1139;910;1682;2003;1831
37937;1145;910;1687;2001;1837
37977;1155;910;1691;1999;1835
38017;1162;910;1694;1996;1838
38047;1169;910;1698;2003;1843
38077;1175;910;1702;2002;1834
38117;1182;910;1704;2004;1835
38157;1191;910;1710;2005;1837
38197;1197;910;1715;2014;1832
38237;1208;910;1719;2020;1817
38277;1219;910;1721;2020;1823
38317;1226;910;1722;2019;1825
38347;1232;910;1722;2020;1828
38387;1239;910;1724;2025;1822
38427;1246;910;1728;2035;1816
38457;1256;910;1733;2042;1808
38497;1263;910;1737;2064;1814
38537;1268;910;1740;2070;1807
38577;1278;910;1742;2070;1809
38617;1287;910;1746;2075;1808
38657;1296;910;1748;2088;1804
38687;1304;910;1751;2097;1812
38727;1314;911;1754;2103;1810
38767;1324;911;1756;2106;1812
38797;1331;912;1760;2103;1810
38827;1338;912;1762;2114;1814
38867;1347;912;1766;2126;1815
38907;1354;912;1771;2129;1817
38947;1362;911;1773;2127;1812
38987;1371;911;1777;2121;1808
39027;1384;912;1784;2126;1803
39067;1395;913;1792;2136;1792
39097;1404;918;1798;2141;1788
39137;1411;923;1802;2144;1796
39177;1421;931;1806;2143;1799
39207;1427;938;1809;2152;1797
39237;1437;943;1812;2150;1794
39277;1447;954;1815;2155;1797
39317;1457;961;1818;2164;1791
39357;1465;968;1820;2158;1797
39407;1478;978;1820;2166;1788
39447;1485;986;1823;2167;1787
39497;1499;997;1827;2164;1790
39507;1505;1004;1829;2167;1791
39547;1512;1012;1831;2175;1793
39577;1522;1018;1832;2167;1794
39617;1576;1030;1832;2158;1814
39657;1578;1037;1832;2151;1818
39697;1627;1043;1832;2163;1815
39737;1656;1052;1832;2167;1804
39777;1695;1059;1832;2171;1804
39817;1719;1072;1832;2169;1807
39847;1734;1080;1831;2175;1809
39887;1745;1085;1832;2183;1803
39927;1755;1092;1834;2182;1806
39977;1765;1101;1835;2177;1806
40017;1772;1106;1836;2186;1802
40067;1787;1118;1838;2182;1810
40107;1793;1118;1840;2183;1809
40147;1799;1134;1841;2178;1811
40177;1812;1145;1843;2182;1809
40217;1823;1153;1845;2183;1813
40257;1833;1165;1845;2190;1808
40297;1842;1168;1845;2189;1809
40327;1851;1175;1846;2194;1812
40367;1857;1189;1846;2193;1816
40407;1871;1198;1847;2195;1821
40447;1881;1197;1849;2198;1810
40487;1892;1205;1849;2196;1817
40527;1900;1219;1851;2201;1811
40567;1915;1227;1856;2198;1821
40607;1923;1235;1859;2203;1818
40637;1934;1237;1862;2204;1818
40677;1941;1244;1864;2202;1820
40707;1952;1250;1865;2210;1820
40747;1958;1255;1867;2212;1823
40787;1966;1258;1870;2209;1828
40827;1973;1265;1871;2209;1831
40867;1983;1269;1872;2213;1830
40907;1990;1269;1873;2216;1834
40937;1997;1282;1875;2216;1834
40977;2010;1292;1876;2220;1837
41017;2071;1300;1878;2229;1834
41047;2104;1306;1879;2233;1841
41077;2130;1313;1881;2234;1842
41117;2148;1319;1884;2242;1838
41157;2159;1321;1885;2243;1841
41197;2167;1327;1888;2245;1846
41237;2177;1333;1893;2242;1844
41277;2184;1301;1897;2246;1845
41317;2195;1322;1901;2246;1842
41357;2205;1340;1899;2247;1839
41387;2213;1350;1899;2247;1844
41417;2222;1357;1900;2248;1840
41457;2231;1362;1902;2244;1844
41527;2241;1370;1904;2248;1841
41577;2249;1369;1905;2251;1840
41617;2258;1369;1906;2253;1842
41657;2266;1374;1906;2255;1840
41687;2271;1385;1906;2263;1845
41727;2277;1392;1909;2266;1843
41767;2283;1397;1912;2264;1837
41797;2290;1400;1916;2261;1833
41827;2295;1401;1919;2269;1838
41867;2300;1405;1921;2269;1834
41907;2306;1412;1922;2276;1835
41947;2311;1415;1924;2278;1833
41987;2317;1419;1927;2279;1833
42027;2326;1424;1928;2282;1832
42067;2333;1414;1930;2281;1831
42107;2339;1394;1931;2282;1830
42137;2344;1370;1933;2283;1829
42177;2345;1379;1936;2289;1829
42207;2349;1382;1938;2297;1829
42247;2352;1404;1939;2293;1824
42287;2356;1421;1939;2292;1824
42327;2362;1431;1938;2291;1823
42367;2367;1437;1938;2288;1824
42407;2370;1442;1939;2280;1822
42437;2372;1445;1940;2282;1820
42477;2373;1447;1940;2308;1813
42517;2373;1448;1940;2300;1814
42557;2375;1449;1940;2286;1814
42587;2376;1450;1940;2294;1817
42627;2380;1451;1940;2308;1811
42667;2385;1454;1940;2298;1813
42707;2386;1456;1940;2291;1813
42737;2389;1457;1941;2293;1813
42777;2390;1458;1941;2297;1809
42817;2393;1462;1941;2296;1807
42847;2394;1466;1941;2302;1806
42887;2397;1468;1942;2308;1805
42927;2401;1470;1942;2311;1805
42957;2405;1471;1942;2305;1803
42997;2406;1472;1942;2302;1806
43027;2408;1474;1942;2303;1799
43067;2408;1475;1943;2304;1799
43107;2407;1475;1943;2298;1796
43147;2411;1474;1943;2295;1795
43187;2415;1474;1944;2296;1794
43227;2417;1475;1944;2295;1790
43267;2418;1476;1944;2296;1786
43307;2418;1476;1944;2296;1787
43337;2419;1478;1945;2295;1784
43377;2421;1480;1945;2298;1780
43417;2423;1481;1945;2297;1776
43457;2426;1481;1945;2298;1778
43487;2427;1482;1945;2297;1782
43527;2427;1483;1945;2295;1781
43567;2428;1483;1946;2289;1782
43607;2428;1483;1946;2295;1778
43637;2428;1483;1946;2294;1780
43677;2428;1483;1946;2287;1775
43707;2428;1483;1946;2290;1776
43747;2427;1485;1946;2291;1777
43787;2426;1487;1946;2292;1779
43827;2424;1489;1946;2292;1778
43867;2425;1488;1947;2291;1779
43897;2426;1484;1947;2284;1778
43937;2427;1479;1948;2277;1776
43977;2428;1477;1948;2287;1776
44017;2428;1475;1948;2292;1775
44057;2428;1476;1949;2276;1775
44087;2428;1476;1948;2274;1776
44127;2428;1477;1949;2276;1775
44167;2428;1478;1949;2289;1772
44207;2427;1478;1949;2286;1770
44237;2428;1478;1949;2287;1771
44277;2428;1477;1950;2289;1771
44317;2428;1478;1950;2287;1771
44347;2428;1478;1951;2281;1771
44387;2428;1478;1950;2273;1769
44427;2428;1478;1950;2266;1771
44457;2427;1479;1950;2260;1770
44497;2428;1479;1949;2254;1770
44537;2428;1479;1949;2255;1771
44577;2427;1480;1950;2261;1770
44617;2428;1479;1949;2268;1769
44657;2428;1478;1949;2266;1768
44687;2428;1479;1950;2267;1770
44727;2428;1479;1950;2268;1770
44767;2428;1479;1950;2268;1767
44807;2428;1479;1950;2267;1768
44837;2428;1479;1950;2265;1766
44877;2428;1479;1950;2261;1767
44917;2428;1479;1950;2262;1769
44947;2428;1479;1950;2264;1770
44987;2428;1479;1950;2265;1771
45027;2428;1479;1950;2265;1769
45067;2428;1479;1950;2263;1770
45107;2428;1479;1949;2257;1771
45137;2428;1479;1950;2258;1771
45177;2428;1480;1950;2261;1769
45207;2428;1480;1950;2260;1772
45247;2428;1480;1950;2261;1774
45287;2428;1480;1951;2258;1774
45327;2428;1480;1951;2256;1775
45367;2428;1480;1951;2258;1774
45407;2428;1480;1950;2258;1771
45437;2428;1481;1950;2251;1772
45477;2428;1481;1950;2235;1775
45517;2429;1480;1950;2203;1777
45557;2429;1477;1950;2191;1772
45587;2429;1475;1950;2219;1775
45627;2429;1477;1950;2262;1769
45697;2429;1478;1951;2293;1781
45737;2428;1478;1951;2246;1822
45777;2430;1479;1951;2189;1855
45817;2429;1482;1951;2183;1861
45847;2429;1485;1951;2185;1862
45887;2428;1487;1951;2169;1866
45927;2427;1487;1950;2161;1868
45957;2427;1487;1950;2154;1869
45997;2427;1487;1950;2146;1868
46027;2426;1487;1950;2160;1868
46067;2426;1487;1950;2179;1862
46107;2426;1487;1950;2189;1864
46147;2426;1487;1950;2180;1866
46187;2426;1487;1950;2180;1866
46227;2426;1488;1950;2184;1867
46267;2426;1487;1950;2186;1865
46307;2426;1488;1950;2176;1865
46347;2426;1488;1950;2161;1867
46377;2426;1488;1950;2151;1865
46427;2426;1487;1949;2139;1866
46467;2426;1487;1950;2143;1865
46517;2426;1487;1950;2155;1864
46557;2426;1488;1950;2170;1864
46597;2426;1488;1950;2202;1858
46637;2426;1488;1950;2213;1859
46677;2426;1488;1950;2208;1864
46717;2426;1487;1950;2209;1864
46757;2426;1487;1950;2200;1863
46787;2426;1488;1950;2207;1861
46827;2426;1488;1950;2189;1864
46867;2426;1488;1950;2168;1866
46897;2426;1488;1950;2167;1867
46937;2426;1488;1951;2183;1866
46977;2426;1487;1951;2221;1852
47017;2425;1488;1951;2249;1849
47047;2425;1488;1951;2250;1847
47087;2426;1488;1951;2235;1860
47127;2426;1488;1951;2224;1862
47167;2426;1488;1951;2217;1864
47207;2426;1488;1951;2196;1864
47237;2425;1488;1951;2188;1866
47277;2425;1488;1951;2172;1867
47317;2426;1488;1951;2173;1867
47357;2426;1487;1950;2184;1865
47387;2426;1487;1950;2200;1862
47427;2426;1487;1950;2230;1858
47467;2426;1488;1950;2246;1849
47507;2425;1488;1950;2246;1853
47517;2425;1488;1950;2245;1857
47567;2425;1488;1950;2229;1864
47607;2425;1488;1950;2235;1862
47647;2425;1488;1951;2244;1859
47687;2425;1488;1951;2251;1852
47727;2426;1488;1951;2257;1852
47767;2426;1488;1951;2258;1855
47807;2426;1488;1950;2258;1852
47837;2426;1488;1950;2257;1854
47877;2425;1488;1951;2253;1852
47917;2425;1488;1951;2245;1862
47947;2425;1488;1951;2244;1858
48047;2425;1488;1951;2264;1823
48097;2426;1489;1951;2266;1809
48137;2427;1489;1951;2287;1799
48177;2428;1489;1951;2299;1789
48217;2428;1489;1951;2305;1789
48257;2428;1489;1950;2305;1797
48287;2429;1490;1951;2308;1798
48327;2429;1490;1951;2304;1799
48367;2429;1490;1951;2293;1799
48407;2429;1489;1951;2289;1797
48437;2429;1489;1950;2298;1790
48477;2429;1490;1950;2303;1784
48517;2428;1489;1950;2304;1776
48557;2428;1487;1950;2297;1761
48587;2428;1488;1950;2293;1758
48627;2428;1489;1951;2290;1753
48677;2428;1488;1951;2274;1763
48717;2428;1488;1952;2266;1763
48767;2428;1489;1952;2270;1763
48807;2429;1489;1952;2265;1764
48847;2429;1489;1952;2261;1765
48887;2429;1490;1953;2260;1766
48927;2429;1490;1953;2261;1768
48967;2429;1490;1953;2272;1771
49007;2429;1490;1953;2276;1771
49037;2429;1490;1953;2276;1773
49077;2429;1490;1953;2279;1775
49117;2429;1490;1953;2281;1771
49157;2429;1490;1953;2280;1770
49187;2429;1490;1953;2284;1770
49227;2429;1490;1953;2282;1771
49267;2429;1489;1953;2284;1772
49297;2429;1489;1953;2288;1773
49337;2429;1489;1953;2290;1773
49377;2429;1489;1953;2289;1775
49417;2429;1489;1953;2289;1777
49447;2429;1489;1953;2287;1776
49487;2429;1489;1953;2282;1776
49527;2429;1489;1953;2276;1777
49567;2429;1489;1953;2279;1779
49607;2429;1490;1953;2281;1779
49637;2429;1490;1953;2280;1779
49677;2429;1490;1953;2273;1781
49717;2428;1489;1953;2273;1778
49757;2428;1489;1953;2276;1778
49787;2428;1489;1953;2275;1778
49827;2429;1489;1953;2273;1785
49867;2429;1490;1953;2245;1826
49907;2428;1490;1953;2212;1865
49937;2429;1488;1953;2206;1876
49977;2429;1485;1953;2206;1879
50017;2429;1482;1953;2204;1882
50057;2429;1478;1952;2201;1883
50087;2429;1475;1953;2193;1885
50127;2427;1474;1953;2182;1889
50167;2426;1471;1953;2175;1890
50207;2423;1466;1952;2180;1890
50237;2421;1464;1953;2183;1891
50277;2417;1462;1953;2185;1893
50317;2415;1460;1953;2185;1894
50347;2416;1460;1953;2179;1895
50387;2413;1458;1953;2178;1893
50427;2411;1455;1953;2182;1896
50467;2412;1452;1953;2180;1896
50507;2410;1448;1953;2175;1896
50537;2406;1447;1953;2168;1900
50577;2399;1445;1953;2163;1901
50617;2395;1443;1953;2164;1899
50657;2393;1440;1952;2163;1896
50687;2391;1439;1953;2156;1900
50727;2385;1434;1953;2150;1902
50767;2383;1403;1953;2140;1905
50807;2376;1378;1952;2140;1900
50837;2372;1386;1953;2140;1905
50877;2364;1401;1953;2140;1901
50917;2356;1416;1953;2133;1905
50957;2350;1421;1952;2128;1906
51027;2347;1415;1953;2113;1909
51067;2341;1412;1953;2101;1908
51107;2331;1407;1952;2102;1908
51187;2326;1404;1952;2095;1910
51227;2322;1401;1953;2095;1910
51267;2312;1395;1953;2093;1914
51347;2297;1383;1953;2094;1915
51387;2292;1380;1953;2092;1919
51427;2289;1378;1953;2090;1919
51467;2279;1366;1953;2089;1919
51507;2272;1363;1953;2086;1924
51537;2262;1361;1953;2090;1924
51577;2257;1355;1953;2091;1926
51617;2248;1323;1953;2093;1927
51657;2241;1326;1953;2083;1927
51687;2236;1331;1953;2083;1926
51727;2227;1326;1953;2072;1927
51767;2223;1321;1953;2065;1927
51807;2209;1324;1955;2053;1929
51837;2201;1321;1954;2042;1929
51877;2193;1310;1954;2043;1928
51887;2187;1304;1954;2047;1927
51937;2183;1303;1953;2051;1928
51977;2178;1301;1953;2052;1928
52017;2167;1286;1953;2049;1926
52057;2158;1279;1953;2039;1930
52097;2155;1275;1952;2044;1928
52137;2142;1270;1952;2044;1930
52177;2072;1265;1952;2064;1931
52217;2036;1260;1952;2074;1935
52257;2018;1251;1952;2084;1931
52287;2002;1249;1953;2062;1935
52327;1990;1247;1953;2047;1940
52367;1979;1235;1953;2042;1936
52407;1970;1236;1953;2025;1941
52437;1965;1234;1953;2022;1940
52457;1964;1234;1953;2022;1945
52507;1944;1229;1953;2023;1943
52547;1939;1204;1953;2025;1949
52587;1932;1133;1952;2027;1947
52627;1921;1118;1949;2029;1947
52667;1914;1160;1947;2047;1947
52707;1905;1181;1946;2036;1948
52737;1898;1188;1944;2036;1948
52777;1889;1193;1941;2025;1954
52817;1871;1190;1940;2024;1956
52857;1865;1186;1939;2022;1955
52887;1854;1181;1938;2027;1953
52927;1846;1179;1934;2022;1951
52967;1838;1175;1931;2022;1953
53007;1829;1173;1927;2014;1950
53037;1825;1171;1925;2012;1956
53077;1814;1167;1920;2014;1955
53117;1796;1162;1916;2015;1957
53157;1785;1158;1913;2012;1956
53177;1778;1156;1910;2004;1960
53227;1772;1155;1907;2017;1962
53267;1767;1146;1906;2039;1961
53307;1766;1134;1903;2054;1963
53337;1752;1133;1901;2085;1969
53377;1741;1132;1904;2048;1972
53417;1725;1133;1900;1998;1974
53457;1713;1133;1894;2007;1979
53487;1680;1129;1890;2008;1978
53527;1640;1118;1888;2018;1966
53567;1609;1115;1888;2032;1966
53607;1568;1115;1885;2015;1974
53637;1543;1115;1882;1993;1973
53677;1532;1114;1880;2001;1993
53717;1515;1111;1879;2034;1980
53757;1512;1108;1878;2030;1986
53787;1504;1106;1876;2017;1979
53827;1494;1104;1874;2003;1995
53867;1484;1102;1868;1963;2001
53907;1474;1101;1861;1974;2011
53937;1461;1089;1858;1979;2004
53977;1452;1093;1855;1957;2016
54017;1450;1095;1852;1971;2019
54057;1434;1090;1850;1961;2020
54087;1426;1088;1850;1953;2018
54127;1416;1087;1849;1955;2028
54167;1409;1086;1848;1972;2025
54207;1398;1085;1846;1997;2020
54237;1384;1076;1845;2012;2017
54277;1377;1071;1845;2002;2025
54317;1369;1069;1840;1974;2046
54357;1353;1068;1836;1966;2061
54387;1342;1067;1834;1966;2050
54427;1337;1062;1833;1974;2057
54467;1328;1054;1833;1991;2041
54507;1322;1050;1833;1982;2061
54537;1313;1049;1831;1979;2070
54577;1306;1045;1830;1988;2060
54617;1300;1043;1830;2011;2039
54657;1290;1038;1830;2012;2044
54687;1281;1034;1830;2007;2042
54727;1272;1032;1830;1981;2064
54767;1263;1031;1827;1984;2075
54807;1255;1028;1826;2004;2053
54837;1245;1024;1825;2012;2061
54877;1239;1022;1819;2011;2076
54917;1233;1020;1815;2004;2089
54957;1217;1018;1810;1991;2102
54997;1206;1014;1808;1990;2104
55037;1203;1009;1807;1997;2098
55077;1197;1003;1807;2005;2093
55117;1189;997;1807;2004;2095
55157;1180;993;1802;1989;2109
55217;1173;991;1798;1978;2103
55257;1166;989;1797;1968;2104
55297;1156;987;1790;1970;2101
55337;1148;982;1787;1971;2108
55407;1138;980;1783;1962;2121
55447;1130;979;1780;1964;2115
55487;1122;974;1776;1968;2113
55527;1116;971;1773;1967;2110
55567;1110;969;1772;1966;2110
55607;1104;964;1771;1966;2108
55637;1099;959;1770;1973;2114
55677;1090;954;1770;1971;2115
55717;1084;952;1770;1967;2119
55757;1079;950;1766;1963;2125
55787;1074;948;1763;1960;2125
55827;1069;945;1761;1958;2128
55867;1064;942;1758;1956;2131
55907;1055;940;1755;1954;2132
55937;1050;939;1752;1953;2136
55977;1043;938;1750;1947;2138
56017;1037;936;1748;1942;2139
56057;1033;934;1745;1941;2142
56087;1029;932;1744;1938;2145
56127;1026;930;1740;1941;2147
56167;1024;928;1735;1932;2160
56207;1019;927;1729;1924;2169
56237;1016;926;1726;1922;2176
56277;1012;925;1723;1918;2181
56317;1007;924;1722;1920;2183
56357;1001;923;1722;1920;2187
56387;998;923;1722;1917;2188
56427;994;922;1721;1922;2193
56467;986;921;1720;1920;2203
56507;983;918;1719;1921;2212
56537;981;915;1718;1927;2216
56577;980;911;1716;1930;2219
56617;978;909;1714;1930;2219
56657;976;908;1711;1933;2222
56687;972;908;1711;1935;2223
56727;969;907;1710;1938;2227
56767;966;907;1709;1944;2230
56807;964;906;1708;1948;2233
56837;961;905;1707;1951;2241
56877;960;905;1706;1946;2244
56917;958;905;1704;1949;2259
56957;957;905;1700;1944;2265
56987;956;905;1699;1945;2266
57027;955;905;1698;1943;2265
57067;952;904;1698;1945;2264
57107;951;902;1698;1941;2270
57137;949;901;1698;1924;2276
57177;947;900;1697;1905;2280
57217;944;900;1697;1905;2281
57257;941;899;1694;1911;2280
57287;938;896;1693;1911;2281
57327;937;894;1691;1902;2285
57367;937;893;1689;1899;2282
57407;937;892;1688;1899;2281
57437;937;892;1687;1913;2275
57477;937;891;1687;1923;2270
57517;937;891;1687;1922;2272
57557;936;892;1687;1925;2270
57587;936;892;1687;1929;2267
57627;937;892;1687;1930;2264
57667;937;892;1688;1928;2266
57707;937;892;1687;1920;2267
57737;937;892;1687;1919;2271
57777;937;892;1687;1913;2270
57817;936;892;1687;1918;2262
57857;936;892;1687;1935;2252
57887;937;892;1687;1934;2252
57927;937;892;1687;1933;2252
57967;937;892;1687;1918;2260
58007;936;892;1686;1912;2260
58037;937;892;1686;1923;2258
58077;937;892;1686;1930;2252
58117;937;892;1686;1936;2248
58157;937;892;1686;1939;2221
58187;938;892;1687;1943;2200
58227;937;892;1688;1961;2175
58267;938;892;1688;1976;2152
58307;938;892;1688;1990;2117
58337;938;892;1688;1995;2102
58377;938;892;1688;2001;2082
58417;941;892;1688;2009;2050
58447;946;892;1687;2021;2026
58487;949;892;1687;2017;2015
58527;951;892;1687;2015;2006
58567;952;893;1687;2014;1998
58607;952;893;1687;2018;1990
58637;952;893;1687;2026;1988
58677;952;892;1687;2023;1981
58717;955;892;1687;2020;1982
58757;957;892;1687;2023;1977
58787;961;892;1688;2019;1975
58827;964;892;1688;2019;1968
58867;966;893;1688;2021;1965
58907;968;893;1688;2024;1962
58937;970;892;1688;2023;1967
58977;974;892;1688;2016;1961
59017;977;892;1688;2031;1957
59057;983;892;1688;2032;1958
59127;994;892;1688;2026;1951
59167;1001;892;1688;2025;1951
59207;1010;892;1688;2027;1946
59237;1015;892;1688;2027;1948
59277;1018;892;1688;2028;1949
59317;1025;892;1687;2025;1950
59357;1029;892;1687;2030;1944
59387;1035;892;1688;2030;1942
59427;1046;893;1688;2034;1941
59467;1057;893;1688;2039;1941
59507;1061;893;1688;2035;1938
59537;1065;892;1688;2037;1939
59577;1070;892;1688;2040;1933
59617;1075;892;1687;2042;1927
59657;1083;892;1687;2046;1924
59687;1088;892;1689;2039;1922
59727;1096;893;1693;2050;1912
59767;1102;893;1699;2055;1911
59807;1112;893;1702;2067;1913
59837;1118;893;1709;2069;1915
59877;1126;893;1715;2076;1908
59917;1135;893;1719;2071;1906
59947;1140;893;1720;2072;1906
59987;1147;893;1722;2073;1908
60027;1157;893;1723;2070;1906
60067;1164;893;1727;2050;1898
60107;1171;893;1730;2049;1900
60137;1178;893;1732;2069;1904
60177;1186;892;1735;2070;1908
60217;1194;892;1737;2068;1914
60257;1201;892;1738;2064;1916
60287;1212;892;1739;2079;1915
60327;1221;893;1740;2086;1915
60367;1228;893;1740;2117;1912
60397;1235;893;1741;2108;1910
60437;1242;893;1741;2084;1911
60477;1248;893;1742;2074;1919
60517;1258;893;1744;2076;1913
60557;1265;893;1746;2068;1900
60637;1280;893;1750;2078;1900
60677;1290;893;1754;2109;1898
60717;1301;893;1758;2110;1898
60757;1312;893;1761;2109;1896
60797;1322;893;1765;2094;1893
60837;1330;893;1771;2107;1892
60877;1338;893;1775;2125;1889
60917;1348;893;1777;2124;1888
60957;1354;893;1779;2117;1891
60987;1363;893;1782;2114;1881
61027;1376;893;1786;2118;1882
61067;1389;893;1795;2136;1868
61107;1400;893;1805;2151;1859
61137;1407;899;1812;2148;1863
61177;1415;904;1816;2138;1873
61217;1426;914;1818;2141;1875
61257;1433;924;1819;2156;1864
61287;1445;932;1820;2160;1863
61327;1457;940;1822;2154;1866
61367;1465;952;1823;2156;1864
61407;1477;962;1824;2151;1874
61437;1483;970;1824;2156;1865
61477;1493;979;1823;2159;1865
61517;1503;988;1825;2160;1876
61557;1512;998;1828;2156;1870
61587;1521;1006;1829;2158;1872
61627;1566;1015;1830;2159;1873
61667;1570;1023;1831;2160;1874
61707;1607;1034;1832;2163;1873
61737;1638;1039;1833;2166;1872
61777;1661;1045;1833;2163;1878
61817;1699;1053;1832;2163;1882
61857;1716;1061;1832;2165;1875
61887;1731;1068;1833;2177;1865
61927;1744;1077;1834;2164;1869
61967;1756;1083;1835;2165;1880
62017;1768;1093;1835;2177;1864
62047;1764;1103;1837;2166;1870
62077;1779;1108;1837;2169;1875
62117;1783;1110;1838;2178;1869
62157;1792;1119;1839;2170;1880
62197;1802;1124;1840;2169;1878
62237;1817;1138;1842;2171;1882
62277;1828;1147;1844;2180;1875
62317;1836;1155;1845;2177;1883
62357;1843;1166;1845;2167;1886
62387;1846;1170;1846;2168;1886
62427;1865;1178;1848;2175;1884
62467;1877;1188;1850;2189;1876
62507;1887;1198;1852;2182;1881
62537;1894;1203;1855;2186;1882
62577;1901;1199;1858;2187;1881
62617;1916;1209;1860;2190;1887
62657;1922;1221;1862;2193;1883
62737;1942;1228;1866;2188;1885
62777;1952;1233;1869;2192;1885
62817;1962;1241;1871;2192;1891
62857;1972;1249;1873;2195;1889
62897;1979;1257;1874;2200;1891
62937;1989;1260;1875;2203;1893
62977;1996;1267;1875;2203;1895
63017;2008;1271;1877;2209;1896
63057;2020;1275;1878;2211;1897
63087;2078;1283;1881;2205;1898
63127;2118;1293;1883;2201;1895
63167;2144;1300;1884;2207;1897
63207;2158;1306;1886;2215;1893
63237;2167;1314;1889;2216;1897
63277;2177;1319;1893;2218;1896
63317;2185;1322;1897;2222;1896
63357;2195;1328;1900;2227;1893
63407;2205;1334;1900;2223;1892
63487;2222;1341;1901;2221;1885
63527;2230;1350;1903;2224;1886
63567;2240;1356;1905;2224;1882
63607;2248;1360;1907;2223;1884
63647;2253;1366;1908;2226;1883
63687;2261;1372;1908;2227;1882
63727;2268;1375;1908;2227;1874
63767;2272;1376;1911;2228;1874
63807;2277;1374;1914;2229;1879
63837;2284;1373;1915;2231;1875
63877;2290;1376;1918;2235;1876
63917;2297;1385;1921;2238;1876
63967;2302;1391;1923;2236;1869
63997;2308;1396;1925;2241;1870
64027;2314;1399;1927;2242;1868
64067;2318;1401;1929;2241;1866
64107;2325;1404;1930;2246;1868
64147;2332;1407;1932;2249;1866
64187;2338;1411;1935;2252;1866
64227;2343;1415;1937;2257;1862
64267;2346;1417;1938;2261;1861
64307;2346;1420;1939;2262;1862
64337;2349;1424;1939;2263;1863
64377;2355;1426;1939;2267;1862
64417;2359;1425;1938;2267;1855
64457;2366;1420;1940;2270;1854
64487;2370;1412;1941;2270;1852
64527;2373;1411;1941;2271;1853
64567;2375;1411;1942;2271;1847
64597;2379;1415;1942;2273;1849
64637;2383;1413;1942;2272;1848
64677;2385;1412;1942;2272;1847
64717;2387;1416;1942;2271;1847
64757;2387;1420;1943;2274;1842
64787;2389;1425;1944;2273;1835
64827;2392;1426;1944;2276;1836
64867;2395;1421;1945;2275;1830
64907;2400;1430;1945;2276;1828
64937;2403;1437;1945;2276;1833
64977;2406;1442;1945;2274;1832
65017;2407;1444;1945;2277;1829
65057;2408;1446;1945;2277;1827
65087;2409;1447;1946;2277;1823
65127;2408;1449;1947;2277;1827
65167;2411;1450;1947;2279;1825
65207;2414;1450;1947;2278;1825
65237;2418;1451;1948;2283;1821
65277;2420;1450;1948;2282;1820
65317;2420;1450;1949;2282;1821
65357;2419;1451;1950;2281;1821
65387;2419;1452;1951;2283;1822
65427;2418;1452;1952;2282;1819
65467;2419;1452;1953;2284;1818
65507;2420;1453;1953;2282;1820
1;2421;1454;1953;2286;1824
41;2423;1455;1953;2289;1818
81;2426;1455;1953;2289;1816
121;2427;1457;1953;2291;1820
151;2426;1455;1954;2290;1816
191;2426;1455;1955;2294;1810
231;2427;1454;1955;2294;1810
271;2427;1455;1955;2290;1816
301;2427;1456;1955;2292;1819
341;2428;1456;1955;2292;1819
381;2428;1457;1955;2291;1820
421;2427;1457;1955;2290;1818
451;2428;1457;1955;2286;1819
491;2428;1457;1955;2282;1818
531;2428;1457;1955;2281;1817
571;2428;1458;1955;2284;1814
601;2427;1458;1955;2287;1819
641;2427;1458;1955;2282;1821
681;2427;1458;1955;2282;1821
721;2427;1458;1954;2284;1820
751;2427;1458;1955;2283;1819
791;2427;1458;1956;2280;1822
831;2427;1458;1956;2279;1825
871;2427;1458;1956;2279;1823
901;2427;1457;1955;2283;1824
941;2427;1457;1954;2282;1822
981;2427;1458;1955;2281;1824
1021;2427;1458;1955;2275;1825
1051;2428;1458;1955;2276;1826
1081;2427;1458;1955;2278;1826
1091;2427;1458;1955;2277;1825
1131;2427;1458;1955;2275;1827
1171;2427;1458;1955;2269;1828
1201;2427;1458;1955;2261;1833
1241;2427;1457;1955;2259;1833
1281;2427;1458;1955;2270;1829
1291;2427;1458;1955;2267;1828