
13827;967;578;897;2131;1480
13947;1451;868;1345;2133;1480
13987;1693;1012;1569;2134;1479
14017;1813;1085;1681;2131;1482
14057;1874;1121;1736;2135;1482
14097;1904;1138;1764;2105;1508
14137;1919;1147;1779;2087;1522
14167;1926;1151;1787;2071;1536
14207;1927;1153;1790;2030;1562
14247;1928;1154;1792;2022;1583
14287;1928;1154;1792;2013;1600
14317;1931;1155;1793;2000;1607
14357;1927;1155;1793;1999;1610
14397;1923;1155;1793;1995;1618
14437;1916;1155;1793;1991;1617
14467;1912;1155;1793;1993;1624
14507;1903;1155;1794;1988;1632
14547;1895;1155;1793;1984;1637
14587;1884;1155;1794;1985;1642
14617;1874;1155;1794;1981;1642
14657;1866;1155;1793;1984;1643
14697;1855;1155;1793;1977;1648
14737;1846;1155;1794;1981;1654
14767;1838;1155;1794;1985;1662
14807;1827;1156;1793;1993;1674
14847;1822;1155;1793;1993;1680
14887;1811;1156;1793;1997;1694
14917;1800;1155;1793;1994;1703
14957;1791;1157;1794;1995;1706
14997;1782;1157;1794;2007;1709
15037;1775;1156;1794;2003;1711
15067;1770;1156;1793;2002;1717
15107;1759;1155;1793;2006;1716
15147;1751;1155;1793;2006;1720
15187;1744;1155;1794;2008;1718
15217;1728;1155;1794;2013;1724
15257;1722;1155;1794;2015;1735
15297;1675;1155;1794;2025;1731
15337;1649;1158;1794;2027;1739
15367;1616;1157;1793;2039;1741
15407;1571;1158;1794;2045;1743
15447;1548;1159;1793;2036;1733
15487;1534;1157;1793;2040;1735
15517;1523;1156;1792;2051;1737
15557;1515;1155;1789;2036;1733
15597;1506;1154;1783;2037;1705
15637;1494;1154;1780;2033;1720
15667;1485;1153;1777;2045;1716
15707;1477;1153;1773;2040;1722
15747;1463;1152;1769;2044;1721
15787;1456;1153;1764;2056;1726
15817;1451;1154;1758;2057;1733
15857;1437;1140;1754;2072;1721
15877;1427;1138;1752;2066;1728
15897;1421;1137;1751;2068;1736
15937;1412;1132;1749;2071;1745
15967;1405;1121;1749;2069;1750
16007;1395;1115;1748;2069;1746
16047;1382;1110;1748;2069;1753
16087;1373;1108;1745;2079;1742
16117;1364;1105;1740;2073;1751
16157;1346;1102;1732;2062;1750
16197;1339;1100;1725;2069;1753
16237;1335;1095;1722;2064;1762
16267;1323;1092;1720;2061;1757
16307;1314;1090;1713;2061;1761
16347;1307;1088;1707;2061;1774
16387;1299;1087;1702;2064;1786
16417;1288;1086;1697;2066;1785
16457;1282;1085;1692;2066;1784
16497;1273;1078;1688;2067;1795
16537;1262;1072;1685;2061;1791
16567;1254;1070;1682;2069;1785
16607;1245;1068;1678;2075;1797
16647;1238;1068;1669;2073;1801
16687;1233;1067;1661;2054;1798
16717;1220;1066;1657;2058;1793
16757;1207;1061;1655;2053;1782
16797;1197;1051;1654;2053;1790
16837;1190;1050;1652;2051;1804
16867;1184;1049;1647;2054;1819
16907;1175;1048;1639;2060;1818
16947;1167;1047;1634;2064;1817
16987;1157;1049;1630;2067;1817
17017;1150;1042;1626;2057;1822
17057;1141;1036;1622;2055;1831
17097;1131;1031;1619;2057;1828
17137;1121;1027;1616;2064;1831
17167;1115;1029;1613;2068;1841
17207;1106;1030;1610;2062;1845
17247;1102;1030;1605;2062;1848
17287;1095;1024;1600;2060;1851
17317;1085;1021;1595;2056;1852
17357;1076;1018;1588;2065;1866
17397;1071;1018;1584;2082;1889
17437;1063;1013;1581;2094;1895
17467;1053;1011;1576;2095;1906
17507;1045;1010;1573;2086;1928
17547;1038;1009;1567;2086;1931
17587;1028;1007;1562;2095;1941
17617;1023;1003;1559;2089;1941
17657;1017;995;1557;2098;1952
17697;1011;991;1554;2099;1964
17737;1006;987;1549;2100;1980
17767;998;989;1545;2098;1978
17807;992;986;1542;2104;1985
17847;985;984;1536;2103;2007
17887;979;983;1532;2099;2014
17917;974;978;1528;2103;2016
17957;971;977;1526;2102;2038
17997;967;973;1524;2117;2057
18037;962;971;1522;2118;2064
18067;956;970;1520;2118;2079
18107;949;970;1517;2117;2098
18147;941;968;1513;2124;2116
18187;937;964;1509;2130;2153
18217;932;961;1507;2133;2123
18257;931;957;1506;2142;2162
18297;926;952;1503;2153;2174
18337;921;948;1501;2146;2193
18367;916;942;1499;2154;2210
18407;914;944;1497;2501;2536
18447;910;937;1496;2493;2520
18487;904;930;1494;2494;2527
18517;900;932;1492;2499;2542
18557;896;927;1490;2485;2549
18597;892;923;1488;2485;2562
18637;888;919;1487;2504;2563
18667;885;921;1486;2500;2566
18707;881;917;1485;2492;2570
18747;880;915;1485;2491;2571
18787;877;914;1485;2495;2568
18817;876;916;1485;2494;2566
18857;875;920;1485;2497;2567
18897;872;919;1483;2498;2577
18937;870;916;1483;2497;2590
18967;868;914;1482;2500;2590
19007;867;911;1480;2497;2590
19037;866;909;1479;2504;2603
19047;866;908;1479;2499;2607
19087;862;907;1478;2519;2578
19117;860;905;1477;2495;2611
19157;858;906;1476;2494;2635
19197;855;903;1475;2494;2642
19237;852;899;1474;2507;2644
19267;849;894;1474;2514;2640
19307;848;892;1474;2518;2625
19347;847;891;1474;2516;2623
19387;846;891;1474;2512;2617
19417;846;891;1474;2516;2612
19457;846;891;1474;2518;2614
19497;845;891;1474;2520;2612
19537;846;895;1474;2520;2612
19567;846;897;1473;2521;2612
19607;845;896;1473;2523;2617
19647;845;893;1474;2524;2613
19687;845;894;1474;2526;2614
19717;846;892;1474;2522;2608
19757;846;891;1474;2522;2607
19797;846;891;1474;2515;2603
19837;846;890;1474;2514;2603
19857;845;890;1474;2513;2601
19907;845;890;1473;2517;2603
19947;845;891;1473;2518;2600
19987;846;890;1472;2519;2593
20017;846;890;1473;2515;2594
20057;846;890;1474;2517;2592
20097;846;890;1474;2518;2593
20137;846;890;1474;2518;2594
20167;846;892;1474;2518;2588
20207;846;891;1474;2519;2590
20247;846;892;1474;2516;2592
20287;846;891;1474;2517;2580
20317;846;891;1474;2517;2577
20357;846;891;1474;2511;2592
20397;846;896;1473;2540;2567
20437;846;898;1474;2557;2492
20467;846;894;1474;2556;2423
20507;846;892;1474;2530;2317
20547;846;894;1473;2522;2198
20587;847;892;1472;2517;2138
20617;847;890;1472;2497;2025
20657;846;892;1473;2493;1911
20697;848;893;1473;2497;1835
20737;849;894;1474;2513;1779
20767;849;895;1473;2536;1768
20807;850;892;1473;2538;1755
20847;851;894;1474;2565;1745
20887;854;892;1474;2567;1733
20917;855;894;1474;2583;1723
20957;856;894;1474;2593;1711
20997;857;895;1474;2612;1703
21037;858;896;1474;2629;1699
21067;859;894;1473;2639;1694
21107;862;895;1474;2662;1688
21147;865;893;1474;2686;1689
21187;869;894;1474;2713;1688
21217;875;895;1473;2730;1679
21257;879;894;1473;2749;1672
21297;885;895;1473;2761;1665
21337;892;895;1473;2775;1658
21367;896;893;1473;2783;1660
21407;904;895;1473;2797;1650
21447;909;895;1474;2820;1637
21487;913;895;1473;2829;1632
21517;917;896;1473;2832;1634
21557;919;896;1473;2832;1640
21597;922;896;1473;2842;1651
21637;923;896;1473;2836;1658
21667;924;896;1471;2836;1667
21707;924;895;1472;2815;1677
21747;925;893;1472;2735;1715
21787;924;895;1472;2691;1752
21817;923;896;1473;2649;1770
21857;921;895;1473;2568;1834
21897;918;896;1473;2541;1874
21937;915;896;1473;2542;1934
21967;913;895;1472;2540;1965
22007;912;894;1472;2538;2029
22047;913;894;1473;2537;2082
22087;913;895;1473;2535;2124
22117;912;896;1473;2530;2147
22157;912;896;1474;2535;2171
22197;912;894;1474;2535;2208
22237;913;893;1474;2536;2242
22267;913;892;1474;2541;2274
22307;911;891;1474;2548;2307
22347;909;890;1474;2549;2330
22387;904;891;1473;2563;2357
22417;900;896;1473;2567;2370
22457;897;894;1473;2568;2393
22497;894;893;1473;2570;2413
22537;891;892;1473;2569;2338
22567;889;892;1473;2573;2377
22607;887;897;1473;2570;2415
22647;884;894;1474;2574;2423
22687;882;892;1474;2573;2419
22717;881;892;1473;2576;2420
22757;881;894;1473;2575;2417
22797;881;896;1473;2566;2409
22837;881;896;1474;2565;2410
22867;881;896;1474;2568;2410
22907;881;895;1474;2568;2403
22947;881;896;1474;2565;2402
22987;881;893;1473;2586;2415
23017;881;893;1473;2587;2409
23057;880;895;1473;2589;2405
23097;880;895;1473;2579;2345
23137;880;896;1473;2556;2167
23167;881;893;1473;2530;2012
23207;881;895;1473;2525;1922
23247;881;893;1474;2544;1827
23287;882;895;1474;2568;1774
23317;884;896;1474;2580;1764
23357;886;895;1474;2604;1750
23397;888;895;1474;2623;1728
23437;889;896;1474;2638;1711
23467;889;896;1474;2660;1705
23507;890;893;1473;2676;1698
23547;890;893;1475;2711;1687
23587;894;894;1474;2740;1679
23617;897;895;1474;2770;1670
23657;903;896;1473;2785;1663
23697;908;892;1473;2799;1652
23737;912;895;1474;2811;1644
23767;919;896;1473;2820;1640
23807;923;897;1474;2823;1638
23847;926;897;1474;2825;1636
23887;928;897;1475;2823;1641
23917;929;897;1475;2838;1646
23957;929;896;1474;2841;1647
23997;930;894;1474;2848;1657
24037;930;894;1474;2807;1683
24067;930;894;1475;2763;1709
24107;930;894;1474;2711;1745
24147;929;895;1473;2642;1796
24187;927;896;1473;2584;1854
24217;926;896;1474;2565;1899
24257;925;895;1473;2553;1944
24297;924;895;1474;2563;2019
24337;921;896;1473;2557;2089
24367;919;896;1474;2552;2122
24407;918;896;1474;2550;2147
24447;918;896;1473;2551;2167
24487;917;895;1473;2545;2190
24517;917;896;1473;2549;2217
24557;916;895;1473;2550;2259
24597;914;893;1473;2552;2286
24637;913;892;1474;2562;2313
24667;912;892;1474;2571;2337
24707;909;894;1473;2579;2363
24747;905;893;1474;2583;2385
24787;900;892;1474;2590;2409
24817;897;892;1473;2589;2419
24857;896;892;1473;2588;2339
24897;895;892;1473;2594;2427
24937;892;892;1474;2595;2437
24967;889;892;1474;2592;2451
25007;884;893;1474;2595;2474
25047;878;893;1474;2595;2486
25087;875;894;1474;2595;2491
25117;873;893;1474;2595;2493
25157;872;893;1474;2600;2496
25197;871;893;1474;2602;2491
25237;871;892;1473;2598;2486
25267;870;892;1473;2600;2485
25307;871;893;1473;2599;2485
25347;871;892;1473;2599;2485
25387;870;893;1474;2601;2496
25417;870;895;1474;2609;2495
25457;871;896;1474;2616;2444
25497;870;897;1474;2615;2415
25537;870;896;1474;2613;2393
25567;870;894;1474;2597;2292
25607;870;895;1474;2583;2137
25647;871;893;1474;2544;1986
25687;872;895;1474;2564;1889
25717;872;896;1474;2569;1832
25757;873;896;1474;2582;1795
25797;878;895;1474;2603;1782
25837;881;896;1474;2629;1757
25867;882;896;1474;2650;1745
25907;884;896;1474;2669;1730
25947;885;897;1474;2700;1727
25987;885;896;1474;2717;1719
26017;886;897;1474;2741;1709
26057;886;897;1474;2757;1700
26097;892;896;1474;2771;1692
26137;896;895;1474;2788;1678
26167;900;894;1474;2805;1667
26207;906;893;1473;2819;1664
26247;911;894;1473;2832;1659
26287;917;893;1473;2838;1656
26317;921;895;1474;2841;1655
26357;924;895;1474;2840;1660
26397;926;895;1473;2837;1664
26437;927;896;1473;2853;1676
26467;928;897;1474;2854;1687
26507;928;896;1474;2854;1691
26547;928;895;1474;2796;1714
26587;928;895;1474;2743;1748
26617;927;894;1474;2694;1781
26657;927;895;1473;2623;1825
26697;924;892;1473;2586;1888
26737;920;891;1473;2566;1944
26767;918;894;1473;2566;1995
26807;915;894;1473;2566;2068
26847;914;894;1473;2567;2132
26887;913;893;1473;2557;2162
26917;913;894;1473;2559;2183
26957;913;894;1473;2561;2210
26997;912;895;1473;2560;2254
27037;913;896;1472;2564;2276
27067;912;896;1472;2574;2306
27107;909;894;1473;2578;2349
27147;903;893;1474;2584;2375
27187;899;893;1474;2591;2400
27217;898;893;1474;2590;2281
27257;896;893;1474;2593;2393
27297;894;892;1474;2597;2431
27337;891;892;1474;2603;2456
27367;886;895;1474;2608;2478
27407;882;893;1474;2610;2492
27447;878;895;1474;2607;2497
27487;876;893;1473;2611;2500
27517;874;893;1474;2615;2500
27557;874;896;1474;2617;2498
27597;874;896;1475;2620;2501
27637;873;897;1474;2620;2497
27667;873;896;1474;2621;2501
27707;873;894;1473;2623;2500
27747;873;896;1473;2629;2504
27787;874;894;1473;2646;2470
27817;874;895;1473;2643;2456
27857;874;896;1474;2641;2438
27897;874;897;1474;2620;2301
27937;874;897;1474;2604;2112
27967;875;896;1473;2564;2002
28007;874;895;1474;2583;1899
28047;875;895;1474;2585;1820
28087;879;894;1474;2601;1802
28117;883;894;1473;2625;1784
28157;885;893;1473;2652;1767
28197;886;894;1474;2679;1754
28237;886;896;1474;2704;1735
28267;887;895;1473;2717;1728
28307;888;895;1473;2745;1716
28347;888;895;1474;2764;1700
28387;893;895;1474;2781;1693
28417;897;894;1474;2792;1684
28457;903;895;1474;2810;1674
28497;909;896;1473;2824;1666
28617;918;897;1473;2844;1664
28657;922;896;1473;2842;1668
28697;925;895;1473;2843;1677
28737;926;896;1473;2838;1675
28817;927;897;1474;2811;1711
28857;928;896;1474;2767;1732
28897;929;895;1473;2710;1775
28937;928;897;1473;2652;1817
28977;925;898;1473;2601;1880
29017;921;898;1474;2583;1937
29057;919;898;1474;2580;1983
29097;916;896;1474;2577;2039
29137;914;896;1473;2585;2103
29167;913;895;1474;2572;2128
29207;914;897;1474;2576;2161
29247;913;896;1473;2577;2185
29287;914;897;1474;2567;2208
29317;913;898;1473;2568;2231
29357;911;898;1473;2570;2273
29397;911;895;1473;2588;2306
29437;910;893;1473;2590;2333
29467;908;892;1474;2594;2348
29507;903;892;1474;2602;2383
29547;899;892;1474;2614;2404
29587;898;892;1473;2614;2342
29617;897;897;1473;2625;2410
29657;895;894;1473;2627;2442
29697;891;893;1473;2631;2474
29737;886;892;1473;2631;2486
29767;881;898;1473;2629;2495
29807;878;900;1473;2630;2515
29847;874;896;1473;2630;2521
29887;871;894;1473;2633;2521
29917;870;894;1473;2634;2519
29957;869;892;1474;2634;2517
29997;869;893;1474;2635;2512
30037;869;892;1473;2631;2516
30067;869;894;1473;2633;2511
30107;869;895;1473;2631;2511
30147;869;896;1473;2632;2513
30187;869;895;1473;2634;2518
30217;869;893;1473;2652;2528
30257;869;895;1473;2656;2472
30297;868;893;1473;2657;2436
30337;868;895;1473;2654;2371
30367;868;895;1473;2628;2281
30407;868;896;1473;2616;2120
30447;868;895;1473;2569;1965
30487;869;895;1473;2600;1879
30517;869;896;1473;2592;1819
30557;872;894;1474;2615;1792
30597;877;894;1474;2649;1773
30637;881;896;1473;2680;1749
30667;883;897;1473;2704;1735
30707;884;896;1473;2730;1727
30747;884;897;1473;2753;1715
30787;884;897;1474;2771;1705
30817;885;894;1473;2780;1690
30857;892;895;1474;2794;1683
30897;897;897;1474;2808;1675
30937;903;897;1473;2832;1669
30967;908;897;1473;2838;1665
31007;912;898;1473;2845;1665
31047;915;898;1474;2854;1667
31087;918;898;1475;2857;1669
31117;919;898;1474;2866;1678
31157;920;897;1474;2866;1687
31197;921;897;1473;2877;1696
31237;921;897;1473;2852;1714
31267;921;896;1473;2816;1733
31307;921;895;1474;2764;1771
31347;921;895;1474;2710;1807
31387;919;897;1474;2642;1862
31417;915;896;1473;2629;1904
31457;913;895;1473;2610;1975
31497;913;895;1472;2610;2045
31537;912;897;1473;2608;2114
31567;913;898;1473;2598;2150
31577;912;898;1473;2596;2165
31627;912;898;1474;2595;2208
31667;912;895;1475;2597;2225
31707;912;895;1474;2599;2257
31747;912;894;1474;2594;2280
31787;912;894;1474;2601;2322
31827;909;894;1474;2613;2351
31867;905;894;1474;2618;2376
31907;901;896;1473;2625;2381
31947;900;895;1473;2629;2350
31987;898;894;1473;2631;2418
32017;896;893;1473;2637;2446
32057;892;893;1474;2637;2464
32097;887;893;1473;2637;2486
32137;882;895;1474;2636;2502
32167;877;894;1474;2638;2516
32207;874;893;1474;2642;2531
32247;871;893;1474;2640;2533
32287;870;893;1474;2644;2530
32317;869;894;1474;2646;2530
32357;868;893;1474;2645;2527
32397;869;895;1474;2645;2528
32437;869;895;1474;2646;2525
32467;869;895;1474;2646;2523
32507;869;895;1474;2647;2523
32537;869;895;1473;2647;2525
32547;869;895;1474;2646;2527
32587;869;895;1474;2664;2525
32617;868;893;1474;2671;2482
32657;868;894;1474;2677;2453
32697;868;894;1474;2674;2426
32737;869;895;1474;2650;2297
32767;869;894;1474;2640;2190
32807;869;894;1474;2604;1993
32847;869;895;1474;2610;1910
32887;870;896;1474;2615;1832
32917;872;896;1473;2628;1803
32957;877;895;1473;2650;1794
32997;880;895;1473;2687;1774
33037;882;895;1473;2706;1753
33067;883;895;1473;2740;1755
33107;884;895;1473;2761;1744
33147;884;894;1474;2777;1733
33187;884;894;1474;2790;1709
33217;886;894;1474;2806;1702
33257;891;894;1474;2812;1702
33297;896;896;1474;2831;1688
33337;901;896;1474;2843;1681
33367;907;897;1474;2851;1676
33407;910;898;1474;2857;1674
33447;914;898;1474;2860;1667
33487;916;896;1474;2861;1670
33517;917;896;1474;2857;1674
33557;918;895;1474;2869;1679
33597;918;896;1474;2871;1699
33637;919;897;1474;2873;1703
33667;920;896;1474;2848;1724
33707;920;896;1474;2794;1753
33747;920;894;1473;2749;1797
33787;919;896;1474;2666;1819
33817;917;895;1473;2640;1881
33857;914;894;1473;2622;1949
33897;913;896;1473;2610;2012
33937;913;897;1473;2613;2100
33967;912;896;1473;2603;2148
34007;912;896;1473;2595;2188
34047;912;897;1474;2593;2223
34087;912;896;1474;2598;2250
34117;912;896;1474;2593;2285
34157;911;894;1475;2597;2327
34197;908;893;1475;2605;2356
34237;903;894;1474;2615;2383
34267;900;894;1475;2625;2340
34307;898;893;1475;2622;2394
34337;897;892;1474;2631;2422
34347;895;895;1474;2628;2431
34387;892;894;1474;2630;2469
34417;888;893;1474;2631;2482
34457;884;893;1474;2632;2499
34497;879;893;1474;2631;2512
34537;875;892;1474;2635;2512
34567;873;892;1474;2637;2511
34607;873;892;1475;2636;2510
34647;872;895;1474;2638;2513
34687;872;896;1475;2636;2511
34717;872;896;1474;2636;2511
34757;872;894;1474;2639;2512
34797;872;895;1474;2639;2514
34837;872;894;1474;2654;2517
34867;872;896;1474;2671;2495
34907;873;895;1474;2674;2470
34947;872;895;1474;2675;2444
34987;873;896;1474;2664;2325
35037;873;897;1474;2628;2131
35047;872;896;1474;2625;2082
35127;873;897;1474;2613;1861
35187;878;896;1474;2627;1800
35227;882;895;1474;2669;1782
35287;884;896;1474;2707;1755
35327;886;896;1473;2733;1738
35367;886;897;1473;2751;1728
35407;886;897;1473;2763;1713
35447;887;897;1474;2773;1695
35487;893;897;1474;2778;1711
35527;897;898;1474;2782;1703
35567;904;898;1474;2796;1702
35607;909;897;1474;2808;1688
35687;919;897;1474;2823;1640
35727;926;898;1475;2818;1624
35767;931;896;1474;2789;1630
35807;935;896;1474;2774;1637
35847;937;896;1474;2750;1655
35887;938;896;1474;2775;1659
35917;938;897;1474;2783;1656
35957;939;895;1474;2790;1673
35997;939;895;1474;2765;1689
36037;939;895;1474;2703;1721
36067;939;895;1474;2640;1734
36107;938;894;1474;2568;1781
36147;937;895;1474;2517;1801
36187;935;895;1474;2488;1841
36217;933;895;1474;2476;1870
36257;932;897;1473;2458;1924
36297;932;896;1473;2448;1993
36337;931;896;1473;2445;1999
36367;931;897;1474;2447;2009
36407;931;898;1474;2463;2057
36447;931;898;1474;2562;2174
36487;931;898;1474;2689;2227
36517;928;897;1474;2715;2245
36557;925;897;1473;2777;2331
36597;920;896;1473;2801;2396
36637;916;894;1474;3146;2706
36667;914;894;1473;3229;2742
36707;914;895;1473;3239;2757
36747;913;894;1474;3496;2991
36787;910;894;1475;3508;3021
36817;908;893;1474;3515;3063
36857;903;893;1474;3737;3308
36897;898;893;1474;3814;3367
36937;895;893;1474;3935;3511
36967;892;893;1474;3996;3576
37007;888;892;1474;4095;3864
37047;884;895;1473;4095;3910
37087;880;893;1474;4095;4095
37117;877;893;1474;4095;4095
37157;873;891;1473;4095;4095
37197;869;892;1473;4095;4095
37237;868;893;1473;4095;4095
37267;867;893;1473;4095;4095
37307;867;892;1473;4095;4095
37337;866;891;1472;4095;4095
37347;866;892;1472;4095;4095
37387;865;889;1473;4095;4095
37417;866;887;1474;4095;4095
37457;866;886;1474;4095;4095
37497;866;891;1473;4095;4095
37537;866;889;1474;4095;4095
37567;865;887;1474;4095;4095
37607;863;887;1474;4095;4095
37647;862;886;1473;4095;4095
37687;862;887;1472;4095;4095
37717;863;887;1473;4095;4095
37757;862;888;1473;4095;4095
37797;862;887;1473;4095;4095
37837;862;888;1473;4095;4095
37867;863;888;1472;4095;4095
37907;863;889;1473;4095;3979
37947;863;888;1473;4095;3879
37987;865;888;1473;4095;3777
38017;866;888;1472;4095;3660
38057;867;889;1471;4095;3582
38097;867;888;1472;4095;3482
38137;869;889;1472;4095;3448
38167;872;889;1473;4095;3397
38207;877;890;1473;4095;3316
38247;881;890;1473;4095;3310
38287;889;890;1473;4095;3250
38317;894;890;1473;4095;3125
38357;898;888;1472;4095;2846
38397;903;890;1473;4095;2848
38437;909;890;1473;4095;2835
38467;912;891;1473;4095;2840
38507;914;891;1474;4095;2842
38547;916;890;1474;4095;2848
38587;917;890;1474;4095;2863
38617;918;890;1474;4095;2883
38657;918;891;1474;4095;2885
38697;918;891;1473;4095;2910
38737;917;890;1473;4095;2968
38767;918;891;1474;4095;3027
38807;917;891;1474;4095;3106
38847;917;891;1473;4095;3124
38887;917;891;1474;4095;3163
38917;917;892;1474;4095;3199
38957;917;889;1473;4095;3300
38997;915;891;1473;4095;3323
39037;911;891;1474;4095;3304
39057;909;891;1474;4095;3316
39107;908;890;1474;4095;3376
39147;909;889;1474;4080;3380
39187;908;888;1474;4064;3397
39217;907;887;1474;4067;3406
39257;902;887;1473;4025;3427
39297;898;887;1473;4019;3465
39337;896;886;1473;4014;3475
39367;893;886;1473;4053;3509
39407;890;887;1474;4095;3540
39447;889;887;1474;4095;3494
39487;889;887;1474;4095;3557
39517;885;887;1474;4094;3573
39557;881;886;1474;4092;3605
39597;876;886;1474;4095;3652
39637;871;883;1473;4095;3651
39667;868;883;1472;4095;3681
39707;867;881;1473;4094;3695
39747;864;883;1474;4065;3691
39787;861;881;1473;4070;3703
39817;858;878;1473;4086;3719
39857;857;876;1474;4091;3715
39897;856;875;1473;4095;3726
39937;854;875;1474;4095;3747
39967;854;875;1473;4095;3769
40007;853;877;1474;4095;3769
40047;852;875;1474;4095;3777
40087;853;877;1473;4095;3795
40117;852;876;1473;4095;3811
40157;851;875;1473;4095;3841
40197;850;874;1473;4095;3842
40237;848;874;1473;4095;3852
40267;846;876;1473;4095;3863
40307;843;875;1473;4095;3877
40347;841;877;1473;4095;3879
40387;839;876;1472;4095;3875
40417;838;875;1471;4095;3874
40457;837;875;1470;4095;3862
40497;837;875;1470;4095;3861
40537;837;874;1471;4095;3862
40567;837;877;1470;4095;3860
40607;837;875;1470;4095;3856
40647;838;877;1470;4095;3854
40687;838;875;1470;4095;3850
40717;837;875;1470;4095;3849
40757;837;875;1470;4095;3850
40797;837;874;1469;4095;3848
40837;837;874;1470;4095;3849
40867;837;874;1471;4095;3849
40907;837;876;1471;4095;3844
40947;836;875;1470;4095;3843
40987;836;876;1470;4095;3824
41017;836;875;1470;4095;3776
41057;836;874;1470;4095;3720
41097;836;873;1470;4095;3662
41137;836;874;1470;4095;3594
41167;836;874;1470;4095;3564
41207;836;877;1470;4095;3487
41247;836;878;1470;4095;3370
41287;837;877;1470;4095;3227
41317;838;878;1470;4095;3138
41357;840;878;1470;4095;3091
41397;842;878;1470;4095;3008
41437;845;878;1470;4095;2974
41467;849;875;1470;4095;2952
41507;851;876;1470;4095;2937
41547;854;875;1469;4095;2930
41587;857;876;1470;4095;2923
41617;858;878;1470;4095;2917
41657;859;878;1470;4095;2910
41697;860;878;1470;4095;2907
41737;861;879;1470;4095;2900
41767;864;879;1470;4095;2890
41807;866;875;1470;4095;2880
41847;869;875;1470;4095;2886
41887;875;877;1470;4095;2888
41917;879;877;1470;4095;2883
41957;882;878;1470;4095;2885
41997;890;876;1470;4095;2881
42037;895;877;1470;4095;2881
42067;899;878;1470;4095;2880
42107;906;879;1470;4095;2885
42147;910;879;1470;4095;2888
42187;917;879;1470;4095;2873
42217;922;879;1470;4095;2865
42257;927;879;1470;4095;2854
42297;932;879;1470;4095;2854
42337;935;879;1470;4095;2856
42367;941;879;1470;4095;2856
42407;950;879;1470;4095;2849
42447;956;879;1470;4095;2844
42487;965;879;1470;4095;2841
42517;972;879;1470;4095;2831
42557;977;879;1470;4095;2827
42597;978;878;1470;4095;2816
42637;987;878;1470;4095;2811
42667;994;879;1470;4095;2811
42707;1001;879;1470;4095;2807
42747;1008;879;1470;4095;2807
42787;1016;879;1471;4095;2802
42817;1021;879;1473;4095;2794
42857;1027;879;1475;4095;2789
42897;1034;879;1476;4095;2787
42907;1040;878;1477;4095;2783
42947;1048;876;1478;4095;2793
42977;1056;875;1479;4095;2786
43017;1062;880;1483;4095;2774
43057;1069;877;1489;4095;2771
43097;1075;881;1492;4095;2770
43127;1082;878;1494;4095;2746
43167;1091;876;1499;4095;2733
43207;1098;876;1503;4095;2731
43247;1105;875;1508;4095;2735
43277;1111;876;1511;4095;2737
43317;1119;876;1513;4095;2734
43357;1125;875;1518;4095;2743
43397;1135;877;1523;4095;2793
43437;1144;879;1526;4095;2779
43517;1159;880;1533;4095;2777
43557;1168;882;1538;4095;2770
43637;1183;883;1545;4095;2750
43677;1191;883;1550;4095;2739
43717;1200;881;1552;4095;2742
43757;1216;880;1556;4095;2743
43797;1225;882;1561;4095;2741
43837;1236;891;1564;4095;2751
43867;1244;897;1566;4095;2746
43907;1251;904;1568;4095;2745
43947;1260;907;1569;4095;2751
43987;1271;911;1570;4095;2746
44017;1282;920;1571;4095;2763
44057;1292;923;1571;4095;2747
44097;1298;932;1571;4095;2748
44137;1306;942;1571;4095;2745
44167;1313;947;1572;4095;2749
44207;1323;951;1572;4095;2742
44247;1329;960;1573;4095;2750
44287;1324;962;1574;4095;2736
44317;1339;967;1576;4095;2748
44357;1356;971;1577;4095;2743
44397;1366;979;1577;4095;2752
44437;1382;988;1578;4095;2753
44467;1393;993;1578;4095;2747
44507;1399;1001;1578;4095;2756
44547;1404;1010;1578;4095;2757
44587;1420;1017;1579;4095;2743
44617;1433;1023;1580;4095;2753
44657;1440;1027;1580;4095;2747
44697;1449;1036;1580;4095;2755
44737;1461;1040;1581;4095;2740
44767;1470;1044;1582;4095;2751
44807;1476;1045;1585;4095;2743
44847;1486;1052;1586;4095;2745
44887;1495;1058;1588;4095;2749
44917;1502;1063;1589;4095;2746
44957;1513;1068;1591;4095;2743
44997;1520;1072;1592;4095;2722
45037;1525;1079;1593;4095;2725
45067;1551;1083;1594;4095;2723
45107;1580;1088;1595;4095;2724
45147;1610;1089;1597;4095;2723
45187;1665;1097;1599;4095;2734
45217;1684;1100;1601;4095;2739
45257;1714;1104;1603;4095;2731
45297;1727;1108;1605;4095;2737
45337;1745;1109;1607;4095;2735
45367;1750;1109;1608;4095;2743
45407;1753;1115;1609;4095;2731
45447;1764;1118;1609;4095;2727
45487;1774;1123;1610;4095;2737
45517;1787;1127;1611;4095;2727
45557;1799;1132;1611;4095;2734
45597;1806;1136;1611;4095;2729
45637;1818;1136;1612;4095;2724
45667;1826;1135;1612;4095;2725
45707;1834;1131;1612;4095;2725
45747;1845;1142;1613;4095;2723
45787;1853;1148;1614;4095;2721
45817;1866;1151;1615;4095;2712
45857;1877;1153;1616;4095;2714
45897;1884;1155;1616;4095;2704
45937;1899;1159;1616;4095;2710
45967;1906;1161;1616;4095;2712
46007;1913;1162;1618;4095;2717
46047;1923;1169;1618;4095;2720
46087;1924;1173;1619;4095;2715
46117;1934;1176;1620;4095;2709
46157;1942;1179;1621;4095;2722
46197;1953;1176;1622;4095;2710
46237;1961;1173;1623;4095;2712
46267;1970;1172;1623;4095;2718
46307;1976;1170;1624;4095;2716
46347;1983;1175;1626;4095;2719
46387;1991;1183;1627;4095;2717
46417;2000;1188;1627;4095;2711
46457;2008;1191;1628;4095;2712
46497;2013;1192;1628;4095;2711
46537;2080;1193;1629;4095;2714
46567;2124;1195;1629;4095;2712
46607;2152;1201;1629;4095;2713
46647;2162;1204;1629;4095;2709
46687;2172;1206;1629;4095;2710
46717;2178;1207;1629;4095;2714
46757;2181;1207;1630;4095;2714
46797;2189;1205;1631;4095;2708
46837;2200;1204;1631;4095;2715
46867;2208;1204;1631;4095;2715
46907;2209;1204;1631;4095;2713
46947;2217;1204;1631;4095;2717
46987;2224;1204;1631;4095;2713
47017;2230;1205;1632;4095;2716
47057;2236;1205;1634;4095;2713
47097;2242;1205;1634;4095;2709
47137;2247;1214;1635;4095;2715
47167;2252;1219;1637;4095;2701
47207;2259;1223;1639;4095;2709
47247;2265;1225;1640;4095;2703
47287;2270;1226;1642;4095;2707
47317;2274;1227;1643;4095;2708
47357;2275;1229;1644;4095;2706
47397;2276;1232;1645;4095;2707
47437;2280;1234;1645;4095;2704
47467;2285;1235;1645;4095;2702
47507;2288;1236;1645;4095;2708
47547;2291;1236;1645;4095;2706
47587;2297;1236;1646;4095;2701
47617;2303;1237;1647;4095;2699
47657;2309;1237;1647;4095;2692
47697;2311;1237;1648;4095;2692
47737;2311;1237;1648;4095;2698
47767;2311;1237;1648;4095;2700
47807;2309;1237;1648;4095;2703
47847;2309;1237;1648;4095;2704
47887;2308;1237;1648;4095;2707
47917;2309;1238;1649;4095;2704
47957;2309;1238;1649;4095;2695
47997;2309;1239;1649;4095;2700
48037;2310;1240;1650;4095;2696
48067;2309;1241;1650;4095;2693
48107;2314;1241;1650;4095;2693
48147;2318;1241;1650;4095;2696
48187;2323;1241;1650;4095;2700
48217;2330;1241;1650;4095;2695
48257;2333;1241;1651;4095;2694
48297;2333;1241;1651;4095;2689
48337;2332;1241;1652;4095;2694
48367;2331;1242;1652;4095;2697
48407;2331;1243;1652;4095;2698
48447;2330;1242;1651;4095;2698
48487;2329;1243;1651;4095;2698
48517;2329;1242;1651;4095;2696
48557;2329;1243;1651;4095;2692
48597;2329;1243;1651;4095;2695
48637;2329;1242;1651;4095;2688
48667;2330;1242;1651;4095;2679
48707;2330;1243;1651;4095;2675
48747;2330;1243;1651;4095;2674
48787;2334;1247;1651;4095;2685
48817;2337;1250;1652;4095;2682
48857;2339;1252;1652;4095;2672
48897;2340;1252;1652;4095;2678
48937;2341;1253;1652;4095;2678
48967;2342;1254;1651;4095;2689
49007;2342;1254;1651;4095;2689
49047;2342;1255;1651;4095;2692
49087;2342;1255;1651;4095;2690
49117;2341;1255;1651;4095;2689
49157;2341;1255;1651;4095;2691
49197;2340;1255;1651;4095;2690
49237;2340;1255;1651;4095;2691
49267;2340;1255;1652;4095;2692
49307;2340;1255;1652;4095;2693
49347;2340;1255;1652;4095;2693
49387;2341;1255;1652;4095;2693
49417;2340;1255;1653;4095;2693
49457;2339;1255;1652;4095;2692
49497;2340;1255;1652;4095;2691
49537;2339;1255;1652;4095;2694
49567;2340;1255;1652;4095;2694
49607;2340;1254;1652;4095;2693
49647;2340;1255;1652;4095;2695
49687;2341;1255;1652;4095;2693
49717;2341;1255;1652;4095;2690
49757;2340;1256;1652;4095;2691
49797;2341;1255;1652;4095;2691
49837;2341;1256;1653;4095;2690
49867;2341;1255;1652;4095;2690
49907;2341;1255;1652;4095;2691
49947;2341;1254;1652;4095;2692
49987;2340;1254;1652;4095;2691
50017;2340;1255;1653;4095;2691
50057;2340;1255;1653;4095;2690
50097;2340;1255;1653;4095;2689
50137;2340;1255;1652;4095;2690
50167;2340;1255;1652;4095;2690
50207;2340;1256;1652;4095;2691
50247;2340;1256;1653;4095;2691
50287;2340;1255;1652;4095;2689
50317;2340;1255;1652;4095;2687
50357;2340;1255;1652;4095;2690
50397;2341;1255;1652;4095;2688
50437;2341;1256;1652;4095;2688
50467;2341;1256;1652;4095;2691
50507;2340;1255;1652;4095;2692
50547;2340;1255;1652;4095;2694
50587;2340;1255;1652;4095;2696
50617;2340;1255;1652;4095;2723
50657;2340;1255;1652;4095;2762
50697;2340;1255;1652;4095;2792
50737;2340;1255;1653;4095;2804
50767;2340;1255;1653;4095;2806
50807;2340;1255;1652;4095;2805
50847;2340;1255;1652;4095;2809
50887;2340;1255;1653;4095;2809
50917;2340;1255;1652;4095;2806
50957;2339;1255;1652;4095;2806
50997;2339;1255;1653;4095;2804
51037;2339;1255;1653;4095;2803
51067;2340;1255;1653;4095;2804
51107;2339;1255;1653;4095;2806
51147;2339;1255;1653;4095;2804
51187;2339;1255;1653;4095;2806
51217;2339;1255;1653;4095;2805
51257;2339;1255;1653;4095;2806
51297;2339;1255;1653;4095;2807
51337;2339;1255;1653;4095;2807
51367;2339;1255;1653;4095;2808
51407;2339;1255;1652;4095;2809
51447;2339;1255;1652;4095;2809
51487;2340;1256;1652;4095;2807
51517;2340;1256;1653;4095;2807
51557;2340;1256;1653;4095;2807
51597;2340;1256;1652;4095;2806
51637;2340;1256;1653;4095;2805
51667;2340;1255;1652;4095;2805
51707;2340;1255;1652;4095;2808
51747;2339;1255;1652;4095;2802
51787;2340;1255;1651;4095;2804
51817;2340;1255;1652;4095;2801
51857;2341;1255;1653;4095;2799
51897;2340;1255;1653;4095;2800
51937;2340;1255;1653;4095;2801
51967;2339;1255;1652;4095;2803
52007;2340;1255;1652;4095;2803
52047;2340;1255;1652;4095;2805
52077;2340;1256;1653;4095;2802
52117;2340;1256;1653;4095;2807
52157;2340;1256;1653;4095;2805
52197;2340;1256;1653;4095;2804
52237;2340;1256;1652;4095;2801
52267;2340;1255;1652;4095;2804
52307;2339;1255;1652;4095;2805
52347;2339;1255;1652;4095;2802
52387;2339;1255;1652;4095;2803
52417;2339;1255;1652;4095;2803
52457;2338;1256;1653;4095;2801
52497;2339;1256;1653;4095;2802
52537;2339;1256;1653;4095;2800
52567;2339;1256;1652;4095;2799
52607;2338;1256;1653;4095;2795
52647;2338;1256;1653;4095;2797
52687;2339;1256;1653;4095;2798
52717;2339;1256;1653;4095;2798
52757;2339;1256;1653;4095;2799
52797;2339;1256;1653;4095;2797
52837;2339;1256;1653;4095;2799
52867;2339;1256;1652;4095;2800
52907;2340;1256;1653;4095;2801
52947;2340;1256;1653;4095;2800
52987;2339;1256;1653;4095;2800
53017;2339;1256;1653;4095;2798
53057;2340;1256;1653;4095;2798
53097;2340;1256;1653;4095;2798
53137;2341;1256;1653;4095;2799
53167;2341;1256;1653;4095;2801
53207;2340;1256;1653;4095;2801
53247;2339;1256;1653;4095;2803
53287;2340;1255;1653;4095;2805
53317;2339;1256;1653;4095;2807
53357;2339;1257;1653;4095;2806
53397;2340;1256;1653;4095;2808
53437;2340;1256;1653;4095;2807
53467;2339;1255;1654;4095;2806
53507;2339;1256;1654;4095;2807
53547;2339;1255;1653;4095;2809
53587;2339;1255;1653;4095;2809
53617;2340;1255;1653;4095;2811
53657;2340;1256;1653;4095;2809
53697;2339;1256;1653;4095;2808
53737;2339;1256;1653;4095;2810
53767;2340;1256;1653;4095;2808
53807;2339;1255;1652;4095;2807
53847;2339;1255;1652;4095;2806
53887;2339;1255;1652;4095;2807
53917;2339;1256;1652;4095;2805
53957;2339;1256;1653;4095;2806
53997;2339;1256;1652;4095;2808
54037;2340;1255;1652;4095;2808
54067;2339;1255;1653;4095;2810
54107;2339;1255;1652;4095;2808
54147;2339;1255;1652;4095;2806
54187;2339;1255;1652;4095;2805
54217;2339;1255;1652;4095;2805
54257;2339;1255;1653;4095;2808
54297;2339;1256;1653;4095;2805
54337;2339;1256;1653;4095;2808
54367;2339;1256;1653;4095;2807
54407;2339;1256;1652;4095;2809
54447;2339;1255;1653;4095;2810
54487;2340;1255;1652;4095;2808
54517;2341;1256;1652;4095;2811
54557;2340;1256;1653;4095;2811
54597;2340;1256;1653;4095;2807
54637;2340;1256;1654;4095;2804
54667;2340;1256;1654;4095;2805
54707;2340;1256;1653;4095;2804
54747;2340;1256;1652;4095;2801
54787;2339;1256;1653;4095;2805
54817;2339;1256;1654;4095;2804
54857;2339;1256;1653;4095;2803
54897;2339;1256;1653;4095;2803
54937;2339;1256;1653;4095;2802
54967;2339;1256;1653;4095;2798
55007;2339;1256;1652;4095;2798
55047;2339;1255;1652;4095;2795
55087;2339;1255;1652;4095;2797
55117;2340;1255;1653;4095;2793
55157;2340;1255;1653;4095;2796
55197;2340;1255;1652;4095;2792
55237;2339;1256;1652;4095;2793
55267;2339;1256;1652;4095;2795
55307;2339;1256;1653;4095;2796
55347;2339;1256;1653;4095;2794
55387;2339;1256;1652;4095;2796
55417;2339;1256;1653;4095;2797
55457;2339;1255;1653;4095;2798
55497;2339;1256;1653;4095;2799
55537;2340;1256;1653;4095;2802
55567;2339;1256;1653;4095;2802
55607;2339;1256;1653;4095;2802
55647;2339;1256;1653;4095;2804
55687;2339;1256;1653;4095;2808
55717;2339;1256;1653;4095;2807
55757;2339;1256;1652;4095;2808
55797;2339;1256;1652;4095;2811
55837;2339;1255;1652;4095;2809
55867;2339;1255;1652;4095;2807
55907;2339;1256;1653;4095;2809
55947;2340;1256;1653;4095;2806
55987;2340;1256;1652;4095;2807
56017;2339;1256;1652;4095;2808
56057;2339;1256;1653;4095;2805
56097;2340;1256;1653;4095;2806
56137;2340;1255;1652;4095;2806
56167;2339;1255;1653;4095;2809
56207;2340;1256;1653;4095;2808
56247;2340;1256;1654;4095;2808
56287;2340;1256;1654;4095;2809
56317;2340;1256;1653;4095;2811
56357;2339;1256;1653;4095;2811
56397;2339;1256;1653;4095;2809
56437;2339;1256;1653;4095;2810
56467;2338;1256;1653;4095;2811
56507;2339;1255;1653;4095;2810
56547;2339;1255;1652;4095;2812
56587;2339;1256;1653;4095;2812
56617;2339;1256;1653;4095;2812
56657;2339;1256;1653;4095;2812
56697;2340;1256;1652;4095;2813
56737;2340;1256;1652;4095;2813
56767;2339;1256;1652;4095;2812
56807;2339;1256;1652;4095;2813
56847;2339;1255;1653;4095;2812
56887;2339;1255;1653;4095;2809
56917;2339;1256;1653;4095;2807
56957;2339;1255;1653;4095;2807
56997;2339;1255;1653;4095;2806
57037;2340;1255;1652;4095;2804
57067;2339;1256;1652;4095;2803
57107;2339;1256;1652;4095;2798
57147;2339;1256;1652;4095;2797
57187;2340;1256;1653;4095;2799
57217;2339;1256;1653;4095;2796
57257;2339;1256;1651;4095;2794
57297;2339;1256;1651;4095;2795
57337;2339;1256;1652;4095;2794
57367;2339;1256;1652;4095;2794
57407;2340;1256;1652;4095;2795
57447;2339;1256;1652;4095;2795
57487;2340;1256;1652;4095;2791
57517;2340;1256;1652;4095;2791
57557;2340;1256;1652;4095;2792
57597;2339;1256;1653;4095;2791
57637;2339;1256;1653;4095;2793
57667;2339;1256;1653;4095;2793
57707;2339;1256;1653;4095;2794
57747;2338;1256;1653;4095;2796
57787;2338;1256;1653;4095;2797
57817;2339;1255;1653;4095;2796
57857;2339;1255;1653;4095;2796
57897;2339;1255;1653;4095;2796
57937;2340;1254;1653;4095;2799
57967;2340;1255;1652;4095;2799
58007;2341;1256;1652;4095;2797
58047;2340;1255;1653;4095;2802
58087;2339;1255;1653;4095;2803
58117;2339;1256;1653;4095;2800
58157;2340;1256;1653;4095;2801
58197;2340;1256;1653;4095;2802
58237;2339;1256;1653;4095;2804
58257;2339;1256;1653;4095;2803
58307;2340;1256;1652;4095;2804
58347;2340;1256;1652;4095;2806
58387;2340;1256;1652;4095;2806
58417;2340;1256;1652;4095;2806
58457;2340;1256;1652;4095;2809
58497;2340;1256;1652;4095;2808
58537;2340;1256;1653;4095;2808
58567;2340;1256;1653;4095;2811
58607;2340;1256;1653;4095;2811
58647;2339;1255;1653;4095;2813
58687;2339;1255;1653;4095;2813
58717;2340;1255;1653;4095;2815
58757;2340;1255;1653;4095;2815
58797;2339;1255;1653;4095;2816
58837;2340;1255;1652;4095;2816
58867;2339;1255;1652;4095;2816
58907;2339;1255;1652;4095;2817
58947;2340;1255;1652;4095;2817
58987;2340;1255;1652;4095;2818
59017;2340;1255;1652;4095;2817
59057;2339;1255;1653;4095;2817
59097;2340;1255;1653;4095;2818
59137;2339;1255;1653;4095;2818
59167;2339;1255;1653;4095;2817
59207;2339;1255;1653;4095;2818
59247;2339;1255;1652;4095;2821
59287;2338;1255;1652;4095;2817
59317;2338;1255;1652;4095;2819
59357;2338;1255;1653;4095;2819
59397;2340;1255;1653;4095;2819
59437;2340;1255;1653;4095;2820
59467;2340;1255;1653;4095;2819
59507;2339;1255;1653;4095;2817
59547;2339;1255;1653;4095;2818
59587;2339;1255;1653;4095;2817
59617;2339;1255;1653;4095;2814
59657;2339;1255;1652;4095;2819
59697;2339;1255;1653;4095;2816
59737;2339;1255;1653;4095;2817
59767;2339;1255;1653;4095;2818
59807;2339;1255;1653;4095;2813
59847;2339;1255;1653;4095;2812
59887;2339;1255;1653;4095;2811
59917;2338;1255;1652;4095;2810
59957;2338;1255;1652;4095;2810
59997;2338;1255;1652;4095;2812
60037;2339;1255;1652;4095;2813
60067;2339;1255;1652;4095;2812
60107;2339;1255;1652;4095;2812
60147;2338;1255;1653;4095;2810
60187;2339;1255;1653;4095;2813
60217;2339;1255;1652;4095;2808
60257;2338;1255;1653;4095;2808
60297;2338;1255;1653;4095;2809
60337;2338;1255;1653;4095;2807
60367;2339;1255;1653;4095;2807
60407;2339;1255;1653;4095;2807
60447;2339;1255;1653;4095;2807
60487;2339;1255;1652;4095;2808
60517;2339;1255;1653;4095;2810
60557;2339;1255;1653;4095;2810
60597;2338;1254;1653;4095;2812
60637;2338;1255;1653;4095;2815
60667;2339;1255;1653;4095;2811
60707;2339;1255;1653;4095;2813
60747;2339;1255;1653;4095;2817
60787;2339;1255;1653;4095;2817
60817;2339;1255;1653;4095;2818
60857;2339;1255;1653;4095;2819
60897;2339;1255;1652;4095;2819
60937;2339;1255;1653;4095;2820
60967;2339;1255;1653;4095;2818
61007;2340;1255;1652;4095;2820
61047;2339;1255;1653;4095;2820
61087;2340;1255;1653;4095;2821
61117;2339;1255;1653;4095;2822
61157;2339;1255;1653;4095;2822
61197;2339;1255;1653;4095;2820
61237;2339;1255;1652;4095;2820
61267;2338;1255;1652;4095;2819
61307;2339;1255;1652;4095;2820
61347;2339;1255;1653;4095;2820
61387;2339;1255;1653;4095;2820
61417;2339;1255;1653;4095;2821
61457;2339;1256;1654;4095;2822
61497;2338;1256;1653;4095;2822
61537;2338;1256;1652;4095;2821
61567;2338;1256;1653;4095;2822
61607;2339;1256;1652;4095;2824
61647;2339;1256;1652;4095;2823
61687;2338;1256;1652;4095;2823
61717;2338;1256;1652;4095;2824
61757;2339;1255;1652;4095;2826
61797;2339;1255;1652;4095;2825
61837;2338;1255;1652;4095;2825
61867;2339;1255;1653;4095;2825
61907;2339;1255;1653;4095;2820
61947;2339;1256;1653;4095;2824
61987;2339;1256;1653;4095;2824
62017;2338;1256;1653;4095;2824
62057;2339;1256;1652;4095;2826
62097;2339;1255;1652;4095;2826
62137;2339;1255;1652;4095;2822
62167;2339;1255;1652;4095;2818
62207;2339;1255;1652;4095;2817
62247;2339;1255;1652;4095;2819
62287;2339;1255;1652;4095;2820
62317;2338;1255;1652;4095;2818
62357;2338;1255;1652;4095;2816
62397;2339;1255;1652;4095;2812
62437;2339;1255;1652;4095;2816
62467;2339;1255;1652;4095;2816
62507;2339;1256;1652;4095;2814
62547;2339;1256;1652;4095;2816
62587;2340;1256;1652;4095;2812
62617;2339;1255;1652;4095;2814
62657;2339;1256;1652;4095;2816
62697;2339;1256;1652;4095;2816
62737;2339;1255;1652;4095;2815
62767;2338;1255;1652;4095;2811
62807;2339;1255;1653;4095;2807
62847;2340;1256;1653;4095;2808
62887;2339;1256;1653;4095;2805
62917;2339;1256;1652;4095;2803
62957;2338;1256;1652;4095;2803
62997;2339;1255;1652;4095;2803
63037;2339;1255;1652;4095;2806
63067;2339;1255;1652;4095;2804
63107;2339;1255;1653;4095;2803
63147;2339;1255;1653;4095;2804
63187;2339;1255;1654;4095;2804
63217;2338;1255;1653;4095;2805
63257;2339;1255;1653;4095;2808
63297;2339;1255;1652;4095;2804
63337;2338;1255;1652;4095;2805
63367;2338;1255;1652;4095;2803
63407;2338;1255;1652;4095;2804
63447;2338;1255;1653;4095;2806
63487;2338;1256;1652;4095;2804
63517;2338;1256;1653;4095;2805
63557;2338;1256;1652;4095;2804
63597;2338;1256;1652;4095;2804
63637;2338;1256;1652;4095;2807
63667;2338;1256;1653;4095;2807
63707;2338;1256;1653;4095;2807
63747;2338;1255;1654;4095;2808
63787;2339;1255;1653;4095;2807
63817;2338;1255;1653;4095;2808
63857;2338;1255;1653;4095;2809
63897;2338;1255;1652;4095;2809
63937;2339;1255;1652;4095;2811
63967;2339;1255;1652;4095;2813
64007;2339;1255;1653;4095;2812
64047;2339;1255;1653;4095;2812
64087;2338;1255;1653;4095;2811
64117;2338;1255;1653;4095;2814
64157;2338;1255;1653;4095;2813
64197;2338;1255;1653;4095;2814
64237;2337;1255;1653;4095;2812
64267;2338;1255;1653;4095;2812
64307;2338;1255;1652;4095;2811
64347;2339;1255;1652;4095;2812
64387;2339;1255;1652;4095;2812
64417;2339;1255;1652;4095;2812
64457;2339;1255;1651;4095;2814
64497;2339;1256;1652;4095;2817
64537;2339;1256;1652;4095;2817
64567;2338;1256;1652;4095;2815
64607;2338;1256;1653;4095;2819
64647;2339;1256;1653;4095;2819
64687;2339;1255;1653;4095;2820
64717;2338;1255;1653;4095;2820
64757;2339;1255;1653;4095;2819
64797;2339;1255;1653;4095;2821
64837;2339;1255;1653;4095;2821
64867;2339;1255;1653;4095;2826
64907;2338;1256;1653;4095;2825
64947;2338;1256;1654;4095;2830
64987;2339;1256;1654;4095;2825
65017;2339;1255;1653;4095;2828
65057;2339;1255;1652;4095;2831
65097;2339;1255;1651;4095;2831
65137;2338;1255;1652;4095;2831
65167;2337;1255;1653;4095;2830
65207;2337;1255;1653;4095;2831
65247;2338;1256;1653;4095;2818
65287;2338;1256;1652;4095;2825
65317;2338;1255;1652;4095;2823
65357;2338;1255;1652;4095;2825
65397;2338;1255;1652;4095;2848
65437;2338;1255;1652;4095;2840
65467;2338;1255;1653;4095;2839
65507;2338;1255;1652;4095;2863
11;2338;1255;1652;4095;2871
51;2338;1255;1652;4095;2855
81;2338;1255;1652;4095;2857
121;2338;1255;1652;4095;2834
161;2338;1255;1652;4095;2855
201;2338;1255;1652;4095;2856
231;2338;1256;1652;4095;2845
271;2338;1256;1652;4095;2861
311;2338;1255;1653;4095;2870
351;2339;1255;1653;4095;2852
381;2338;1255;1653;4095;2858
421;2337;1255;1652;4095;2876
461;2337;1255;1652;4095;2872
501;2337;1256;1652;4095;2857
531;2337;1256;1652;4095;2867
571;2338;1256;1652;4095;2865
611;2338;1256;1653;4095;2865
651;2338;1256;1652;4095;2871
681;2338;1256;1652;4095;2852
721;2338;1256;1652;4095;2822
761;2338;1256;1652;4095;2822
801;2338;1256;1652;4095;2831
831;2339;1256;1653;4095;2823
871;2339;1256;1653;4095;2826
911;2339;1256;1653;4095;2825
931;2339;1256;1653;4095;2825
951;2339;1256;1652;4095;2832
981;2339;1256;1652;4095;2841
1021;2339;1256;1652;4095;2834
1051;2339;1256;1653;4095;2840
1061;2339;1256;1652;4095;2851
1101;2338;1256;1652;4095;2841
1131;2338;1256;1652;4095;2835
1171;2338;1256;1653;4095;2843
1201;2336;1256;1652;4095;2839
1211;2337;1256;1653;4095;2840
1251;2338;1256;1653;4095;2837
1271;2339;1256;1653;4095;2838
1281;2338;1256;1653;4095;2839
1301;2338;1256;1653;4095;2838