
14734;1222;705;911;1866;1527
14754;1833;1058;1366;1837;1530
14774;2140;1235;1594;1814;1539
14814;2296;1324;1708;1786;1547
14834;2373;1368;1765;1786;1542
14854;2412;1391;1794;1768;1543
14884;2430;1402;1807;1790;1528
14924;2440;1407;1814;1785;1535
14964;2445;1410;1818;1814;1524
14984;2447;1412;1820;1818;1525
15004;2448;1413;1820;1821;1515
15034;2448;1414;1821;1825;1516
15074;2449;1415;1821;1816;1507
15114;2450;1415;1821;1819;1499
15154;2450;1415;1821;1815;1514
15184;2444;1415;1821;1816;1517
15224;2422;1409;1821;1811;1520
15264;2388;1401;1820;1823;1518
15304;2331;1381;1820;1810;1529
15334;2262;1355;1821;1793;1526
15374;2207;1343;1822;1787;1527
15414;2060;1336;1823;1787;1535
15454;1919;1330;1800;1789;1528
15484;1808;1327;1776;1805;1510
15524;1651;1325;1740;1822;1493
15564;1527;1324;1708;1822;1483
15604;1462;1324;1682;1817;1495
15634;1418;1324;1662;1817;1496
15674;1374;1323;1644;1821;1501
15714;1341;1322;1631;1831;1507
15754;1309;1311;1620;1854;1501
15784;1283;1292;1614;1856;1499
15824;1258;1275;1605;1855;1499
15864;1226;1257;1600;1839;1506
15904;1214;1246;1597;1833;1515
15934;1207;1241;1596;1817;1512
15974;1211;1238;1596;1801;1491
16014;1228;1237;1595;1788;1510
16054;1265;1237;1595;1792;1511
16084;1289;1237;1594;1801;1506
16124;1308;1236;1594;1796;1508
16164;1317;1228;1594;1789;1514
16204;1323;1223;1594;1790;1522
16234;1326;1205;1594;1793;1518
16274;1347;1187;1594;1806;1527
16314;1409;1176;1602;1844;1518
16354;1578;1170;1654;1870;1504
16384;1681;1167;1688;1866;1510
16424;1732;1166;1704;1849;1530
16464;1784;1165;1720;1847;1534
16504;1838;1165;1738;1870;1530
16534;1867;1165;1748;1898;1522
16544;1881;1165;1752;1907;1517
16574;1889;1166;1755;1919;1514
16614;1893;1166;1757;1918;1515
16634;1894;1166;1758;1926;1518
16654;1895;1166;1759;1929;1514
16684;1895;1166;1759;1944;1516
16704;1895;1166;1759;1946;1517
16724;1895;1166;1759;1937;1519
16764;1896;1166;1759;1932;1509
16794;1896;1166;1760;1924;1540
16804;1895;1166;1760;1920;1544
16834;1896;1166;1760;1921;1550
16854;1896;1166;1761;1922;1551
16874;1896;1166;1761;1921;1549
16914;1896;1166;1761;1909;1553
16944;1895;1166;1761;1912;1573
16954;1894;1166;1761;1915;1576
16984;1894;1166;1761;1913;1579
17014;1894;1167;1761;1922;1581
17024;1894;1166;1761;1924;1580
17064;1893;1166;1761;1932;1583
17104;1893;1166;1761;1934;1582
17134;1894;1167;1761;1928;1570
17174;1894;1167;1761;1927;1549
17214;1895;1167;1761;1929;1548
17254;1895;1167;1761;1937;1542
17284;1894;1167;1761;1939;1548
17284;1894;1167;1761;1939;1548
17324;1894;1167;1761;1923;1538
17364;1895;1166;1761;1906;1554
17394;1895;1167;1761;1906;1567
17404;1894;1167;1761;1916;1568
17434;1895;1166;1761;1916;1579
17454;1895;1166;1762;1915;1586
17474;1896;1166;1762;1914;1585
17514;1895;1166;1762;1921;1540
17544;1895;1166;1762;1930;1542
17554;1896;1166;1761;1926;1540
17584;1895;1166;1761;1922;1546
17624;1894;1166;1761;1912;1570
17664;1895;1166;1761;1912;1575
17694;1895;1166;1762;1917;1564
17704;1895;1166;1762;1920;1573
17734;1895;1166;1762;1912;1590
17774;1895;1167;1761;1907;1591
17814;1895;1167;1761;1914;1580
17854;1895;1167;1761;1919;1586
17884;1895;1167;1761;1913;1598
17924;1894;1167;1761;1913;1599
17964;1893;1166;1761;1918;1603
18004;1892;1165;1761;1924;1605
18034;1893;1164;1762;1930;1596
18074;1893;1163;1762;1930;1590
18114;1893;1162;1762;1927;1604
18154;1892;1161;1762;1926;1596
18184;1892;1161;1761;1925;1603
18224;1891;1161;1761;1939;1594
18264;1892;1160;1761;1978;1556
18304;1892;1160;1761;1989;1536
18334;1892;1160;1762;1989;1533
18374;1893;1160;1762;1951;1558
18414;1893;1160;1762;1946;1549
18454;1892;1160;1762;1967;1534
18484;1892;1160;1762;1965;1504
18524;1892;1160;1762;1961;1486
18564;1892;1160;1762;1966;1491
18604;1892;1160;1762;1943;1504
18634;1892;1160;1762;1925;1508
18674;1893;1160;1762;1948;1519
18714;1893;1160;1762;1980;1496
18754;1893;1161;1762;1978;1498
18784;1893;1161;1761;1966;1509
18824;1893;1161;1761;1933;1528
18864;1893;1161;1762;1910;1545
18904;1893;1161;1762;1903;1522
18934;1894;1161;1762;1893;1517
18974;1894;1161;1761;1889;1511
19014;1895;1161;1761;1874;1539
19054;1894;1161;1762;1930;1576
19084;1893;1163;1762;1925;1566
19124;1894;1165;1762;1942;1561
19164;1894;1166;1763;1887;1542
19204;1895;1166;1762;1869;1516
19234;1896;1166;1762;1888;1533
19274;1896;1166;1762;1902;1544
19314;1896;1166;1762;1923;1499
19354;1896;1166;1762;1917;1495
19384;1896;1166;1762;1898;1518
19424;1896;1166;1762;1916;1559
19464;1895;1166;1762;1947;1515
19504;1894;1166;1762;1963;1487
19534;1894;1167;1762;1931;1476
19574;1894;1167;1762;1901;1474
19614;1898;1166;1762;1860;1494
19654;1905;1173;1762;1873;1518
19684;1910;1173;1761;1882;1497
19724;1912;1174;1761;1911;1483
19764;1914;1174;1761;1920;1475
19804;1919;1174;1761;1907;1483
19834;1925;1170;1762;1882;1499
19874;1927;1177;1762;1866;1495
19914;1946;1193;1762;1871;1488
19954;1977;1207;1769;1880;1483
19984;1997;1215;1774;1877;1484
20024;2105;1236;1789;1876;1488
20064;2215;1272;1805;1873;1498
20104;2279;1300;1814;1863;1486
20134;2312;1314;1819;1859;1490
20174;2348;1324;1825;1852;1488
20214;2389;1342;1830;1856;1483
20254;2417;1353;1832;1857;1484
20284;2430;1359;1833;1848;1490
20324;2437;1361;1834;1832;1504
20364;2440;1362;1834;1789;1520
20404;2442;1362;1834;1759;1564
20434;2466;1370;1835;1770;1565
20474;2518;1399;1841;1734;1591
20514;2544;1415;1845;1744;1601
20554;2557;1423;1846;1739;1594
20584;2563;1426;1847;1755;1570
20624;2567;1428;1847;1773;1553
20664;2568;1429;1847;1775;1566
20704;2568;1430;1847;1755;1591
20734;2569;1430;1847;1698;1603
20774;2571;1430;1847;1652;1597
20814;2571;1430;1847;1602;1576
20854;2570;1430;1847;1566;1544
20884;2570;1430;1847;1545;1576
20924;2569;1430;1848;1537;1551
20964;2568;1430;1847;1544;1532
21004;2568;1430;1847;1556;1523
21034;2568;1430;1848;1555;1532
21074;2568;1431;1848;1567;1544
21114;2569;1431;1848;1577;1543
21154;2569;1430;1848;1571;1552
21184;2570;1430;1845;1552;1581
21224;2570;1429;1841;1540;1626
21264;2569;1428;1839;1554;1933
21304;2568;1429;1838;1579;2034
21334;2569;1429;1838;1688;2132
21374;2605;1427;1838;1904;2329
21414;2635;1460;1838;1929;2376
21454;2649;1485;1839;1977;2391
21484;2656;1498;1838;1993;2389
21524;2659;1505;1838;1989;2387
21564;2661;1507;1838;2094;2499
21604;2662;1509;1838;2329;2667
21634;2664;1510;1838;2296;2628
21674;2664;1510;1838;2646;3098
21714;2664;1511;1839;2865;3360
21754;2665;1512;1839;2912;3380
21784;2665;1510;1839;3245;3753
21824;2665;1508;1839;3367;3887
21864;2665;1510;1839;3226;3530
21904;2664;1510;1839;3210;3494
21934;2665;1510;1839;3212;3489
21974;2665;1511;1839;3181;3399
22014;2665;1511;1839;3194;3358
22054;2665;1512;1839;3280;3357
22084;2666;1512;1839;3225;3230
22124;2666;1513;1839;3218;3156
22164;2666;1513;1839;3195;3168
22204;2666;1513;1839;3189;3193
22234;2667;1513;1839;3075;3101
22274;2666;1513;1839;2765;2802
22314;2668;1513;1839;2902;2972
22354;2668;1513;1839;2795;2826
22394;2669;1513;1839;2282;2269
22434;2669;1513;1839;2234;2266
22474;2666;1513;1840;2314;2329
22504;2663;1514;1840;2385;2360
22544;2662;1514;1840;2469;2398
22584;2662;1514;1839;2052;1883
22614;2663;1514;1839;2054;1812
22624;2663;1514;1839;2093;1827
22654;2661;1513;1840;2188;1984
22684;2661;1513;1840;2197;1989
22694;2662;1513;1840;2190;1968
22734;2664;1513;1840;2050;1735
22774;2663;1514;1840;2117;1803
22804;2664;1514;1840;2253;1996
22844;2660;1514;1840;2381;2215
22884;2658;1514;1840;2440;2321
22924;2656;1514;1840;2924;3104
22954;2655;1514;1840;3628;3918
22994;2653;1513;1839;4095;4095
23034;2652;1513;1838;4095;4095
23064;2651;1512;1837;4095;4095
23074;2650;1512;1837;4095;4095
23104;2650;1512;1837;4095;4095
23144;2651;1511;1837;4095;4095
23184;2651;1509;1838;4095;4095
23224;2651;1504;1837;4095;4095
23254;2651;1503;1837;4095;4095
23284;2650;1503;1837;4095;4095
23294;2650;1503;1837;4095;4095
23334;2650;1503;1837;4095;4095
23374;2650;1504;1837;4095;4095
23404;2649;1503;1837;4095;4095
23434;2648;1486;1837;4095;4095
23474;2647;1480;1837;4095;4095
23514;2647;1479;1837;4095;4095
23554;2648;1479;1838;4095;4095
23594;2649;1481;1837;4095;4095
23634;2645;1481;1837;4095;4095
23674;2642;1482;1837;4095;4095
23704;2641;1474;1837;4095;4095
23744;2640;1472;1836;4095;4095
23784;2640;1473;1836;4095;4095
23824;2634;1469;1836;4095;4095
23854;2625;1458;1837;4095;4095
23934;2617;1455;1837;4095;4095
23964;2614;1453;1837;4095;4095
23974;2612;1452;1837;4095;4095
24004;2610;1452;1836;4095;4095
24044;2609;1451;1836;4095;4095
24084;2608;1451;1836;4095;4095
24114;2608;1451;1836;4095;4095
24124;2608;1451;1836;4095;4095
24154;2608;1451;1837;4095;4095
24194;2606;1451;1837;4095;4095
24234;2604;1450;1837;4095;4095
24274;2602;1450;1837;4095;4095
24304;2601;1450;1837;4095;4095
24344;2600;1449;1837;4095;4095
24384;2600;1450;1837;4095;4095
24424;2600;1450;1837;4095;4095
24454;2600;1449;1837;4095;4095
24494;2599;1448;1837;4095;4095
24534;2599;1448;1837;4095;4095
24574;2599;1448;1838;4095;4095
24604;2599;1448;1838;4095;4095
24644;2599;1449;1837;4095;4095
24684;2599;1449;1837;4095;4095
24724;2598;1448;1837;4095;4095
24754;2598;1448;1838;4095;4095
24794;2598;1447;1838;4095;4095
24834;2598;1443;1838;4095;4095
24874;2597;1442;1838;4095;4095
24904;2597;1442;1837;4095;4095
24944;2598;1441;1837;4095;4095
24984;2597;1441;1837;4095;4095
25024;2597;1440;1837;4095;4095
25054;2596;1440;1837;4095;4095
25094;2596;1440;1837;4095;4095
25134;2596;1441;1837;4095;4095
25174;2596;1441;1838;4095;4095
25204;2597;1439;1838;4095;4095
25244;2596;1438;1838;4095;4095
25284;2596;1437;1837;4095;4095
25324;2596;1437;1837;4095;4095
25354;2596;1438;1837;4095;4095
25394;2596;1438;1837;4095;4095
25424;2597;1438;1837;4095;4095
25464;2596;1438;1837;4095;4095
25504;2595;1438;1837;4095;4095
25544;2595;1438;1837;4095;4095
25584;2595;1438;1837;4095;4095
25624;2595;1438;1836;4095;4095
25654;2595;1438;1836;4095;4095
25694;2596;1437;1837;4095;4095
25734;2595;1434;1837;4095;4095
25774;2595;1432;1837;4095;4095
25804;2595;1431;1837;4095;4095
25844;2595;1431;1838;4095;4095
25884;2595;1431;1838;4095;4095
25924;2595;1430;1837;4095;4095
25954;2596;1431;1837;4095;4095
25994;2595;1431;1837;4095;4095
26034;2596;1431;1838;4095;4095
26074;2596;1430;1837;4095;4095
26104;2597;1429;1837;4095;4095
26134;2597;1426;1837;4095;4095
26144;2597;1425;1837;4095;4095
26184;2596;1425;1837;4095;4095
26214;2596;1425;1837;4095;4095
26224;2596;1425;1837;4095;4095
26254;2596;1425;1837;4095;4095
26284;2596;1424;1837;4095;4095
26324;2596;1422;1837;4095;4095
26344;2597;1422;1837;4095;4095
26364;2596;1420;1837;4095;4095
26404;2596;1418;1836;4095;4095
26444;2596;1416;1837;4095;4095
26484;2596;1415;1837;4095;4095
26494;2596;1415;1837;4095;4095
26534;2596;1416;1837;4095;4095
26574;2596;1417;1836;4095;4095
26624;2597;1412;1837;4095;4095
26664;2598;1411;1838;4095;4095
26704;2596;1415;1837;4095;4095
26734;2595;1417;1837;4095;4095
26774;2595;1416;1837;4095;4095
26814;2596;1415;1837;4095;4095
26854;2597;1415;1837;4095;4095
26894;2599;1417;1837;4095;4095
26934;2592;1394;1837;4095;4095
26974;2589;1399;1837;4095;4095
27004;2587;1405;1837;4095;4095
27044;2587;1406;1837;4095;4095
27084;2587;1407;1837;4095;4095
27124;2587;1410;1837;4095;4095
27154;2586;1415;1836;4095;4095
27194;2584;1418;1836;4095;4095
27234;2583;1412;1837;4095;4095
27274;2576;1403;1837;4095;4095
27304;2573;1400;1837;4095;4095
27344;2568;1397;1837;4095;4095
27384;2558;1382;1837;4095;4095
27424;2547;1378;1837;4095;4095
27454;2543;1378;1837;4095;4095
27484;2538;1373;1837;4095;4095
27494;2535;1365;1837;4095;4095
27534;2528;1369;1837;4095;4095
27574;2523;1371;1837;4095;4095
27604;2521;1372;1837;4095;4095
27634;2517;1373;1837;4095;4095
27644;2514;1374;1837;4095;4095
27684;2512;1375;1837;4095;4095
27724;2511;1376;1837;4095;4095
27754;2509;1375;1837;4095;4095
27794;2507;1374;1837;4095;4095
27834;2505;1374;1836;4095;4095
27874;2504;1375;1836;4095;4095
27904;2504;1374;1836;4095;4095
27944;2504;1373;1837;4095;4095
27984;2505;1373;1837;4095;4095
28024;2505;1372;1836;4095;4095
28054;2506;1369;1836;4095;4095
28094;2506;1367;1837;4095;4095
28134;2506;1365;1837;4095;4095
28174;2506;1365;1838;4095;4095
28204;2506;1364;1837;4095;4095
28244;2505;1364;1838;4095;4095
28284;2505;1364;1837;4095;4095
28324;2505;1364;1837;4095;4095
28354;2505;1364;1837;4095;4095
28394;2504;1364;1837;4095;4095
28434;2504;1363;1837;4095;4095
28474;2504;1361;1837;4095;4095
28504;2505;1361;1838;4095;4095
28544;2507;1361;1837;4095;4095
28584;2507;1361;1838;4095;4095
28624;2507;1361;1838;4095;4095
28654;2508;1361;1837;4095;4095
28694;2505;1361;1837;4095;4095
28734;2502;1361;1837;4095;4095
28774;2501;1361;1837;4095;4095
28804;2501;1361;1837;4095;4095
28844;2500;1361;1838;4095;4095
28884;2500;1362;1838;4095;4095
28924;2499;1362;1838;4095;4095
28954;2498;1362;1837;4095;4095
28994;2498;1362;1837;4095;4095
29034;2497;1362;1837;4095;4095
29074;2497;1362;1837;4095;4095
29104;2497;1362;1837;4095;4095
29144;2498;1362;1837;4095;4095
29184;2498;1362;1837;4095;4095
29224;2498;1362;1838;4095;4095
29254;2498;1362;1837;4095;4095
29294;2498;1362;1837;4095;4095
29334;2498;1362;1837;4095;4095
29374;2498;1362;1837;4095;4095
29404;2498;1362;1838;4095;4095
29444;2498;1362;1837;4095;4095
29484;2498;1362;1837;4095;4095
29524;2498;1362;1837;4095;4095
29554;2498;1362;1837;4095;4095
29594;2498;1362;1837;4095;4095
29634;2498;1362;1837;4095;4095
29674;2498;1362;1837;4095;4095
29704;2498;1362;1837;4095;4095
29744;2499;1362;1837;4095;4095
29784;2498;1362;1837;4095;4095
29824;2499;1362;1837;4095;4095
29854;2499;1362;1837;4095;4095
29894;2498;1362;1837;4095;4095
29934;2498;1362;1837;4095;4095
29974;2498;1362;1837;4095;4095
30004;2498;1362;1837;4095;4095
30044;2498;1362;1837;4095;4095
30084;2498;1362;1837;4095;4095
30124;2497;1362;1838;4095;4095
30154;2497;1362;1837;4095;4095
30194;2496;1361;1837;4095;4095
30234;2495;1362;1837;4095;4095
30274;2495;1361;1837;4095;4095
30304;2496;1362;1837;4095;4095
30334;2496;1362;1837;4095;4095
30374;2496;1362;1837;4095;4095
30414;2496;1361;1837;4095;4095
30454;2496;1361;1837;4095;4095
30494;2496;1361;1837;4095;4095
30534;2496;1362;1837;4095;4095
30574;2496;1362;1836;4095;4095
30604;2496;1362;1837;4095;4095
30634;2496;1362;1837;4095;4095
30674;2496;1362;1837;4095;4095
30714;2495;1362;1837;4095;4095
30754;2495;1362;1837;4095;4095
30794;2496;1362;1836;4095;4095
30834;2496;1362;1836;4095;4095
30874;2496;1362;1837;4095;4095
30904;2497;1362;1837;4095;4095
30944;2497;1362;1837;4095;4095
30984;2497;1362;1837;4095;4095
31024;2496;1362;1837;4095;4095
31064;2495;1362;1838;4095;4095
31094;2494;1362;1837;4095;4095
31134;2494;1362;1837;4095;4095
31174;2494;1362;1837;4095;4095
31204;2494;1362;1838;4095;4095
31244;2495;1362;1838;4095;4095
31284;2495;1362;1838;4095;4095
31304;2495;1362;1838;4095;4095
31314;2495;1362;1837;4095;4095
31324;2496;1362;1838;4095;4095
31354;2495;1362;1838;4095;4095
31394;2495;1362;1838;4095;4095
31434;2495;1362;1838;4095;4095
31474;2495;1362;1838;4095;4095
31504;2495;1362;1838;4095;4095
31544;2495;1362;1838;4095;4095
31584;2495;1362;1838;4095;4095
31624;2495;1362;1838;4095;4095
31654;2495;1362;1838;4095;4095
31694;2494;1362;1838;4095;4095
31734;2494;1362;1837;4095;4095
31764;2495;1362;1838;4095;4095
31774;2495;1362;1838;4095;4095
31804;2495;1362;1839;4095;4095
31844;2494;1362;1839;4095;4095
31884;2495;1362;1838;4095;4095
31894;2495;1362;1838;4095;4095
31924;2495;1362;1838;4095;4095
31954;2495;1362;1838;4095;4095
31994;2494;1362;1838;4095;4095
32034;2494;1362;1838;4095;4095
32054;2494;1362;1838;4095;4095
32074;2494;1362;1838;4095;4095
32104;2495;1363;1837;4095;4095
32144;2494;1363;1838;4095;4095
32184;2494;1363;1838;4095;4095
32224;2495;1363;1837;4095;4095
32254;2495;1362;1837;4095;4095
32294;2495;1362;1837;4095;4095
32334;2494;1362;1837;4095;4095
32374;2494;1362;1837;4095;4095
32404;2494;1362;1837;4095;4095
32444;2494;1362;1837;4095;4095
32484;2494;1362;1838;4095;4095
32524;2495;1362;1838;4095;4095
32554;2494;1362;1837;4095;4095
32594;2494;1362;1838;4095;4095
32634;2494;1362;1838;4095;4095
32674;2494;1362;1837;4095;4095
32704;2495;1362;1837;4095;4095
32744;2495;1362;1837;4095;4095
32784;2495;1362;1837;4095;4095
32824;2495;1362;1837;4095;4095
32854;2495;1362;1837;4095;4095
32894;2495;1362;1837;4095;4095
32934;2494;1362;1837;4095;4095
32974;2494;1362;1836;4095;4095
33004;2494;1362;1837;4095;4095
33044;2494;1362;1837;4095;4095
33084;2494;1362;1837;4095;4095
33124;2494;1362;1837;4095;4095
33154;2494;1362;1837;4095;4095
33194;2494;1362;1837;4095;4095
33234;2493;1362;1837;4095;4095
33274;2493;1362;1837;4095;4095
33304;2493;1362;1837;4095;4095
33344;2493;1362;1837;4095;4095
33384;2494;1362;1838;4095;4095
33424;2495;1362;1838;4095;4095
33454;2494;1362;1838;4095;4095
33494;2493;1361;1838;4095;4095
33534;2492;1362;1837;4095;4095
33574;2492;1362;1837;4095;4095
33604;2493;1363;1838;4095;4095
33644;2492;1363;1838;4095;4095
33684;2492;1363;1838;4095;4095
33724;2492;1363;1838;4095;4095
33754;2492;1362;1837;4095;4095
33794;2492;1363;1837;4095;4095
33834;2491;1362;1837;4095;4095
33874;2492;1362;1837;4095;4095
33964;2492;1363;1838;4095;4095
34024;2492;1363;1838;4095;4095
34064;2493;1363;1837;4095;4095
34094;2492;1362;1837;4095;4095
34134;2492;1362;1837;4095;4095
34174;2492;1362;1837;4095;4095
34204;2492;1362;1837;4095;4095
34244;2492;1362;1837;4095;4095
34284;2492;1363;1837;4095;4095
34324;2492;1363;1838;4095;4095
34354;2488;1362;1838;4095;4095
34394;2468;1362;1838;4095;4095
34434;2434;1362;1835;4095;4095
34474;2405;1362;1832;4095;4095
34504;2378;1361;1831;4095;4095
34544;2357;1366;1823;4095;4095
34584;2332;1373;1807;4095;4095
34624;2284;1376;1782;4095;4095
34654;2258;1388;1763;4095;4095
34694;2254;1410;1752;4095;4095
34734;2359;1434;1748;4095;4095
34774;2463;1452;1746;4095;4095
34804;2542;1473;1749;4095;4095
34844;2607;1495;1752;4095;4095
34884;2652;1502;1754;4095;4095
34924;2702;1548;1755;4095;4095
34954;2738;1584;1755;4095;4095
34994;2775;1628;1755;4095;4095
35034;2792;1655;1755;4095;4095
35074;2811;1660;1755;4095;4095
35104;2820;1622;1756;4095;4095
35144;2826;1624;1756;4095;4095
35184;2829;1654;1756;4095;4095
35224;2834;1678;1757;4095;4095
35254;2845;1693;1756;4095;4095
35294;2856;1711;1756;4095;4095
35334;2862;1723;1756;4095;4095
35374;2864;1730;1756;4095;4095
35404;2865;1734;1756;4095;4095
35444;2865;1736;1757;4095;4095
35484;2865;1738;1757;4095;4095
35524;2865;1738;1757;4095;4095
35554;2865;1739;1756;4095;4095
35594;2865;1738;1756;4095;4095
35634;2865;1736;1756;4095;4095
35674;2865;1731;1755;4095;4095
35704;2866;1732;1756;4095;4095
35744;2866;1732;1756;4095;4095
35784;2866;1731;1756;4095;4095
35824;2866;1730;1756;4095;4095
35854;2865;1729;1756;4095;4095
35894;2865;1729;1756;4095;4095
35934;2864;1730;1756;4095;4095
35974;2864;1730;1756;4095;4095
36004;2864;1731;1756;4095;4095
36044;2865;1732;1756;4095;4095
36084;2865;1733;1756;4095;4095
36124;2865;1733;1756;4095;4095
36154;2864;1732;1756;4095;4095
36184;2864;1733;1756;4095;4095
36194;2863;1732;1755;4095;4095
36234;2863;1732;1755;4095;4095
36264;2863;1733;1756;4095;4095
36274;2863;1732;1756;4095;4095
36304;2864;1733;1756;4095;4095
36334;2864;1731;1755;4095;4095
36344;2865;1733;1755;4095;4095
36384;2865;1734;1756;4095;4095
36424;2865;1735;1756;4095;4095
36454;2864;1735;1756;4095;4095
36494;2864;1736;1756;4095;4095
36534;2865;1735;1756;4095;4095
36574;2868;1737;1756;4095;4095
36604;2869;1738;1756;4095;4095
36634;2869;1739;1755;4095;4095
36644;2870;1740;1756;4095;4095
36684;2870;1740;1756;4095;4095
36714;2869;1740;1756;4095;4095
36724;2870;1740;1756;4095;4095
36754;2869;1740;1755;4095;4095
36794;2869;1740;1755;4095;4095
36834;2869;1739;1755;4095;4095
36874;2868;1739;1755;4095;4095
36904;2868;1740;1756;4095;4095
36944;2868;1741;1756;4095;4095
36984;2868;1742;1756;4095;4095
37024;2868;1742;1757;4095;4095
37054;2868;1741;1757;4095;4095
37094;2868;1739;1756;4095;4095
37134;2868;1737;1756;4095;4095
37164;2868;1737;1756;4095;4095
37204;2869;1734;1756;4095;4095
37244;2868;1734;1756;4095;4095
37284;2869;1728;1756;4095;4095
37324;2869;1724;1757;4095;4095
37354;2868;1723;1757;4095;4095
37384;2869;1723;1757;4095;4095
37424;2869;1721;1757;4095;4095
37464;2869;1721;1757;4095;4095
37504;2869;1720;1757;4095;4095
37544;2869;1722;1757;4095;4095
37584;2869;1727;1757;4095;4095
37624;2869;1729;1757;4095;4095
37654;2868;1728;1756;4095;4095
37694;2868;1728;1756;4095;4095
37734;2868;1729;1755;4095;4095
37774;2868;1729;1756;4095;4095
37804;2868;1730;1757;4095;4095
37844;2869;1729;1756;4095;4095
37884;2869;1728;1757;4095;4095
37924;2869;1728;1757;4095;4095
37954;2868;1728;1757;4095;4095
37994;2868;1727;1756;4095;4095
38034;2868;1726;1755;4095;4095
38074;2868;1724;1756;4095;4095
38104;2868;1724;1756;4095;4095
38144;2868;1724;1756;4095;4095
38184;2868;1724;1757;4095;4095
38224;2868;1724;1757;4095;4095
38254;2868;1723;1757;4095;4095
38294;2868;1723;1756;4095;4095
38334;2868;1721;1756;4095;4095
38364;2868;1720;1756;4095;4095
38374;2868;1719;1756;4095;4095
38414;2868;1719;1756;4095;4095
38434;2868;1719;1757;4095;4095
38444;2868;1719;1757;4095;4095
38484;2869;1719;1757;4095;4095
38524;2869;1719;1757;4095;4095
38534;2869;1719;1756;4095;4095
38564;2870;1719;1756;4095;4095
38634;2869;1718;1756;4095;4095
38654;2868;1718;1756;4095;4095
38674;2868;1718;1756;4095;4095
38704;2869;1718;1756;4095;4095
38744;2869;1718;1756;4095;4095
38784;2869;1719;1757;4095;4095
38804;2870;1719;1757;4095;4095
38824;2870;1719;1757;4095;4095
38854;2869;1719;1757;4095;4095
38894;2869;1719;1756;4095;4095
38934;2869;1719;1755;4095;4095
38974;2869;1719;1755;4095;4095
39004;2870;1719;1756;4095;4095
39044;2870;1720;1756;4095;4095
39084;2870;1720;1757;4095;4095
39164;2870;1720;1757;4095;4095
39234;2870;1720;1757;4095;4095
39274;2870;1719;1757;4095;4095
39304;2870;1720;1757;4095;4095
39344;2870;1720;1757;4095;4095
39384;2870;1720;1757;4095;4095
39424;2870;1720;1757;4095;4095
39454;2870;1720;1757;4095;4095
39484;2870;1720;1757;4095;4095
39494;2870;1719;1757;4095;4095
39534;2869;1719;1757;4095;4095
39564;2870;1719;1757;4095;4095
39574;2869;1719;1757;4095;4095
39604;2870;1719;1757;4095;4095
39644;2871;1719;1757;4095;4095
39684;2871;1719;1758;4095;4095
39704;2871;1719;1758;4095;4095
39724;2871;1719;1758;4095;4095
39754;2870;1719;1757;4095;4095
39784;2870;1719;1758;4095;4095
39794;2870;1719;1757;4095;4095
39834;2870;1719;1757;4095;4095
39874;2869;1719;1757;4095;4095
39914;2869;1719;1757;4095;4095
39944;2870;1720;1758;4095;4095
39984;2870;1720;1758;4095;4095
40024;2870;1720;1758;4095;4095
40054;2869;1720;1757;4095;4095
40094;2869;1720;1757;4095;4095
40134;2869;1720;1757;4095;4095
40174;2869;1720;1757;4095;4095
40204;2870;1720;1758;4095;4095
40244;2870;1721;1758;4095;4095
40284;2870;1721;1758;4095;4095
40324;2871;1721;1758;4095;4095
40354;2871;1721;1758;4095;4095
40394;2870;1721;1757;4095;4095
40434;2869;1721;1757;4095;4095
40474;2869;1721;1757;4095;4095
40504;2870;1721;1758;4095;4095
40544;2870;1721;1758;4095;4095
40584;2870;1721;1758;4095;4095
40624;2870;1721;1758;4095;4095
40654;2870;1721;1758;4095;4095
40694;2870;1721;1757;4095;4095
40734;2870;1721;1757;4095;4095
40774;2869;1721;1757;4095;4095
40804;2870;1722;1757;4095;4095
40844;2871;1722;1758;4095;4095
40884;2871;1721;1758;4095;4095
40924;2872;1722;1759;3857;4095
40954;2872;1722;1759;3845;4095
40994;2872;1723;1759;3831;4095
41034;2872;1723;1759;3639;4095
41074;2872;1723;1759;3338;4013
41104;2873;1723;1759;2802;3345
41134;2872;1723;1759;2245;2644
41174;2871;1722;1758;1809;2041
41214;2872;1721;1758;1647;1671
41254;2872;1720;1758;1621;1603
41294;2872;1720;1758;1674;1510
41334;2872;1721;1759;1674;1501
41374;2872;1721;1758;1629;1510
41414;2872;1722;1758;1621;1511
41444;2872;1722;1759;1623;1514
41484;2872;1724;1759;1629;1501
41524;2872;1724;1759;1623;1505
41554;2872;1724;1758;1646;1507
41584;2872;1724;1758;1643;1516
41624;2872;1724;1759;1661;1504
41664;2872;1725;1759;1676;1500
41704;2873;1725;1759;1672;1523
41734;2879;1721;1759;1663;1529
41774;2873;1692;1762;1675;1525
41814;2869;1690;1765;1666;1521
41844;2863;1690;1769;1663;1523
41884;2857;1682;1774;1666;1523
41924;2850;1677;1777;1665;1526
41964;2847;1673;1778;1666;1524
42004;2845;1671;1779;1668;1524
42044;2842;1669;1780;1678;1528
42084;2839;1668;1780;1676;1541
42124;2837;1668;1780;1674;1542
42154;2835;1668;1780;1679;1548
42184;2834;1668;1780;1675;1557
42194;2834;1668;1780;1676;1560
42234;2833;1668;1780;1665;1552
42274;2832;1667;1779;1662;1553
42304;2832;1668;1779;1659;1553
42334;2832;1668;1779;1655;1553
42344;2832;1668;1779;1656;1553
42384;2832;1668;1779;1660;1561
42424;2832;1668;1779;1660;1562
42464;2832;1668;1779;1662;1563
42494;2832;1668;1779;1665;1565
42534;2831;1668;1779;1660;1561
42574;2831;1668;1779;1658;1564
42604;2832;1669;1779;1658;1567
42644;2832;1669;1779;1655;1572
42684;2833;1669;1779;1661;1572
42704;2833;1669;1779;1668;1573
42724;2833;1669;1779;1669;1573
42754;2832;1668;1779;1669;1579
42794;2831;1668;1778;1673;1588
42834;2831;1668;1779;1679;1592
42874;2831;1668;1779;1675;1593
42914;2831;1668;1779;1677;1594
42924;2832;1668;1780;1677;1595
42944;2832;1668;1780;1678;1600
42984;2832;1669;1780;1677;1603
43024;2832;1668;1780;1688;1604
43054;2832;1668;1780;1691;1605
43094;2832;1668;1780;1689;1606
43134;2832;1668;1780;1684;1602
43174;2831;1668;1780;1686;1597
43204;2832;1668;1780;1686;1596
43244;2833;1668;1780;1685;1594
43284;2832;1668;1779;1680;1594
43324;2832;1669;1780;1677;1588
43364;2832;1669;1780;1678;1587
43394;2832;1668;1780;1680;1589
43434;2831;1668;1780;1676;1585
43474;2831;1668;1779;1670;1579
43514;2831;1668;1779;1667;1578
43544;2832;1668;1779;1665;1578
43584;2832;1668;1779;1668;1578
43624;2832;1669;1780;1673;1579
43654;2832;1668;1780;1680;1579
43694;2832;1668;1780;1676;1577
43734;2832;1668;1780;1675;1575
43764;2832;1669;1780;1674;1577
43774;2832;1668;1780;1676;1578
43814;2832;1668;1780;1676;1580
43824;2832;1668;1780;1677;1581
43844;2832;1668;1780;1676;1582
43884;2832;1669;1779;1678;1580
43914;2831;1668;1779;1679;1583
43924;2832;1668;1779;1679;1585
43954;2831;1668;1779;1682;1588
43994;2831;1668;1779;1685;1585
44034;2832;1668;1779;1689;1587
44064;2832;1668;1780;1690;1589
44074;2831;1668;1780;1691;1590
44114;2831;1668;1779;1694;1592
44144;2831;1668;1780;1689;1590
44184;2831;1668;1779;1685;1589
44224;2831;1668;1780;1688;1589
44254;2831;1668;1779;1688;1587
44294;2831;1668;1779;1688;1588
44334;2831;1668;1779;1690;1590
44374;2831;1668;1779;1689;1589
44404;2831;1668;1779;1685;1589
44444;2831;1668;1779;1685;1592
44484;2832;1668;1779;1687;1588
44524;2832;1668;1779;1691;1592
44554;2831;1668;1779;1695;1597
44594;2831;1668;1779;1692;1601
44634;2830;1668;1779;1694;1608
44644;2831;1668;1779;1690;1606
44674;2831;1668;1779;1693;1605
44704;2831;1668;1779;1691;1603
44744;2831;1668;1779;1692;1612
44784;2831;1669;1780;1691;1608
44824;2831;1669;1780;1692;1601
44864;2831;1669;1780;1688;1607
44894;2831;1669;1780;1691;1609
44934;2830;1669;1780;1690;1605
44974;2830;1669;1780;1693;1609
45014;2830;1668;1780;1695;1613
45044;2830;1669;1780;1694;1609
45084;2831;1669;1780;1693;1612
45124;2832;1669;1780;1697;1611
45164;2832;1669;1780;1696;1610
45194;2832;1669;1780;1697;1615
45234;2831;1668;1779;1696;1612
45274;2830;1668;1779;1696;1611
45314;2830;1668;1779;1695;1609
45344;2830;1668;1780;1695;1610
45384;2831;1669;1780;1693;1608
45424;2831;1669;1780;1694;1605
45454;2831;1669;1780;1697;1607
45484;2831;1669;1780;1696;1603
45524;2832;1669;1781;1698;1603
45564;2832;1669;1781;1695;1603
45604;2831;1669;1780;1696;1596
45644;2831;1669;1780;1698;1600
45684;2831;1669;1780;1698;1605
45724;2831;1669;1780;1698;1605
45754;2831;1669;1779;1699;1606
45794;2831;1669;1779;1699;1606
45834;2831;1668;1779;1700;1605
45874;2831;1668;1779;1745;1616
45904;2832;1668;1779;1779;1642
45944;2832;1669;1779;1781;1625
45984;2832;1669;1780;1780;1627
46024;2831;1669;1780;1779;1634
46064;2831;1669;1780;1785;1634
46094;2831;1668;1779;1784;1643
46134;2831;1668;1779;1788;1651
46174;2831;1668;1779;1788;1643
46204;2832;1668;1780;1785;1638
46244;2832;1668;1780;1783;1633
46284;2832;1668;1780;1782;1627
46324;2832;1668;1779;1779;1619
46354;2831;1668;1779;1779;1624
46394;2831;1668;1779;1782;1624
46434;2831;1668;1779;1779;1628
46474;2831;1668;1779;1775;1637
46504;2831;1668;1779;1772;1637
46544;2831;1668;1779;1775;1638
46584;2831;1669;1779;1777;1641
46624;2831;1669;1780;1776;1642
46654;2831;1668;1780;1779;1643
46684;2831;1668;1780;1778;1642
46694;2830;1668;1780;1778;1644
46734;2830;1668;1780;1779;1641
46774;2830;1668;1779;1778;1640
46814;2830;1668;1779;1778;1640
46824;2831;1668;1780;1777;1637
46844;2831;1668;1780;1777;1636
46884;2832;1669;1780;1780;1636
46904;2832;1669;1780;1778;1635
46924;2832;1669;1780;1778;1633
46964;2831;1669;1780;1777;1636
46984;2832;1669;1780;1775;1637
46994;2831;1668;1780;1779;1639
47034;2831;1668;1780;1778;1640
47044;2831;1669;1780;1777;1639
47074;2831;1669;1780;1780;1640
47114;2830;1669;1780;1780;1639
47144;2831;1669;1780;1777;1635
47184;2831;1669;1780;1774;1634
47224;2831;1669;1780;1776;1632
47264;2831;1669;1780;1777;1628
47294;2830;1668;1780;1779;1628
47334;2830;1669;1780;1778;1630
47374;2830;1668;1779;1779;1632
47404;2831;1668;1779;1779;1631
47444;2831;1668;1779;1777;1631
47484;2831;1668;1779;1774;1629
47524;2831;1669;1779;1773;1627
47554;2830;1668;1779;1777;1625
47594;2830;1668;1779;1776;1625
47634;2830;1668;1779;1775;1621
47674;2830;1668;1779;1773;1619
47704;2830;1669;1780;1770;1614
47744;2831;1669;1780;1773;1614
47784;2831;1669;1780;1771;1617
47824;2831;1669;1780;1773;1620
47854;2831;1669;1779;1776;1621
47894;2831;1669;1779;1782;1621
47934;2831;1669;1779;1779;1617
47974;2831;1671;1779;1780;1612
48004;2832;1673;1780;1780;1612
48044;2832;1674;1780;1781;1612
48084;2832;1678;1781;1776;1615
48124;2845;1698;1780;1777;1621
48164;2853;1709;1780;1780;1612
48244;2855;1715;1780;1778;1630
48284;2856;1719;1780;1777;1627
48404;2864;1730;1781;1773;1624
48444;2870;1743;1781;1776;1628
48484;2899;1772;1781;1778;1630
48524;2913;1789;1780;1773;1642
48564;2920;1797;1780;1768;1655
48594;2923;1801;1780;1764;1697
48634;2925;1803;1780;1782;1730
48674;2925;1804;1780;1778;1734
48714;2925;1805;1780;1780;1730
48744;2925;1805;1780;1782;1724
48784;2926;1805;1781;1786;1712
48824;2928;1805;1781;1785;1707
48864;2930;1806;1781;1786;1689
48894;2931;1806;1780;1788;1688
48934;2930;1807;1780;1794;1690
48974;2929;1807;1779;1791;1706
49014;2928;1806;1779;1790;1718
49044;2927;1801;1780;1788;1711
49084;2922;1798;1780;1870;1763
49124;2917;1778;1780;1904;1777
49164;2884;1726;1780;1899;1749
49194;2860;1688;1780;1898;1738
49234;2833;1651;1780;1896;1746
49274;2805;1631;1779;1922;1700
49314;2733;1613;1779;1989;1704
49344;2671;1605;1780;1976;1690
49384;2611;1600;1780;1971;1754
49424;2557;1584;1780;1994;1727
49464;2502;1548;1780;2015;1703
49494;2460;1530;1780;2020;1707
49534;2436;1511;1780;2015;1735
49574;2407;1476;1780;2019;1718
49614;2366;1464;1780;2024;1704
49644;2325;1453;1780;2032;1693
49684;2306;1446;1780;2026;1695
49724;2292;1440;1780;2026;1697
49764;2284;1438;1780;2027;1698
49794;2270;1437;1780;2030;1702
49834;2257;1435;1779;2027;1705
49874;2248;1432;1779;2021;1706
49914;2240;1430;1779;2026;1707
49944;2222;1421;1780;2027;1694
49984;2192;1397;1780;2026;1680
50024;2173;1389;1780;2019;1670
50064;2164;1385;1780;2020;1675
50094;2159;1383;1779;2023;1681
50134;2149;1381;1779;2024;1670
50174;2081;1381;1780;2023;1672
50214;2048;1381;1779;2026;1670
50244;2030;1381;1780;2029;1667
50284;1998;1381;1780;2034;1654
50324;1941;1359;1780;2029;1663
50364;1900;1345;1780;2024;1671
50394;1879;1338;1780;2024;1674
50434;1854;1335;1780;2014;1683
50474;1826;1330;1772;1985;1706
50514;1803;1326;1768;1976;1710
50544;1792;1324;1766;1973;1711
50584;1786;1323;1765;1971;1710
50624;1776;1323;1756;1970;1711
50664;1743;1317;1750;1969;1716
50694;1728;1312;1747;1971;1716
50734;1724;1307;1745;1975;1718
50774;1716;1304;1744;1971;1720
50814;1617;1290;1733;1966;1718
50844;1561;1276;1728;1965;1716
50884;1532;1271;1725;1963;1717
50924;1518;1269;1723;1967;1714
50964;1500;1264;1723;1964;1717
50994;1486;1253;1722;1964;1720
51034;1460;1230;1721;1963;1721
51074;1431;1215;1721;1960;1723
51114;1420;1206;1721;1962;1725
51144;1414;1202;1721;1962;1721
51184;1410;1200;1722;1958;1716
51224;1408;1199;1722;1959;1719
51254;1408;1198;1722;1961;1724
51264;1408;1198;1722;1959;1722
51294;1407;1198;1722;1959;1723
51324;1408;1198;1723;1957;1724
51334;1408;1198;1723;1956;1725
51374;1408;1198;1722;1962;1729
51414;1407;1198;1722;1957;1724
51444;1408;1198;1723;1957;1726
51484;1408;1199;1723;1958;1730
51524;1408;1199;1723;1961;1731
51564;1408;1199;1723;1961;1732
51594;1408;1199;1723;1962;1735
51634;1408;1199;1723;1962;1732
51674;1407;1199;1723;1962;1733
51714;1408;1198;1722;1960;1734
51754;1408;1198;1722;1960;1730
51794;1408;1198;1722;1960;1735
51834;1407;1198;1722;1958;1735
51874;1407;1198;1722;1957;1733
51904;1408;1199;1722;1955;1733
51944;1408;1199;1722;1954;1730
51984;1408;1199;1722;1951;1730
52024;1408;1199;1722;1953;1731
52064;1408;1199;1722;1955;1734
52094;1405;1198;1723;1956;1735
52134;1379;1198;1707;1958;1737
52174;1352;1191;1691;1957;1738
52214;1315;1183;1671;1955;1739
52294;1257;1179;1642;1955;1743
52334;1227;1178;1626;1952;1735
52374;1211;1177;1617;1952;1738
52454;1202;1177;1613;1953;1738
52494;1191;1176;1612;1953;1740
52534;1181;1175;1611;1956;1747
52574;1166;1173;1594;1953;1743
52614;1139;1151;1585;1949;1738
52644;1110;1131;1581;1950;1744
52684;1088;1113;1578;1952;1748
52724;1061;1099;1576;1953;1750
52764;1034;1078;1566;1954;1749
52794;1018;1064;1561;1955;1753
52834;1010;1057;1559;1954;1752
52874;1005;1053;1558;1956;1752
52914;1000;1051;1557;1955;1748
52944;999;1051;1557;1951;1748
52984;998;1051;1557;1951;1750
53024;995;1048;1558;1949;1747
53064;980;1037;1558;1947;1746
53094;959;1021;1557;1949;1750
53134;938;998;1557;1940;1748
53174;925;983;1544;1944;1745
53214;905;965;1538;1946;1748
53244;886;946;1536;1947;1745
53284;874;937;1534;1946;1747
53324;867;933;1533;1944;1751
53364;857;929;1533;1944;1744
53394;849;926;1532;1947;1747
53434;841;924;1532;1948;1749
53474;832;919;1532;1947;1747
53514;827;918;1531;1948;1744
53544;825;917;1533;1948;1743
53584;817;916;1533;1949;1741
53624;809;915;1533;1949;1742
53664;804;914;1533;1949;1743
53694;801;913;1532;1949;1749
53734;797;911;1532;1952;1744
53774;795;910;1532;1954;1741
53814;793;909;1532;1952;1743
53844;785;907;1533;1950;1739
53884;775;899;1532;1951;1742
53924;762;889;1532;1949;1742
53964;752;882;1532;1952;1741
53994;744;879;1532;1955;1740
54034;733;875;1532;1953;1743
54074;724;872;1532;1953;1744
54114;714;860;1532;1954;1747
54144;707;853;1532;1956;1744
54184;704;850;1532;1954;1740
54224;692;848;1532;1956;1743
54264;685;846;1532;1957;1740
54294;681;844;1532;1956;1741
54334;675;841;1532;1960;1743
54374;669;839;1531;1962;1735
54414;663;838;1531;1960;1737
54444;658;836;1531;1961;1733
54484;652;836;1531;1961;1732
54524;641;835;1531;1960;1719
54564;633;834;1532;1958;1717
54594;629;833;1531;1960;1720
54634;626;833;1525;1960;1723
54674;622;833;1487;1961;1724
54714;617;833;1457;1960;1716
54744;614;832;1416;1960;1718
54784;613;832;1384;1959;1718
54824;612;832;1357;1960;1719
54864;611;833;1334;1959;1721
54894;610;833;1317;1956;1707
54934;609;833;1308;1955;1712
54974;609;833;1303;1960;1720
55014;609;833;1301;1958;1711
55044;609;833;1301;1956;1714
55084;609;833;1301;1957;1715
55124;609;833;1301;1955;1717
55164;609;833;1301;1960;1721
55194;607;829;1288;1957;1726
55234;602;824;1275;1959;1728
55274;599;820;1268;1958;1735
55314;596;812;1264;1957;1737
55344;594;805;1263;1956;1738
55384;593;803;1262;1957;1736
55424;592;802;1262;1957;1737
55464;590;802;1262;1958;1739
55494;589;802;1261;1960;1741
55534;589;802;1260;1960;1740
55574;589;802;1261;1960;1740
55614;589;801;1261;1958;1736
55654;586;799;1261;1958;1739
55684;583;796;1261;1959;1733
55724;575;794;1261;1954;1734
55804;561;780;1261;1950;1724
55844;553;772;1261;1947;1720
55884;549;768;1261;1947;1719
55924;548;764;1262;1948;1722
56034;547;761;1261;1951;1721
56074;547;759;1261;1948;1714
56104;547;759;1261;1948;1721
56144;546;759;1261;1947;1722
56184;546;758;1262;1947;1720
56224;546;758;1262;1947;1721
56254;546;758;1262;1949;1715
56294;547;758;1262;1953;1717
56334;546;758;1261;1950;1709
56374;545;758;1261;1951;1710
56404;545;758;1262;1954;1720
56444;545;758;1262;1956;1719
56484;545;758;1262;1959;1725
56524;545;758;1262;1965;1722
56554;545;758;1261;1964;1704
56584;546;759;1261;1962;1699
56624;546;758;1261;1963;1700
56664;546;758;1262;1965;1704
56704;546;758;1262;1960;1700
56734;546;758;1262;1959;1701
56774;546;759;1262;1960;1705
56814;542;758;1262;1961;1705
56854;537;758;1261;1956;1705
56894;531;758;1261;1953;1693
56934;529;758;1261;1955;1701
56974;526;758;1261;1953;1701
57014;523;758;1261;1950;1693
57044;512;758;1261;1951;1694
57084;506;758;1261;1949;1686
57124;505;758;1261;1948;1676
57154;505;758;1261;1958;1669
57194;501;758;1261;1958;1668
57234;499;758;1262;1961;1658
57274;497;757;1262;1961;1643
57314;493;758;1261;1962;1645
57344;489;758;1261;1964;1641
57384;482;758;1261;1968;1638
57424;478;758;1261;1969;1636
57454;466;758;1261;1971;1641
57494;463;758;1261;1971;1642
57534;453;758;1261;1969;1641
57574;447;758;1261;1971;1642
57614;445;758;1260;1969;1642
57644;443;758;1260;1971;1644
57684;443;759;1260;1970;1642
57724;442;759;1259;1968;1644
57764;442;759;1258;1969;1648
57794;441;759;1257;1969;1650
57834;441;759;1256;1971;1650
57874;440;759;1256;1972;1654
57904;440;759;1256;1972;1653
57944;441;759;1255;1972;1654
57984;442;759;1255;1969;1650
58024;443;759;1256;1969;1654
58064;442;759;1255;1971;1649
58094;442;759;1255;1972;1649
58134;442;759;1255;1970;1647
58174;439;759;1255;1970;1647
58204;435;759;1255;1969;1645
58244;433;759;1255;1971;1645
58284;431;759;1255;1976;1645
58324;430;759;1255;1970;1646
58364;429;759;1255;1968;1651
58394;429;759;1255;1970;1652
58434;429;759;1255;1970;1651
58474;428;759;1255;1970;1656
58484;428;759;1255;1968;1655
58514;428;759;1255;1968;1656
58544;428;759;1255;1964;1654
58584;428;759;1255;1964;1655
58624;428;759;1255;1962;1658
58654;428;759;1255;1962;1652
58694;428;759;1255;1962;1656
58734;428;759;1255;1964;1657
58774;428;759;1255;1962;1655
58814;428;759;1255;1961;1656
58844;429;759;1255;1960;1653
58884;428;759;1255;1959;1650
58924;428;759;1255;1958;1648
58964;429;759;1254;1956;1644
58994;428;759;1254;1957;1648
59034;428;758;1254;1956;1649
59074;428;758;1254;1955;1651
59114;428;758;1254;1956;1650
59144;427;759;1255;1955;1648
59184;426;759;1255;1958;1647
59224;427;759;1256;1958;1643
59264;427;759;1255;1957;1642
59294;427;759;1255;1958;1643
59334;427;758;1255;1959;1639
59374;427;758;1254;1959;1640
59414;427;758;1254;1962;1639
59444;427;758;1254;1962;1641
59484;427;759;1255;1959;1640
59524;427;759;1255;1958;1633
59564;427;759;1254;1958;1639
59594;427;758;1255;1958;1641
59634;427;758;1255;1963;1637
59674;427;758;1255;1963;1634
59714;427;758;1255;1963;1635
59744;428;758;1255;1962;1632
59784;428;759;1255;1959;1630
59824;428;759;1254;1960;1629
59864;428;759;1254;1956;1634
59894;428;759;1254;1961;1636
59934;428;759;1254;1963;1635
59974;427;759;1254;1957;1632
60004;428;759;1254;1954;1630
60044;427;759;1255;1955;1634
60084;427;759;1254;1954;1633
60124;427;759;1254;1949;1639
60164;427;759;1254;1948;1641
60194;427;759;1254;1949;1643
60234;427;759;1254;1951;1646
60274;427;758;1254;1951;1646
60304;429;758;1254;1950;1646
60344;431;758;1254;1943;1647
60384;434;758;1254;1943;1648
60424;439;758;1254;1943;1646
60454;441;758;1254;1942;1649
60494;441;758;1254;1941;1652
60534;441;758;1254;1942;1652
60574;445;758;1254;1940;1653
60614;449;758;1253;1941;1656
60644;451;758;1254;1941;1656
60684;457;758;1254;1942;1658
60724;461;758;1254;1944;1658
60764;463;759;1254;1944;1656
60794;464;758;1254;1945;1660
60834;467;758;1254;1945;1659
60874;468;758;1254;1945;1660
60914;473;758;1254;1943;1658
60944;492;758;1252;1944;1657
60984;513;758;1237;1944;1658
61024;534;759;1221;1945;1658
61054;549;758;1211;1947;1658
61094;572;758;1206;1945;1659
61134;596;759;1204;1944;1661
61174;615;759;1203;1942;1665
61214;625;759;1202;1943;1667
61244;633;759;1202;1943;1674
61284;647;759;1202;1942;1675
61324;663;759;1202;1941;1675
61364;674;759;1203;1936;1677
61394;681;759;1202;1938;1678
61434;696;758;1202;1940;1677
61474;706;758;1202;1940;1676
61514;714;758;1203;1938;1675
61544;720;758;1203;1938;1676
61584;723;758;1203;1938;1679
61624;725;758;1203;1939;1678
61664;727;758;1203;1936;1677
61694;728;758;1202;1940;1679
61734;728;759;1202;1938;1679
61774;729;759;1202;1941;1678
61814;729;759;1202;1942;1682
61844;730;759;1202;1942;1682
61884;730;759;1202;1944;1667
61924;731;759;1203;1937;1692
61964;731;759;1202;1940;1737
61994;731;759;1201;1903;1712
62034;731;759;1202;1882;1730
62074;733;758;1202;1911;1685
62114;735;758;1202;1914;1680
62144;737;758;1202;1913;1677
62184;739;758;1202;1915;1662
62224;740;758;1201;1919;1685
62254;741;758;1201;1926;1688
62264;742;758;1202;1927;1692
62294;741;758;1202;1928;1684
62334;741;759;1202;1929;1678
62374;741;758;1202;1925;1681
62414;741;758;1202;1926;1681
62444;741;759;1202;1924;1685
62484;742;759;1203;1926;1682
62524;742;759;1203;1928;1683
62564;741;759;1203;1929;1683
62654;759;759;1203;1931;1681
62704;848;759;1325;1934;1682
62744;1013;760;1493;1937;1684
62784;1158;766;1608;1941;1683
62824;1342;840;1689;1939;1685
62864;1554;924;1733;1895;1764
62894;1669;976;1756;1844;1837
62934;1827;1059;1765;1857;1907
62974;2009;1122;1773;1865;1915
63014;2101;1160;1776;1857;1920
63044;2173;1187;1778;1830;1889
63084;2239;1225;1780;1815;1917
63124;2288;1250;1781;1794;1931
63164;2342;1286;1781;1767;1946
63194;2390;1314;1781;1734;1932
63234;2412;1317;1781;1761;1900
63274;2423;1333;1781;1772;1857
63304;2429;1343;1782;1772;1840
63344;2432;1352;1781;1785;1812
63384;2434;1357;1781;1799;1765
63424;2434;1360;1781;1796;1753
63454;2434;1362;1781;1806;1733
63494;2434;1368;1781;1809;1715
63534;2433;1372;1779;1813;1699
63574;2434;1376;1774;1818;1687
63614;2434;1378;1771;1818;1688
63644;2434;1379;1770;1819;1689
63684;2434;1381;1762;1825;1685
63724;2434;1382;1758;1825;1691
63754;2434;1382;1756;1839;1678
63794;2434;1382;1755;1823;1691
63834;2434;1383;1738;1852;1644
63874;2434;1382;1717;1848;1629
63914;2434;1387;1698;1836;1634
63944;2434;1392;1680;1832;1629
63984;2434;1395;1661;1832;1635
64014;2433;1399;1643;1835;1635
64024;2433;1401;1635;1833;1631
64054;2432;1402;1631;1842;1632
64094;2433;1403;1628;1853;1634
64124;2433;1403;1619;1848;1634
64134;2433;1403;1613;1850;1637
64174;2433;1414;1582;1840;1646
64214;2433;1423;1549;1840;1648
64244;2434;1428;1529;1842;1639
64284;2434;1432;1518;1870;1633
64324;2434;1434;1512;1876;1634
64364;2434;1435;1509;1876;1630
64394;2434;1435;1507;1876;1630
64434;2433;1435;1507;1877;1627
64474;2433;1435;1507;1879;1625
64504;2433;1435;1507;1884;1621
64544;2433;1435;1507;1892;1626
64584;2433;1435;1507;1896;1622
64624;2433;1435;1508;1896;1623
64664;2433;1435;1508;1896;1618
64694;2433;1435;1508;1894;1627
64734;2433;1435;1507;1893;1625
64774;2433;1435;1507;1888;1623
64814;2432;1435;1507;1893;1617
64894;2433;1436;1506;1879;1621
64904;2434;1441;1500;1874;1625
64944;2434;1451;1496;1887;1616
64984;2433;1457;1494;1884;1617
65034;2433;1464;1493;1881;1616
65074;2434;1469;1493;1868;1628
65114;2434;1472;1493;1869;1627
65144;2434;1474;1495;1863;1629
65184;2436;1475;1503;1863;1631
65224;2436;1475;1516;1866;1632
65264;2436;1475;1531;1869;1631
65294;2419;1475;1541;1901;1601
65334;2374;1475;1546;1920;1597
65374;2292;1476;1548;1921;1606
65414;2225;1488;1549;1919;1606
65494;2084;1504;1549;1930;1601
65534;1992;1512;1537;1934;1605
78;1883;1517;1514;1923;1625
118;1802;1519;1499;1914;1628
158;1709;1520;1493;1897;1645
198;1628;1521;1490;1894;1642
238;1557;1522;1488;1901;1645
278;1514;1522;1487;1891;1652
308;1475;1520;1487;1886;1649
348;1426;1496;1487;1883;1632
388;1367;1463;1488;1887;1630
428;1338;1448;1488;1892;1632
458;1319;1440;1487;1892;1628
498;1292;1425;1487;1890;1635
538;1262;1394;1487;1892;1650
578;1229;1371;1487;1895;1646
608;1189;1335;1487;1890;1631
648;1136;1287;1487;1891;1630
688;1104;1259;1488;1890;1642
728;1063;1213;1488;1890;1640
758;1023;1185;1487;1892;1646
798;992;1156;1487;1891;1662
838;965;1134;1487;1895;1665
878;936;1106;1486;1904;1655
908;911;1084;1487;1906;1647
948;886;1065;1487;1909;1629
988;858;1034;1488;1905;1619
1028;833;1006;1488;1924;1599
1058;813;981;1488;1931;1584
1098;787;955;1487;1953;1578
1138;770;942;1487;2003;1558
1178;747;925;1466;2027;1615
1208;731;914;1441;2034;1670
1248;722;909;1415;2072;1683
1288;713;906;1382;2091;1664
1328;698;905;1350;2133;1671
1358;690;904;1316;2139;1681
1398;680;896;1287;2132;1684
1438;671;893;1267;2110;1685
1478;660;887;1247;2175;1714
1508;646;879;1236;2227;1754
1548;638;874;1231;2222;1772
1588;632;865;1228;2225;1777
1628;628;859;1227;2263;1809
1658;623;853;1226;2252;1882
1698;619;848;1225;2286;1947
1738;611;841;1225;2370;1995
1778;606;837;1225;2374;1969
1808;603;834;1223;2347;1927
1848;597;828;1222;2355;1926
1888;591;822;1213;2355;1929
1928;576;808;1201;2354;1932
1958;570;800;1189;2327;1901
1998;565;795;1182;2308;1885
2038;562;793;1179;2272;1856
2078;560;792;1178;2031;1690
2108;560;792;1177;1952;1638
2148;574;792;1177;1887;1597
2188;583;792;1177;1847;1560
2228;585;792;1177;1815;1506
2258;581;792;1176;1832;1506
2298;570;790;1176;1816;1513
2338;560;781;1176;1833;1504
2378;550;768;1176;1841;1515
2408;532;758;1176;1840;1519
2448;507;746;1176;1835;1517
2488;483;741;1176;1850;1512
2528;464;739;1176;1867;1505
2558;451;737;1176;1886;1508
2598;441;736;1176;1895;1503
2638;436;736;1176;1918;1502
2678;432;736;1176;1911;1501
2718;427;736;1176;1897;1505
2758;422;736;1176;1813;1483
2798;418;737;1176;1807;1496
2838;414;742;1176;1816;1498
2878;412;745;1176;1834;1505
2908;411;748;1176;1841;1504
2948;411;749;1176;1868;1491
2988;410;750;1177;1874;1493
3018;410;750;1177;1893;1499
3058;410;750;1177;1891;1511
3098;409;750;1177;1868;1528
3138;409;750;1178;1879;1531
3178;409;751;1177;1863;1527
3208;409;751;1178;1851;1525
3248;409;752;1178;1863;1523
3288;409;752;1178;1858;1527
3328;409;753;1178;1856;1533
3358;409;753;1178;1852;1535
3398;409;753;1178;1832;1539
3438;408;754;1178;1838;1537
3478;408;755;1178;1844;1535
3508;408;757;1178;1844;1539
3548;408;758;1179;1860;1541
3588;408;759;1179;1862;1537
3628;408;760;1179;1855;1528
3658;408;761;1179;1839;1524
3698;408;762;1178;1828;1518
3738;408;762;1179;1825;1528
3778;408;762;1179;1831;1539
3808;408;762;1179;1829;1540
3848;408;763;1179;1822;1542
3888;408;764;1179;1826;1545
3928;407;764;1179;1834;1545
3958;407;764;1179;1834;1544
3998;407;765;1179;1803;1518
4038;408;766;1179;1802;1520
4078;408;764;1178;1788;1524
4158;452;756;1178;1765;1538
4198;479;750;1178;1766;1553
4238;515;743;1179;1794;1558
4318;555;733;1180;1824;1555
4358;596;728;1181;1836;1536
4398;653;725;1181;1846;1539
4438;709;724;1182;1860;1545
4478;813;723;1218;1861;1527
4508;878;723;1246;1867;1528
4548;922;723;1260;1855;1517
4588;958;723;1267;1820;1522
4628;999;723;1289;1810;1529
4658;1043;723;1301;1823;1549
4698;1096;736;1308;1826;1557
4738;1167;780;1315;1825;1571
4778;1270;862;1321;1799;1564
4808;1375;945;1327;1821;1561
4848;1570;1042;1329;1835;1573
4888;1791;1160;1331;1833;1569
4928;2018;1247;1333;1832;1576
4958;2186;1315;1334;1840;1596
4998;2320;1373;1336;1800;1598
5038;2394;1409;1337;1760;1638
5078;2472;1450;1337;1731;1664
5108;2529;1490;1339;1718;1658
5148;2591;1543;1339;1682;1667
5188;2667;1634;1339;1733;1619
5228;2740;1727;1339;1758;1605
5258;2783;1775;1338;1727;1654
5298;2821;1813;1338;1737;1661
5338;2849;1848;1338;1755;1683
5378;2881;1881;1339;1763;1700
5408;2910;1911;1339;1790;1728
5448;2942;1943;1339;1827;1740
5488;2979;1979;1339;1836;1769
5528;3023;1999;1339;1872;1787
5568;3055;2011;1339;1861;1817
5608;3076;2016;1339;1849;1840
5648;3094;2020;1339;1840;1842
5688;3102;2025;1339;1846;1840
5728;3103;2089;1338;1838;1839
5758;3102;2120;1338;1841;1844
5798;3102;2135;1340;1836;1855
5838;3102;2143;1342;1819;1842
5878;3101;2147;1343;1811;1862
5908;3101;2149;1344;1803;1863
5948;3101;2151;1346;1795;1899
5988;3102;2151;1348;1808;1892
6028;3101;2151;1351;1812;1863
6058;3099;2151;1352;1825;1826
6098;3095;2151;1353;1833;1791
6138;3088;2137;1362;1869;1761
6168;3068;2054;1369;1881;1738
6178;3048;2007;1372;1886;1728
6208;3024;1966;1374;1899;1704
6248;2955;1939;1375;1906;1655
6288;2831;1907;1370;1933;1618
6328;2673;1893;1331;1931;1563
6358;2528;1886;1303;1944;1529
6398;2390;1882;1289;1907;1531
6438;2161;1880;1282;1887;1546
6478;1872;1838;1278;1853;1554
6508;1683;1795;1276;1849;1550
6548;1565;1773;1276;1838;1556
6588;1471;1746;1276;1860;1562
6618;1388;1694;1275;1874;1556
6658;1295;1602;1275;1879;1557
6688;1226;1535;1275;1871;1561
6698;1181;1492;1275;1869;1563
6738;1122;1423;1275;1877;1569
6778;1042;1330;1275;1893;1570
6808;983;1261;1276;1895;1567
6848;934;1204;1275;1898;1576
6888;873;1138;1275;1925;1589
6928;836;1091;1275;1935;1589
6958;795;1041;1275;1947;1596
6998;758;1004;1275;1950;1599
7038;734;981;1275;1962;1605
7078;707;955;1275;1976;1617
7108;689;939;1275;1980;1621
7148;664;915;1274;1973;1627
7188;642;895;1262;1958;1642
7228;620;867;1256;1954;1653
7258;605;851;1254;1934;1666
7298;594;839;1253;1932;1671
7338;574;817;1253;1935;1659
7368;560;804;1253;1936;1652
7408;553;798;1253;1939;1649
7448;549;795;1252;1925;1666
7488;547;794;1251;1919;1676
7518;544;793;1249;1913;1685
7558;543;792;1246;1914;1695
7598;540;792;1245;1922;1680
7638;533;791;1242;1917;1675
7678;529;790;1232;1913;1691
7708;529;790;1227;1914;1695
7748;528;790;1225;1896;1735
7788;526;790;1224;1897;1757
7828;522;790;1222;1885;1752
7858;516;790;1222;1863;1744
7888;513;791;1222;1846;1731
7898;512;792;1222;1849;1728
7938;510;792;1222;1844;1710
7978;507;792;1222;1834;1705
8008;507;792;1222;1837;1713
8048;506;792;1222;1838;1718
8088;505;793;1222;1837;1751
8118;505;793;1222;1869;1775
8158;505;793;1222;1895;1747
8198;505;794;1222;1926;1743
8238;505;795;1222;1920;1735
8278;505;795;1222;1916;1722
8308;519;796;1214;1892;1718
8348;536;796;1200;1910;1725
8388;564;797;1185;1863;1734
8428;590;797;1163;1918;1767
8458;608;797;1151;1980;1830
8498;635;797;1145;2023;1864
8538;675;797;1143;2072;1904
8568;708;797;1142;2112;1949
8608;732;796;1142;2129;1932
8648;772;795;1142;2146;1901
8688;837;795;1232;2139;1893
8728;887;795;1312;2154;1899
8758;924;795;1378;2159;1908
8798;955;795;1416;2178;1904
8838;998;795;1473;2198;1913
8868;1051;795;1528;2210;1919
8908;1123;796;1591;2223;1925
8948;1212;797;1641;2209;1906
8988;1272;796;1673;2211;1889
9018;1334;796;1696;2226;1889
9058;1392;796;1716;2231;1896
9098;1453;796;1732;2225;1894
9138;1566;815;1741;2217;1907
9178;1692;861;1746;2206;1897
9208;1775;899;1750;2202;1895
9248;1865;951;1752;2194;1922
9288;2036;1027;1754;2171;1910
9328;2149;1083;1755;2157;1900
9358;2237;1130;1755;2166;1910
9398;2312;1168;1755;2155;1917
9438;2381;1203;1756;2126;1929
9468;2474;1240;1756;2040;1880
9508;2501;1264;1756;2009;1912
9548;2520;1287;1756;1997;1959
9588;2535;1308;1757;1979;2027
9618;2545;1321;1756;1916;2238
9658;2557;1333;1756;1934;2427
9698;2563;1348;1756;1897;2449
9738;2580;1370;1756;1921;2395
9768;2601;1390;1757;1923;2337
9808;2605;1400;1757;1942;2244
9848;2612;1420;1757;1956;2265
9888;2616;1430;1757;1954;2263
9928;2618;1435;1757;1850;2128
9958;2618;1435;1744;1840;2083
9988;2624;1448;1732;1839;2093
9998;2632;1458;1719;1836;2092
10038;2652;1467;1712;1801;1991
10078;2658;1472;1709;1765;1941
10108;2662;1475;1707;1733;1902
10148;2662;1476;1706;1724;1922
10188;2661;1477;1705;1717;1924
10228;2660;1477;1705;1705;1887
10258;2659;1477;1704;1721;1883
10298;2657;1477;1704;1722;1823
10338;2656;1477;1704;1714;1805
10378;2656;1477;1703;1712;1801
10408;2657;1477;1704;1705;1841
10448;2657;1477;1704;1661;1884
10488;2657;1477;1705;1663;1916
10528;2657;1477;1705;1660;1896
10558;2656;1477;1705;1672;1846
10598;2658;1477;1704;1683;1829
10668;2661;1477;1703;1698;1797
10708;2655;1477;1703;1710;1768
10748;2652;1477;1704;1717;1756
10788;2644;1478;1704;1728;1734
10818;2620;1478;1703;1759;1687
10858;2524;1478;1703;1759;1673
10898;2330;1478;1699;1779;1609
10938;2050;1478;1657;1808;1698
10978;1750;1443;1633;1819;1695
11008;1528;1392;1611;1843;1689
11048;1355;1306;1600;1828;1694
11088;1229;1233;1595;1825;1689
11128;1128;1170;1592;1847;1692
11158;1045;1107;1591;1867;1698
11198;987;1078;1582;1864;1703
11238;937;1064;1545;1852;1713
11278;888;1057;1494;1853;1727
11308;859;1054;1430;1845;1735
11348;833;1052;1370;1830;1765
11388;816;1051;1321;1824;1787
11428;797;1039;1297;1811;1772
11458;772;1015;1284;1802;1765
11498;742;984;1278;1813;1776
11538;692;930;1274;1827;1807
11578;651;884;1273;1825;1812
11608;610;842;1273;1814;1816
11648;575;805;1273;1803;1816
11688;552;783;1273;1784;1836
11728;539;773;1273;1768;1880
11758;525;767;1272;1744;1944
11798;517;765;1272;1730;1957
11838;513;764;1272;1702;1933
11878;510;769;1272;1702;1878
11908;509;776;1272;1702;1836
11948;505;780;1272;1711;1829
11988;504;783;1272;1715;1826
12028;503;785;1272;1707;1855
12058;502;787;1272;1705;1846
12098;500;790;1272;1700;1816
12138;499;792;1272;1741;1881
12168;499;793;1272;1736;1894
12208;498;793;1273;1757;1849
12248;497;793;1273;1779;1765
12288;495;793;1273;1866;1792
12318;494;793;1272;1945;1918
12358;492;793;1272;1942;1929
12398;500;794;1272;1900;1842
12438;524;794;1272;1905;1818
12478;551;794;1238;1930;1860
12508;588;794;1221;1951;1976
12548;648;794;1213;1948;1989
12588;706;794;1209;1964;1988
12628;742;794;1207;1958;2118
12658;760;794;1206;1925;1997
12698;769;794;1205;1934;1992
12738;782;793;1205;1850;1902
12778;792;793;1205;1756;1749
12808;801;794;1205;1765;1845
12848;817;794;1205;1749;1900
12888;838;794;1205;1747;1855
12928;864;794;1220;1801;1908
12958;944;794;1334;1879;1981
12998;1096;794;1494;1859;1925
13038;1182;794;1581;1847;1940
13078;1231;794;1624;1831;1946
13108;1283;795;1650;1859;1971
13148;1351;795;1673;1893;2007
13188;1393;795;1686;1859;1954
13228;1443;795;1692;1865;1903
13258;1530;794;1700;1924;1917
13298;1608;796;1708;1943;1945
13338;1721;850;1713;1966;1945
13378;1858;940;1717;1913;1902
13408;1942;993;1721;1901;1899
13448;2051;1020;1722;1945;1938
13488;2117;1033;1723;1936;1949
13528;2185;1063;1724;1928;1939
13558;2264;1107;1723;1935;1957
13598;2350;1157;1726;1941;1960
13638;2428;1206;1728;1938;1888
13678;2469;1232;1729;1924;1875
13708;2495;1250;1730;1915;1868
13748;2529;1262;1731;1881;1863
13788;2526;1271;1731;1885;1898
13828;2530;1281;1731;1869;1896
13858;2535;1291;1731;1863;1902
13898;2539;1297;1731;1870;1934
13938;2555;1310;1731;1852;1938
13978;2566;1326;1731;1815;1853
14048;2592;1349;1731;1813;1785
14088;2603;1364;1731;1817;1791
14128;2599;1373;1731;1794;1783
14158;2599;1378;1730;1780;1790
14198;2605;1387;1726;1759;1795
14238;2613;1399;1724;1773;1803
14278;2622;1415;1714;1774;1813
14358;2648;1432;1695;1772;1824
14398;2650;1442;1675;1777;1820
14438;2651;1450;1664;1794;1836
14478;2651;1455;1659;1796;1844
14518;2653;1457;1656;1788;1845
14558;2659;1467;1636;1780;1846
14598;2663;1473;1625;1789;1847
14638;2664;1476;1619;1796;1847
14678;2665;1478;1616;1809;1840
14708;2666;1479;1615;1803;1842
14738;2666;1479;1614;1798;1845
14778;2665;1479;1614;1797;1849
14818;2665;1480;1613;1762;1866
14858;2665;1479;1613;1735;1860
14898;2666;1479;1613;1739;1816
14938;2667;1479;1628;1722;1765
14978;2667;1479;1659;1717;1752
15008;2669;1479;1688;1706;1779
15048;2634;1465;1704;1711;1811
15088;2568;1457;1712;1720;1780
15128;2441;1454;1717;1744;1703
15158;2201;1452;1719;1762;1644
15198;1965;1447;1672;1769;1630
15238;1724;1424;1636;1791;1653
15278;1556;1413;1602;1793;1644
15308;1438;1399;1579;1795;1630
15348;1341;1365;1568;1797;1640
15388;1272;1348;1561;1785;1640
15428;1209;1321;1558;1804;1627
15458;1141;1279;1556;1813;1630
15468;1090;1244;1556;1813;1632
15498;1013;1174;1555;1799;1691
15538;937;1102;1555;1789;1780
15578;865;1028;1555;1765;1799
15608;793;959;1555;1764;1780
15648;733;899;1555;1768;1762
15688;685;862;1555;1780;1754
15728;647;835;1555;1787;1758
15758;618;813;1555;1785;1759
15798;586;800;1555;1770;1778
15838;559;782;1555;1757;1805
15878;545;774;1555;1749;1809
15908;535;770;1555;1736;1821
15948;523;769;1555;1730;1835
15988;515;777;1556;1737;1835
16028;510;783;1555;1736;1817
16058;507;786;1555;1741;1813
16098;506;789;1554;1748;1809
16138;505;791;1554;1747;1811
16178;503;792;1554;1758;1830
16208;501;793;1555;1757;1819
16248;500;794;1555;1759;1820
16288;496;796;1555;1746;1800
16328;492;799;1555;1754;1804
16358;490;801;1555;1749;1799
16398;489;804;1555;1763;1778
16438;488;808;1555;1767;1777
16478;485;812;1555;1766;1785
16508;484;815;1555;1767;1784
16548;480;817;1555;1761;1793
16588;479;818;1555;1758;1796
16628;479;819;1555;1755;1802
16658;479;819;1555;1767;1783
16698;479;819;1555;1804;1741
16738;476;820;1555;1802;1696
16778;475;821;1555;1799;1710
16808;475;821;1555;1802;1690
16848;500;821;1535;1827;1688
16888;512;821;1515;1814;1737
16928;532;821;1488;1815;1734
16958;561;821;1435;1835;1740
16998;584;822;1387;1828;1766
17038;597;821;1362;1814;1786
17078;613;821;1349;1823;1743
17108;623;821;1343;1829;1745
17148;628;822;1339;1826;1762
17188;644;822;1337;1834;1770
17228;681;822;1337;1851;1765
17258;724;822;1336;1858;1785
17298;775;822;1338;1865;1802
17338;806;822;1338;1880;1789
17378;824;822;1339;1886;1796
17408;837;822;1340;1871;1814
17448;851;821;1340;1850;1822
17488;858;820;1341;1838;1829
17528;864;819;1341;1829;1824
17558;877;818;1341;1833;1813
17598;919;817;1377;1836;1780
17638;973;817;1429;1836;1761
17678;1003;817;1460;1865;1766
17708;1019;817;1476;1861;1774
17748;1035;817;1484;1836;1769
17788;1057;817;1489;1844;1753
17828;1070;817;1491;1857;1751
17858;1078;816;1492;1857;1743
17898;1090;816;1492;1843;1730
17938;1097;816;1492;1827;1739
17978;1101;816;1492;1829;1765
18008;1103;816;1493;1831;1770
18048;1105;816;1493;1839;1780
18088;1105;817;1493;1836;1781
18128;1106;817;1493;1842;1778
18158;1106;817;1493;1834;1781
18198;1105;817;1493;1831;1782
18238;1105;817;1492;1832;1788
18278;1106;817;1492;1823;1789
18308;1106;818;1493;1801;1780
18348;1106;818;1493;1794;1761
18388;1106;817;1493;1795;1766
18428;1106;817;1493;1794;1772
18458;1105;817;1493;1795;1773
18498;1105;817;1493;1798;1775
18538;1105;817;1493;1795;1774
18578;1105;817;1493;1786;1780
18618;1105;817;1493;1801;1777
18658;1105;817;1493;1806;1783
18698;1105;817;1493;1789;1784
18738;1105;817;1493;1789;1769
18778;1105;817;1493;1798;1747
18808;1105;817;1494;1799;1765
18848;1105;817;1493;1802;1758
18888;1106;817;1493;1764;1668
18928;1106;817;1493;1755;1676
18958;1106;817;1493;1742;1717
18998;1105;817;1493;1724;1742
19038;1105;817;1493;1735;1684
19078;1104;817;1493;1747;1667
19108;1105;817;1493;1739;1703
19148;1105;817;1493;1761;1687
19188;1104;817;1493;1743;1677
19228;1104;817;1493;1735;1680
19258;1103;816;1493;1747;1700
19298;1104;816;1493;1756;1641
19338;1104;817;1493;1772;1613
19378;1104;817;1493;1823;1508
19408;1104;817;1493;1836;1475
19448;1104;817;1493;1820;1516
19488;1104;817;1494;1773;1607
19528;1104;817;1494;1763;1643
19558;1104;817;1493;1762;1656
19598;1104;817;1493;1763;1647
19638;1104;817;1493;1769;1618
19678;1104;817;1493;1758;1589
19708;1104;817;1494;1776;1589
19748;1105;817;1494;1771;1605
19788;1105;817;1494;1765;1607
19828;1105;817;1494;1768;1595
19858;1105;817;1494;1772;1604
19898;1105;817;1494;1769;1618
19938;1105;816;1493;1767;1633
19978;1105;816;1492;1764;1642
20008;1105;817;1493;1759;1652
20048;1108;817;1494;1754;1670
20088;1112;817;1494;1756;1678
20128;1156;817;1494;1760;1657
20158;1231;817;1555;1769;1640
20198;1321;817;1603;1765;1655
20238;1400;817;1641;1764;1650
20278;1464;828;1663;1764;1656
20308;1593;852;1674;1758;1661
20348;1708;913;1681;1756;1686
20388;1814;968;1684;1749;1715
20428;2049;1066;1685;1745;1706
20458;2239;1160;1685;1732;1800
20498;2352;1217;1686;1752;1984
20538;2421;1257;1686;1756;1939
20568;2454;1277;1687;1735;1925
20608;2482;1287;1687;1703;1756
20648;2517;1306;1688;1730;1662
20688;2543;1318;1688;1708;1696
20728;2555;1331;1688;1698;1752
20758;2564;1352;1687;1707;1764
20798;2587;1367;1687;1741;1800
20838;2598;1374;1687;1714;1883
20878;2595;1379;1686;1703;1894
20908;2593;1383;1687;1714;1895
20948;2594;1385;1687;1702;2007
20988;2594;1385;1688;1690;2084
21028;2597;1386;1688;1689;2127
21058;2597;1386;1687;1684;2211
21098;2589;1386;1681;1656;2282
21138;2582;1386;1677;1639;2251
21168;2576;1386;1676;1633;2232
21208;2566;1386;1659;1628;2284
21248;2550;1386;1643;1643;2288
21288;2540;1386;1635;1627;2179
21328;2534;1386;1632;1612;2097
21358;2532;1386;1630;1613;2035
21398;2531;1386;1629;1620;2026
21438;2533;1386;1628;1631;2068
21478;2526;1386;1628;1629;2036
21498;2516;1386;1628;1623;2027
21548;2504;1386;1628;1632;2031
21588;2498;1386;1628;1641;2078
21628;2489;1386;1628;1640;2125
21658;2478;1386;1628;1645;2230
21698;2457;1386;1628;1805;2619
21738;2423;1386;1628;1952;2889
21778;2388;1386;1628;1960;2904
21808;2356;1387;1628;2182;3124
21848;2318;1387;1629;2260;3263
21888;2276;1386;1628;2094;2923
21928;2248;1386;1628;1944;2695
21958;2234;1385;1627;1973;2707
21998;2226;1385;1627;1978;2726
22038;2222;1385;1628;1977;2689
22078;2206;1385;1627;1946;2626
22108;2178;1385;1628;1930;2641
22148;2076;1385;1629;1931;2636
22188;2020;1385;1629;1925;2557
22228;1993;1385;1629;1929;2469
22258;1980;1385;1628;1944;2418
22298;1971;1385;1627;1960;2388
22338;1967;1385;1627;1968;2361
22378;1965;1385;1627;1961;2367
22408;1965;1385;1628;1962;2410
22448;1976;1385;1628;1938;2440
22488;1985;1386;1628;1908;2364
22528;1990;1386;1628;1918;2396
22598;1993;1386;1628;1937;2620
22638;1994;1386;1628;1956;2674
22668;1995;1386;1628;1930;2578
22708;1995;1386;1628;1917;2281
22748;1996;1385;1629;1920;2194
22818;1999;1385;1628;1912;2164
22858;2001;1385;1628;1906;2164
22898;2002;1385;1628;1897;2127
22938;2004;1385;1628;1896;2118
22978;2005;1385;1628;1894;2100
23008;2006;1385;1628;1893;2100
23048;2007;1385;1628;1890;2118
23088;2007;1385;1629;1716;1496
23128;2009;1385;1629;1733;1512
23158;2010;1385;1628;1763;1485
23198;2011;1385;1628;1762;1529
23238;2014;1385;1627;1755;1534
23278;2014;1385;1628;1757;1525
23308;2014;1385;1629;1767;1537
23348;2012;1385;1629;1763;1548
23388;2014;1385;1629;1761;1555
23428;2015;1384;1629;1755;1587
23458;2015;1384;1629;1759;1588
23498;2015;1384;1628;1755;1588
23538;2015;1384;1628;1753;1593
23578;2015;1384;1628;1749;1607
23608;2017;1385;1628;1737;1617
23648;2017;1385;1628;1733;1626
23688;2021;1385;1628;1746;1603
23728;2023;1385;1628;1754;1627
23758;2023;1385;1628;1745;1661
23798;2024;1385;1628;1738;1699
23838;2025;1385;1628;1748;1716
23878;2024;1385;1628;1753;1718
23908;2025;1385;1628;1753;1725
23948;2025;1385;1628;1758;1725
23988;2025;1385;1629;1761;1730
24028;2025;1385;1629;1765;1721
24058;2025;1385;1628;1769;1718
24098;2026;1385;1628;1772;1721
24138;2026;1385;1628;1771;1724
24178;2025;1385;1628;1776;1719
24230;2026;1385;1629;1778;1722
24240;2026;1386;1629;1779;1722
24250;2027;1386;1630;1777;1721