
43819;1082;701;895;1994;1832
43939;1623;1053;1343;1996;1833
43969;1893;1228;1567;1991;1836
43999;2028;1316;1680;1990;1832
44009;2096;1360;1736;1988;1831
44049;2130;1382;1764;1980;1866
44089;2148;1393;1778;1970;1873
44119;2157;1399;1784;1972;1890
44159;2156;1401;1788;1966;1893
44199;2154;1402;1790;1961;1904
44239;2153;1403;1790;1954;1931
44269;2152;1403;1791;1946;1944
44309;2150;1403;1791;1944;1950
44349;2142;1404;1792;1943;1955
44389;2077;1404;1793;1946;1953
44419;2041;1404;1792;1945;1948
44459;2022;1404;1792;1944;1952
44499;2004;1404;1791;1940;1948
44529;1991;1404;1792;1953;1935
44569;1982;1404;1792;1960;1929
44609;1975;1404;1792;1965;1925
44649;1970;1404;1792;1972;1916
44689;1958;1404;1792;1978;1899
44719;1943;1404;1792;1983;1892
44759;1940;1404;1792;1989;1903
44799;1933;1404;1792;1992;1905
44839;1923;1402;1792;1993;1904
44869;1914;1400;1792;1993;1904
44909;1907;1399;1792;1992;1905
44949;1900;1398;1792;1995;1908
44989;1889;1398;1792;1989;1901
45019;1874;1397;1791;1990;1898
45059;1867;1397;1790;1986;1880
45099;1855;1397;1787;2007;1876
45129;1850;1397;1781;1998;1877
45169;1842;1396;1779;1997;1879
45209;1834;1385;1778;1998;1868
45249;1830;1378;1777;2000;1869
45289;1817;1372;1776;2006;1866
45319;1809;1367;1775;2008;1874
45359;1793;1365;1772;1999;1876
45399;1785;1362;1768;2003;1883
45439;1778;1360;1764;1992;1887
45469;1772;1358;1761;1991;1889
45509;1767;1356;1758;1994;1894
45549;1751;1345;1755;1990;1899
45589;1735;1330;1752;1988;1896
45619;1731;1283;1749;1987;1898
45659;1716;1309;1748;1996;1894
45699;1654;1315;1747;2000;1886
45739;1633;1319;1746;1997;1889
45769;1611;1319;1745;1999;1890
45809;1569;1312;1743;2004;1889
45849;1549;1307;1742;1999;1890
45889;1531;1303;1741;1998;1894
45919;1519;1297;1740;1997;1896
45959;1509;1288;1736;1991;1906
45999;1497;1279;1731;1988;1907
46039;1486;1277;1726;1988;1913
46069;1480;1277;1723;1990;1912
46079;1477;1273;1722;1990;1910
46109;1469;1270;1721;1991;1903
46149;1459;1265;1720;2002;1898
46189;1454;1260;1720;2006;1900
46219;1440;1255;1721;2007;1902
46259;1431;1247;1721;2011;1897
46299;1424;1241;1722;2003;1899
46339;1415;1237;1722;2008;1909
46369;1402;1233;1722;1999;1913
46449;1389;1204;1721;2003;1909
46489;1378;1205;1719;1999;1918
46529;1370;1206;1712;1996;1923
46569;1354;1207;1708;1995;1928
46639;1337;1198;1704;2001;1925
46679;1321;1184;1700;1997;1930
46719;1311;1180;1698;2001;1924
46759;1305;1178;1696;2000;1923
46799;1296;1172;1695;2007;1922
46829;1290;1167;1694;2001;1933
46869;1281;1164;1692;1997;1939
46909;1269;1161;1688;1996;1948
46939;1259;1158;1683;1993;1953
46979;1250;1156;1681;1992;1963
47019;1243;1143;1680;1995;1965
47059;1237;1135;1678;1993;1966
47089;1221;1132;1676;1990;1959
47129;1212;1131;1674;1994;1956
47169;1205;1128;1673;1993;1965
47209;1197;1121;1670;1995;1966
47249;1189;1116;1667;1996;1958
47279;1180;1114;1663;1996;1958
47319;1174;1112;1659;1994;1960
47359;1166;1110;1656;1985;1967
47399;1158;1109;1655;1987;1965
47479;1143;1105;1650;1993;1978
47519;1134;1099;1646;1997;1976
47599;1124;1093;1643;2001;1985
47639;1115;1089;1640;1997;1989
47679;1106;1086;1637;1996;1989
47719;1100;1078;1633;1990;1998
47759;1092;1072;1631;1998;2003
47799;1083;1069;1629;1989;2012
47839;1076;1068;1627;1987;2015
47869;1074;1065;1626;1987;2018
47909;1069;1062;1625;1982;2036
47949;1060;1056;1622;1996;2035
47989;1051;1051;1621;1989;2058
48019;1046;1045;1620;1999;2065
48059;1042;1043;1619;2005;2076
48099;1036;1043;1618;2115;2166
48139;1030;1041;1616;2111;2168
48169;1028;1040;1616;2118;2170
48209;1025;1041;1613;2113;2178
48249;1019;1035;1611;2111;2180
48289;1014;1031;1610;2101;2186
48319;1010;1029;1610;2113;2198
48359;1005;1023;1609;2116;2204
48399;998;1023;1609;2112;2207
48439;993;1023;1607;2108;2211
48469;990;1022;1606;2109;2211
48509;986;1022;1604;2103;2220
48549;984;1020;1603;2103;2219
48589;981;1017;1602;2112;2215
48619;978;1016;1601;2113;2221
48659;976;1014;1599;2118;2219
48699;974;1013;1598;2116;2229
48739;974;1012;1596;2114;2234
48769;973;1010;1596;2112;2234
48809;972;1008;1595;2121;2238
48849;969;1006;1594;2116;2238
48889;967;1004;1593;2112;2243
48919;964;1003;1592;2116;2246
48959;963;1002;1591;2120;2248
48999;959;1001;1590;2119;2249
49039;957;1000;1589;2119;2258
49069;955;999;1588;2117;2261
49109;952;998;1587;2116;2269
49149;949;995;1585;2116;2270
49189;946;992;1584;2114;2273
49219;944;990;1582;2108;2271
49259;942;989;1581;2109;2267
49299;940;988;1581;2108;2265
49339;940;988;1581;2108;2259
49369;939;988;1581;2108;2265
49409;939;989;1581;2110;2272
49449;938;989;1581;2115;2278
49489;938;989;1581;2120;2277
49519;937;988;1580;2121;2282
49559;936;988;1580;2117;2282
49599;936;988;1580;2122;2279
49639;936;989;1579;2122;2276
49669;936;989;1579;2124;2274
49709;936;989;1579;2120;2269
49749;936;990;1580;2116;2261
49789;935;990;1580;2118;2269
49819;936;990;1580;2116;2261
49859;936;990;1580;2112;2261
49899;936;990;1580;2106;2261
49939;935;990;1580;2105;2258
49969;936;990;1580;2101;2257
50009;935;990;1580;2104;2255
50049;935;990;1580;2104;2255
50089;935;990;1580;2105;2256
50119;935;989;1580;2106;2256
50159;935;989;1579;2106;2256
50199;935;989;1579;2105;2255
50239;935;989;1579;2097;2253
50269;935;989;1579;2101;2234
50309;935;989;1580;2088;2197
50349;935;990;1580;2092;2139
50389;935;990;1580;2115;2092
50419;936;989;1579;2112;2066
50459;936;989;1579;2125;2034
50499;936;989;1579;2151;1982
50539;936;990;1580;2176;1948
50569;936;990;1579;2194;1934
50609;937;990;1579;2213;1908
50649;937;989;1580;2234;1889
50689;938;990;1580;2244;1874
50719;937;989;1580;2251;1868
50759;936;990;1580;2263;1863
50799;936;989;1580;2276;1858
50839;936;989;1580;2281;1848
50869;936;989;1580;2291;1849
50909;937;990;1580;2292;1833
50949;937;991;1580;2300;1831
50989;941;991;1580;2309;1824
51019;943;990;1580;2321;1815
51059;949;990;1580;2330;1799
51099;955;990;1580;2341;1781
51139;960;990;1580;2346;1767
51169;964;990;1580;2349;1753
51209;967;990;1580;2356;1738
51249;970;990;1580;2360;1733
51289;976;990;1580;2364;1719
51319;980;989;1580;2370;1717
51359;985;989;1580;2375;1708
51399;993;989;1580;2379;1702
51439;1001;990;1579;2384;1693
51469;1007;990;1579;2380;1682
51509;1015;990;1579;2395;1680
51549;1020;990;1579;2388;1676
51589;1026;990;1580;2395;1679
51619;1032;990;1580;2393;1687
51659;1036;990;1579;2392;1684
51699;1044;990;1579;2392;1677
51739;1054;990;1580;2398;1684
51769;1063;990;1580;2396;1679
51809;1068;990;1580;2399;1678
51849;1073;990;1580;2400;1678
51889;1077;990;1581;2404;1670
51919;1089;990;1580;2410;1669
51959;1095;990;1580;2400;1674
51999;1101;990;1579;2415;1672
52039;1106;990;1579;2423;1676
52069;1110;990;1580;2424;1660
52109;1119;990;1581;2423;1667
52149;1125;990;1581;2431;1662
52189;1135;991;1581;2432;1666
52219;1141;991;1580;2430;1658
52259;1151;991;1580;2433;1661
52299;1160;991;1580;2433;1661
52339;1168;991;1580;2433;1663
52369;1174;992;1580;2430;1655
52409;1179;992;1581;2427;1657
52449;1186;992;1581;2416;1659
52489;1192;992;1584;2413;1661
52519;1198;991;1586;2423;1659
52559;1206;992;1589;2429;1651
52599;1219;992;1592;2437;1656
52639;1227;991;1595;2440;1651
52669;1236;991;1598;2443;1645
52709;1239;992;1601;2433;1647
52749;1251;992;1606;2444;1646
52789;1263;992;1607;2434;1650
52819;1270;992;1606;2451;1645
52859;1279;992;1607;2440;1647
52899;1289;991;1608;2451;1649
52939;1294;991;1611;2452;1644
52969;1299;992;1613;2453;1642
53009;1309;992;1616;2452;1640
53049;1320;992;1618;2457;1639
53089;1328;992;1622;2460;1639
53119;1336;992;1624;2461;1639
53159;1348;992;1628;2455;1638
53199;1357;991;1631;2460;1635
53239;1368;991;1635;2461;1632
53269;1374;991;1638;2454;1632
53309;1386;992;1642;2475;1629
53349;1395;992;1647;2464;1626
53389;1408;992;1651;2469;1627
53419;1412;992;1653;2464;1629
53459;1420;992;1656;2467;1630
53499;1433;992;1660;2474;1624
53539;1440;992;1666;2476;1623
53569;1444;992;1672;2469;1623
53609;1459;992;1675;2476;1620
53649;1468;992;1679;2474;1617
53689;1477;992;1682;2474;1618
53719;1483;992;1685;2464;1620
53759;1494;992;1687;2474;1620
53799;1502;992;1692;2477;1621
53819;1511;991;1695;2474;1623
53869;1520;992;1700;2466;1625
53909;1523;997;1703;2458;1627
53949;1568;1004;1709;2454;1639
53989;1591;1013;1714;2454;1645
54019;1622;1020;1716;2438;1646
54059;1673;1025;1718;2440;1652
54099;1695;1034;1720;2443;1653
54139;1711;1039;1721;2443;1655
54169;1729;1045;1722;2433;1654
54209;1742;1052;1723;2434;1652
54249;1756;1060;1723;2437;1650
54289;1760;1067;1722;2439;1652
54319;1769;1076;1722;2453;1653
54359;1769;1082;1722;2441;1655
54399;1785;1089;1722;2440;1655
54439;1803;1096;1722;2443;1659
54469;1813;1103;1723;2438;1657
54509;1819;1108;1725;2437;1656
54549;1830;1117;1725;2439;1654
54589;1837;1128;1725;2443;1652
54619;1846;1128;1725;2441;1650
54659;1854;1141;1727;2442;1650
54699;1868;1148;1729;2436;1661
54739;1880;1157;1731;2435;1658
54779;1889;1168;1734;2430;1668
54819;1899;1169;1735;2435;1669
54859;1911;1176;1736;2442;1662
54889;1917;1184;1738;2452;1657
54929;1926;1190;1740;2468;1643
54969;1929;1196;1741;2478;1635
55009;1946;1203;1742;2473;1635
55039;1953;1204;1743;2464;1637
55079;1960;1201;1745;2474;1636
55119;1972;1209;1746;2466;1638
55159;1980;1221;1747;2476;1638
55199;1990;1227;1748;2451;1635
55229;1997;1231;1749;2454;1639
55269;2003;1235;1750;2457;1640
55309;2012;1242;1752;2450;1631
55329;2018;1246;1752;2455;1632
55369;2083;1251;1754;2451;1632
55409;2118;1257;1755;2446;1635
55449;2150;1258;1756;2446;1637
55489;2168;1264;1756;2436;1637
55529;2175;1271;1757;2438;1644
55569;2183;1274;1758;2441;1639
55609;2191;1282;1758;2448;1640
55649;2206;1291;1759;2433;1637
55729;2219;1299;1761;2431;1641
55769;2228;1305;1762;2450;1639
55809;2238;1314;1763;2451;1637
55889;2252;1319;1766;2457;1631
55929;2262;1318;1770;2451;1633
55969;2274;1322;1773;2456;1632
56009;2280;1329;1775;2453;1635
56049;2286;1334;1777;2458;1637
56089;2293;1316;1779;2458;1635
56119;2299;1303;1780;2455;1637
56159;2306;1328;1780;2453;1639
56199;2312;1342;1779;2455;1636
56239;2314;1351;1778;2451;1634
56269;2318;1356;1778;2452;1635
56309;2322;1359;1778;2452;1634
56349;2330;1364;1778;2448;1635
56389;2331;1370;1778;2451;1640
56419;2338;1371;1778;2445;1638
56459;2342;1373;1778;2452;1642
56499;2346;1371;1779;2444;1639
56539;2352;1371;1779;2451;1641
56569;2357;1372;1781;2451;1638
56609;2364;1373;1784;2449;1639
56649;2374;1374;1785;2449;1640
56689;2375;1374;1787;2442;1638
56719;2376;1376;1787;2446;1638
56759;2378;1379;1786;2451;1642
56799;2379;1383;1786;2440;1637
56839;2382;1388;1786;2447;1642
56869;2388;1392;1786;2440;1639
56909;2391;1394;1787;2442;1639
56949;2393;1395;1788;2444;1640
56989;2393;1396;1788;2444;1640
57019;2394;1397;1788;2450;1641
57059;2392;1397;1789;2442;1636
57099;2389;1398;1790;2449;1636
57129;2390;1399;1790;2449;1635
57169;2391;1401;1790;2441;1634
57209;2397;1402;1789;2452;1637
57249;2400;1402;1789;2446;1635
57289;2403;1403;1789;2451;1635
57319;2406;1403;1790;2449;1635
57359;2409;1403;1790;2447;1635
57399;2409;1403;1790;2452;1636
57439;2408;1404;1791;2452;1638
57469;2409;1404;1791;2455;1635
57509;2409;1405;1792;2453;1634
57549;2409;1405;1792;2452;1634
57589;2409;1405;1793;2452;1633
57619;2411;1405;1793;2456;1634
57659;2412;1405;1793;2457;1631
57699;2414;1405;1793;2456;1628
57739;2417;1405;1793;2457;1632
57769;2421;1405;1793;2460;1627
57809;2423;1405;1794;2462;1627
57849;2426;1405;1794;2463;1626
57889;2427;1405;1794;2469;1627
57919;2428;1405;1794;2466;1623
57959;2430;1404;1793;2470;1622
57999;2430;1404;1793;2472;1624
58039;2432;1404;1793;2473;1626
58069;2431;1405;1794;2471;1626
58109;2431;1405;1795;2469;1626
58149;2432;1405;1795;2471;1629
58179;2432;1405;1795;2471;1631
58219;2431;1405;1795;2470;1629
58259;2431;1405;1795;2472;1631
58299;2432;1405;1795;2472;1631
58339;2431;1405;1795;2473;1630
58379;2431;1405;1795;2473;1631
58419;2432;1405;1795;2473;1634
58459;2432;1405;1795;2465;1633
58499;2432;1405;1795;2469;1634
58579;2431;1405;1795;2466;1635
58619;2432;1405;1795;2459;1635
58659;2433;1405;1795;2462;1636
58739;2432;1405;1795;2463;1637
58779;2432;1405;1795;2466;1638
58819;2432;1404;1795;2465;1635
58859;2432;1404;1795;2466;1637
58899;2432;1404;1795;2466;1635
58929;2432;1404;1795;2466;1636
58969;2431;1404;1795;2466;1635
59009;2432;1405;1796;2469;1636
59049;2432;1405;1796;2469;1635
59089;2432;1405;1796;2466;1635
59119;2432;1405;1796;2468;1635
59159;2432;1405;1796;2468;1636
59199;2432;1405;1796;2470;1636
59239;2431;1405;1796;2467;1635
59269;2431;1405;1796;2467;1636
59309;2431;1405;1796;2465;1637
59349;2431;1405;1796;2467;1638
59389;2431;1404;1796;2468;1634
59419;2431;1404;1796;2469;1638
59459;2431;1404;1796;2471;1637
59499;2430;1404;1796;2469;1638
59539;2430;1404;1796;2469;1639
59569;2430;1404;1796;2467;1638
59609;2430;1404;1796;2467;1638
59649;2431;1404;1796;2468;1638
59689;2431;1404;1796;2467;1638
59719;2431;1404;1796;2472;1639
59759;2431;1404;1797;2474;1633
59799;2432;1404;1797;2476;1637
59829;2433;1405;1797;2474;1637
59869;2433;1405;1797;2457;1655
59909;2433;1405;1797;2433;1682
59949;2433;1405;1796;2424;1733
59989;2431;1406;1796;2412;1750
60019;2430;1405;1796;2416;1759
60059;2429;1405;1796;2408;1758
60099;2429;1404;1795;2417;1759
60139;2428;1404;1795;2405;1759
60169;2427;1405;1796;2412;1759
60209;2427;1405;1796;2420;1758
60249;2427;1405;1796;2416;1759
60289;2428;1405;1796;2424;1760
60319;2428;1405;1796;2418;1761
60359;2428;1405;1796;2421;1761
60399;2428;1404;1796;2420;1760
60439;2428;1405;1796;2423;1761
60469;2428;1405;1796;2412;1761
60509;2428;1405;1796;2422;1761
60549;2428;1405;1796;2414;1761
60579;2428;1405;1796;2418;1761
60619;2428;1405;1796;2412;1762
60659;2428;1404;1797;2414;1761
60699;2428;1404;1797;2416;1762
60729;2428;1404;1797;2417;1762
60769;2428;1405;1796;2420;1761
60809;2428;1405;1797;2413;1759
60849;2428;1405;1797;2416;1762
60879;2428;1405;1796;2415;1756
60919;2427;1405;1796;2420;1759
60959;2428;1405;1796;2413;1757
60969;2428;1405;1796;2414;1757
61009;2428;1405;1796;2422;1757
61049;2428;1405;1797;2415;1756
61079;2428;1405;1797;2415;1757
61119;2427;1405;1797;2414;1756
61159;2428;1405;1797;2416;1755
61189;2428;1405;1797;2417;1754
61229;2428;1405;1797;2411;1754
61269;2428;1405;1797;2416;1755
61309;2428;1405;1797;2417;1755
61349;2428;1405;1796;2414;1751
61379;2428;1405;1796;2419;1755
61419;2428;1405;1797;2418;1752
61459;2428;1405;1797;2423;1755
61499;2428;1405;1797;2415;1752
61529;2428;1405;1797;2419;1753
61569;2428;1405;1797;2417;1754
61609;2428;1405;1797;2419;1755
61649;2428;1405;1797;2422;1753
61679;2428;1405;1797;2418;1753
61719;2428;1405;1797;2421;1755
61759;2428;1405;1797;2417;1755
61799;2428;1405;1797;2419;1755
61829;2428;1405;1797;2422;1754
61979;2428;1405;1797;2424;1752
62019;2428;1405;1797;2425;1753
62059;2428;1405;1797;2425;1753
62099;2427;1405;1797;2425;1753
62169;2427;1405;1797;2424;1757
62209;2428;1404;1797;2427;1756
62249;2428;1404;1796;2431;1752
62279;2428;1405;1796;2425;1755
62319;2428;1405;1797;2426;1755
62359;2428;1405;1797;2428;1755
62399;2427;1405;1797;2434;1752
62429;2428;1405;1797;2425;1755
62469;2428;1405;1797;2428;1757
62509;2428;1405;1797;2432;1752
62549;2428;1405;1797;2431;1756
62579;2428;1405;1797;2434;1754
62619;2428;1405;1797;2423;1755
62659;2427;1405;1797;2425;1755
62699;2427;1405;1797;2434;1733
62729;2428;1405;1797;2445;1698
62769;2432;1405;1797;2469;1674
62809;2432;1405;1797;2457;1651
62839;2431;1405;1797;2467;1653
62879;2431;1405;1797;2466;1653
62919;2430;1405;1797;2466;1655
62959;2429;1405;1797;2466;1655
62989;2428;1405;1797;2465;1656
63029;2428;1405;1797;2467;1657
63069;2428;1405;1797;2462;1656
63109;2428;1405;1797;2468;1658
63149;2428;1405;1797;2462;1658
63179;2428;1405;1797;2465;1659
63219;2428;1405;1797;2465;1659
63259;2429;1405;1797;2464;1658
63289;2429;1405;1797;2462;1660
63329;2429;1405;1797;2464;1660
63369;2428;1405;1797;2465;1663
63409;2428;1405;1797;2463;1661
63449;2428;1405;1797;2467;1662
63479;2428;1405;1797;2463;1661
63519;2428;1405;1797;2470;1663
63559;2428;1405;1797;2463;1661
63599;2428;1405;1797;2467;1662
63629;2428;1405;1797;2468;1663
63669;2428;1405;1797;2462;1663
63709;2428;1405;1797;2469;1663
63749;2428;1405;1797;2458;1663
63779;2428;1405;1797;2466;1664
63819;2428;1405;1797;2467;1664
63859;2429;1405;1798;2481;1661
63899;2429;1404;1798;2487;1662
63929;2429;1404;1798;2479;1666
63969;2429;1404;1798;2485;1671
64009;2430;1404;1798;2438;1703
64049;2431;1404;1798;2427;1769
64079;2433;1405;1797;2423;1792
64119;2434;1405;1797;2408;1811
64159;2433;1405;1797;2397;1828
64199;2432;1405;1797;2381;1830
64229;2432;1405;1797;2381;1835
64269;2432;1404;1797;2384;1835
64309;2432;1404;1797;2371;1838
64349;2432;1404;1797;2373;1844
64379;2432;1404;1797;2363;1841
64419;2432;1404;1797;2371;1845
64459;2431;1404;1797;2364;1844
64499;2432;1404;1798;2368;1849
64529;2432;1405;1798;2370;1850
64569;2432;1405;1798;2364;1850
64609;2433;1405;1798;2364;1855
64639;2431;1405;1799;2356;1857
64679;2430;1405;1799;2358;1860
64719;2430;1404;1798;2354;1860
64759;2422;1405;1798;2352;1861
64789;2416;1405;1798;2355;1863
64829;2405;1405;1797;2358;1862
64869;2396;1404;1797;2357;1865
64909;2392;1405;1797;2353;1866
64949;2390;1405;1797;2349;1868
65029;2384;1405;1797;2347;1870
65069;2383;1405;1797;2345;1871
65109;2378;1405;1797;2341;1876
65149;2376;1405;1796;2332;1878
65189;2362;1405;1795;2324;1881
65229;2361;1405;1795;2331;1881
65269;2352;1405;1795;2325;1883
65309;2346;1404;1796;2322;1886
65349;2337;1404;1796;2318;1888
65389;2331;1403;1796;2318;1884
65419;2327;1403;1796;2316;1889
65459;2321;1403;1796;2317;1887
65499;2314;1403;1796;2316;1891
65529;2310;1402;1796;2315;1895
33;2303;1402;1796;2313;1897
73;2296;1402;1796;2314;1900
113;2290;1403;1795;2318;1908
143;2287;1403;1795;2314;1903
183;2282;1402;1795;2315;1911
223;2277;1402;1795;2310;1906
263;2268;1402;1796;2308;1910
303;2257;1402;1795;2306;1908
333;2247;1401;1796;2309;1910
373;2239;1401;1795;2310;1910
413;2233;1400;1795;2305;1914
453;2230;1399;1796;2303;1913
483;2225;1398;1796;2302;1917
523;2220;1398;1796;2297;1919
563;2209;1398;1796;2295;1925
593;2197;1398;1796;2291;1923
633;2189;1398;1796;2279;1925
673;2185;1397;1795;2287;1926
713;2178;1397;1795;2291;1924
743;2166;1397;1795;2288;1925
783;2158;1397;1795;2283;1923
823;2151;1384;1795;2288;1914
863;2144;1375;1796;2290;1917
893;2075;1372;1795;2295;1915
933;2038;1367;1795;2293;1914
973;2018;1361;1795;2289;1915
1013;1999;1353;1795;2282;1918
1043;1986;1342;1795;2281;1917
1083;1975;1317;1795;2283;1919
1123;1969;1287;1796;2274;1922
1163;1959;1303;1796;2286;1925
1193;1942;1317;1795;2274;1928
1233;1938;1319;1795;2282;1926
1273;1932;1319;1795;2270;1926
1313;1923;1319;1795;2270;1930
1343;1913;1319;1795;2277;1929
1383;1904;1316;1795;2268;1931
1423;1897;1317;1795;2268;1931
1463;1887;1308;1795;2274;1925
1493;1874;1304;1795;2277;1927
1533;1866;1302;1794;2265;1927
1573;1857;1301;1794;2275;1928
1613;1848;1303;1795;2276;1933
1643;1840;1302;1795;2268;1932
1683;1833;1300;1795;2270;1937
1723;1825;1298;1795;2265;1938
1763;1814;1296;1795;2264;1937
1793;1792;1286;1794;2268;1931
1833;1785;1280;1795;2265;1939
1873;1775;1276;1794;2269;1934
1913;1772;1272;1793;2268;1934
1943;1769;1267;1792;2270;1931
1983;1756;1258;1791;2276;1928
2023;1741;1252;1791;2278;1928
2063;1733;1248;1790;2267;1928
2093;1727;1242;1789;2274;1932
2133;1689;1237;1786;2269;1938
2173;1646;1232;1780;2269;1942
2213;1608;1233;1778;2267;1941
2243;1564;1233;1779;2266;1949
2283;1544;1233;1776;2266;1949
2323;1529;1233;1773;2269;1942
2363;1520;1227;1770;2269;1941
2393;1513;1216;1767;2274;1941
2433;1503;1207;1766;2275;1943
2473;1492;1207;1765;2277;1940
2513;1482;1199;1764;2278;1943
2553;1476;1193;1763;2279;1945
2583;1461;1188;1763;2275;1945
2623;1455;1181;1760;2277;1946
2663;1444;1177;1758;2279;1955
2693;1430;1174;1756;2281;1953
2733;1424;1172;1753;2285;1954
2773;1416;1175;1750;2279;1960
2813;1406;1175;1748;2282;1968
2843;1391;1171;1747;2281;1963
2883;1385;1167;1744;2281;1959
2923;1376;1164;1742;2280;1968
2963;1368;1162;1740;2281;1976
2993;1359;1159;1738;2278;1978
3033;1347;1157;1736;2281;1979
3073;1337;1155;1731;2274;1980
3113;1328;1153;1727;2275;1991
3143;1317;1149;1724;2260;1989
3183;1309;1138;1723;2268;1989
3223;1303;1134;1722;2268;1992
3263;1292;1133;1719;2268;1993
3293;1282;1132;1718;2253;1996
3333;1277;1130;1711;2254;2000
3373;1269;1129;1707;2246;2002
3413;1255;1121;1704;2245;2007
3443;1250;1117;1701;2238;2013
3483;1242;1114;1699;2236;2018
3523;1236;1110;1693;2232;2015
3563;1224;1109;1690;2233;2015
3593;1216;1110;1687;2233;2013
3633;1209;1110;1685;2226;2038
3673;1197;1109;1682;2231;2042
3713;1188;1108;1679;2227;2054
3743;1183;1102;1677;2226;2051
3783;1178;1101;1676;2203;2057
3823;1171;1100;1672;2193;2055
3863;1164;1097;1667;2191;2072
3893;1157;1094;1663;2187;2077
3933;1150;1089;1659;2189;2080
3973;1141;1087;1656;2184;2084
4013;1134;1087;1655;2180;2091
4043;1129;1085;1654;2174;2093
4083;1120;1083;1652;2172;2094
4123;1116;1075;1649;2175;2099
4163;1111;1072;1645;2170;2105
4193;1107;1067;1643;2169;2107
4233;1103;1066;1639;2167;2112
4273;1093;1062;1637;2163;2124
4313;1086;1058;1633;2165;2132
4343;1081;1056;1631;2159;2140
4383;1077;1051;1628;2157;2153
4423;1073;1047;1627;2161;2160
4463;1067;1041;1626;2161;2164
4493;1061;1041;1625;2166;2167
4533;1052;1041;1622;2160;2172
4573;1045;1040;1620;2165;2178
4613;1040;1040;1619;2162;2189
4643;1037;1040;1617;2160;2185
4683;1030;1036;1616;2164;2189
4723;1027;1032;1614;2164;2190
4763;1025;1028;1611;2166;2194
4793;1020;1024;1610;2165;2197
4833;1016;1019;1609;2159;2214
4873;1011;1019;1609;2164;2220
4913;1008;1019;1609;2163;2229
4943;1004;1021;1609;2162;2231
4983;999;1020;1609;2159;2239
5023;993;1019;1605;2156;2241
5063;989;1017;1603;2148;2249
5093;985;1015;1600;2150;2249
5133;983;1013;1598;2150;2256
5173;979;1009;1597;2155;2266
5213;976;1006;1596;2157;2268
5243;973;1004;1595;2160;2267
5283;973;1002;1594;2163;2266
5323;971;1000;1593;2162;2270
5363;968;998;1592;2165;2269
5393;965;995;1591;2163;2271
5433;964;992;1590;2164;2275
5473;963;990;1589;2167;2275
5513;959;989;1588;2165;2279
5543;957;989;1587;2169;2279
5583;955;988;1585;2167;2284
5623;952;988;1583;2166;2286
5663;949;987;1582;2167;2288
5693;948;986;1582;2165;2285
5733;946;986;1581;2166;2278
5773;946;986;1581;2166;2279
5813;946;986;1581;2163;2281
5843;945;986;1580;2165;2287
5883;943;986;1580;2165;2290
5923;941;986;1580;2163;2296
5963;939;985;1580;2162;2305
5993;938;983;1580;2163;2306
6033;937;980;1579;2161;2307
6073;938;979;1579;2162;2302
6113;938;978;1579;2160;2289
6143;938;977;1580;2163;2289
6183;939;978;1579;2161;2286
6223;938;978;1579;2161;2282
6263;938;978;1580;2159;2281
6293;938;978;1579;2160;2283
6323;938;978;1579;2162;2283
6373;937;978;1579;2163;2281
6413;937;978;1579;2164;2282
6443;937;978;1579;2165;2279
6483;937;978;1579;2163;2275
6523;937;978;1579;2166;2275
6563;937;978;1579;2162;2274
6593;937;978;1579;2159;2272
6633;937;978;1579;2159;2272
6673;937;978;1579;2158;2271
6713;937;978;1579;2153;2285
6743;937;978;1580;2153;2270
6783;938;978;1580;2151;2213
6823;937;978;1580;2148;2173
6863;937;978;1580;2148;2106
6893;937;978;1579;2167;2085
6933;937;978;1579;2185;2064
6973;937;978;1578;2199;2014
7013;936;978;1578;2217;1967
7043;937;978;1579;2237;1950
7083;937;979;1579;2256;1925
7123;937;979;1579;2283;1908
7163;937;979;1580;2290;1895
7193;937;979;1579;2302;1889
7233;938;979;1580;2305;1883
7273;938;978;1580;2307;1881
7313;938;978;1579;2315;1878
7343;938;978;1580;2315;1870
7383;938;978;1580;2326;1868
7423;938;978;1580;2320;1863
7463;939;978;1580;2347;1853
7493;941;978;1579;2346;1852
7533;942;978;1579;2361;1848
7573;949;978;1579;2373;1846
7613;953;979;1579;2376;1840
7643;959;979;1579;2387;1835
7683;964;979;1579;2379;1823
7723;968;979;1580;2386;1814
7763;971;979;1580;2397;1803
7793;976;979;1580;2402;1801
7833;980;979;1579;2401;1787
7873;988;979;1578;2409;1771
7913;995;979;1579;2404;1761
7943;1001;979;1580;2402;1756
7983;1008;979;1580;2411;1753
8023;1015;979;1580;2400;1745
8063;1021;979;1580;2420;1742
8093;1027;979;1580;2419;1739
8133;1032;979;1579;2423;1734
8173;1038;979;1579;2420;1728
8213;1049;979;1579;2428;1726
8243;1060;979;1580;2434;1724
8283;1065;979;1580;2438;1724
8323;1071;979;1580;2435;1718
8363;1076;979;1579;2441;1710
8393;1086;979;1579;2450;1711
8433;1092;979;1579;2444;1706
8473;1097;979;1579;2450;1708
8513;1104;978;1579;2451;1703
8543;1106;979;1579;2459;1697
8583;1115;979;1579;2452;1686
8623;1123;979;1580;2464;1692
8663;1133;979;1580;2462;1680
8693;1140;979;1580;2466;1683
8733;1148;979;1580;2472;1686
8773;1157;978;1580;2460;1684
8813;1166;978;1581;2473;1684
8843;1172;979;1584;2458;1677
8883;1178;979;1587;2467;1676
8923;1181;979;1590;2460;1673
8963;1191;979;1592;2473;1667
8993;1197;979;1595;2468;1670
9033;1208;979;1599;2461;1668
9073;1220;979;1601;2471;1673
9113;1227;978;1606;2475;1671
9143;1236;978;1607;2463;1670
9183;1241;977;1607;2471;1669
9223;1252;977;1607;2465;1674
9263;1263;976;1608;2475;1671
9293;1271;976;1609;2472;1666
9333;1279;976;1612;2472;1666
9373;1290;977;1614;2484;1660
9413;1294;978;1616;2469;1659
9443;1299;978;1618;2480;1659
9483;1307;978;1620;2479;1658
9523;1317;978;1624;2472;1658
9563;1327;978;1626;2479;1659
9593;1337;978;1628;2477;1657
9633;1350;978;1630;2484;1658
9673;1358;978;1633;2475;1659
9713;1370;977;1637;2470;1656
9743;1374;977;1642;2480;1657
9783;1384;977;1647;2483;1655
9833;1398;977;1651;2494;1652
9873;1409;977;1653;2477;1647
9913;1416;977;1656;2476;1649
9943;1425;978;1661;2486;1647
9983;1436;978;1667;2489;1642
10023;1442;978;1672;2481;1640
10053;1455;978;1675;2492;1641
10093;1465;978;1677;2493;1637
10133;1470;978;1681;2491;1634
10173;1475;978;1683;2480;1635
10213;1484;978;1686;2484;1632
10293;1500;978;1691;2481;1633
10333;1515;979;1698;2489;1631
10373;1519;979;1702;2485;1629
10413;1557;979;1706;2501;1624
10453;1581;979;1713;2496;1626
10493;1609;980;1717;2474;1627
10533;1666;986;1720;2481;1628
10573;1690;993;1720;2479;1632
10613;1710;1000;1721;2467;1636
10643;1729;1006;1722;2470;1637
10683;1741;1015;1723;2467;1636
10723;1754;1020;1725;2464;1639
10763;1760;1031;1727;2460;1639
10793;1769;1036;1728;2458;1644
10833;1775;1038;1731;2456;1647
10873;1788;1049;1733;2446;1650
10913;1802;1059;1735;2456;1652
10943;1811;1067;1736;2447;1650
10983;1819;1076;1737;2458;1648
11023;1829;1083;1738;2444;1649
11063;1839;1090;1740;2461;1647
11093;1845;1096;1741;2457;1645
11133;1849;1103;1742;2465;1642
11173;1867;1107;1742;2463;1642
11213;1880;1111;1742;2463;1643
11243;1887;1119;1743;2463;1641
11283;1898;1128;1745;2440;1648
11323;1906;1139;1746;2452;1644
11363;1916;1148;1747;2452;1643
11393;1922;1154;1748;2447;1646
11433;1924;1158;1749;2453;1647
11473;1944;1167;1749;2461;1648
11513;1953;1170;1750;2474;1648
11543;1959;1170;1751;2472;1647
11583;1969;1177;1752;2469;1648
11623;1978;1187;1754;2471;1648
11663;1991;1198;1755;2461;1649
11693;1998;1202;1755;2459;1650
11733;2003;1202;1756;2458;1651
11773;2010;1198;1756;2470;1651
11813;2016;1210;1757;2455;1652
11843;2084;1220;1758;2460;1653
11883;2119;1226;1759;2460;1652
11923;2146;1231;1759;2467;1651
11963;2168;1235;1761;2472;1652
11993;2175;1239;1761;2453;1653
12033;2182;1245;1762;2456;1656
12073;2193;1250;1763;2454;1654
12113;2201;1255;1764;2458;1657
12143;2212;1258;1766;2453;1653
12183;2218;1260;1767;2456;1657
12223;2226;1265;1768;2454;1656
12263;2232;1269;1769;2452;1657
12293;2239;1272;1772;2455;1657
12333;2247;1270;1773;2452;1657
12373;2255;1283;1774;2451;1657
12413;2261;1291;1777;2452;1657
12443;2270;1299;1779;2454;1658
12483;2279;1302;1779;2456;1658
12523;2282;1307;1780;2457;1659
12563;2286;1311;1779;2459;1657
12593;2292;1317;1778;2466;1658
12633;2298;1320;1778;2461;1655
12673;2306;1321;1778;2474;1655
12713;2315;1321;1779;2467;1654
12743;2317;1321;1781;2468;1654
12783;2318;1325;1784;2482;1654
12823;2321;1330;1785;2469;1650
12863;2325;1333;1785;2482;1652
12903;2334;1336;1786;2475;1650
12943;2335;1297;1788;2481;1651
12983;2343;1279;1790;2473;1652
13023;2346;1285;1789;2487;1652
13063;2351;1315;1788;2476;1652
13093;2356;1334;1787;2481;1653
13133;2360;1345;1788;2481;1650
13173;2366;1352;1788;2480;1651
13213;2371;1357;1789;2478;1651
13243;2378;1359;1790;2478;1650
13283;2377;1361;1791;2482;1650
13323;2377;1362;1792;2480;1649
13363;2379;1362;1793;2481;1649
13393;2385;1362;1794;2486;1652
13433;2392;1364;1794;2480;1648
13473;2393;1366;1794;2488;1647
13513;2393;1367;1794;2485;1647
13543;2393;1368;1795;2488;1647
13583;2393;1369;1796;2486;1644
13623;2392;1369;1797;2488;1642
13663;2392;1370;1798;2487;1639
13693;2397;1370;1798;2489;1639
13733;2400;1371;1798;2496;1639
13773;2403;1372;1799;2488;1639
13813;2406;1373;1799;2502;1638
13843;2406;1374;1800;2487;1638
13883;2409;1375;1800;2494;1635
13923;2410;1376;1801;2500;1635
13963;2412;1376;1801;2488;1638
13993;2412;1376;1801;2494;1637
14033;2412;1376;1802;2493;1638
14073;2412;1376;1802;2493;1641
14113;2413;1376;1802;2492;1642
14143;2414;1375;1803;2494;1642
14183;2413;1375;1802;2496;1640
14223;2415;1374;1802;2498;1640
14263;2418;1374;1801;2494;1637
14293;2421;1374;1800;2498;1639
14333;2425;1375;1799;2495;1642
14373;2427;1372;1799;2498;1638
14403;2429;1370;1799;2499;1639
14443;2431;1370;1800;2491;1639
14483;2432;1371;1800;2497;1642
14523;2432;1374;1800;2495;1644
14563;2431;1374;1800;2497;1643
14593;2432;1375;1800;2495;1645
14633;2432;1375;1801;2497;1646
14663;2431;1376;1801;2500;1646
14703;2431;1375;1801;2494;1646
14743;2431;1374;1801;2498;1647
14783;2431;1375;1801;2492;1650
14823;2431;1376;1801;2486;1650
14863;2431;1376;1801;2492;1650
14893;2431;1375;1801;2492;1653
14933;2430;1374;1801;2489;1651
14973;2430;1374;1801;2491;1653
15013;2430;1375;1801;2489;1652
15043;2431;1375;1801;2489;1652
15083;2431;1375;1802;2491;1653
15123;2431;1375;1802;2486;1654
15163;2431;1375;1802;2488;1653
15193;2431;1374;1801;2487;1654
15233;2431;1374;1801;2484;1655
15273;2430;1374;1802;2488;1656
15313;2430;1373;1802;2486;1655
15343;2430;1373;1803;2485;1656
15383;2430;1372;1803;2490;1655
15423;2430;1373;1802;2486;1656
15463;2430;1374;1802;2490;1657
15493;2430;1374;1802;2492;1658
15533;2431;1375;1802;2491;1659
15573;2430;1375;1803;2492;1659
15613;2429;1375;1802;2489;1658
15643;2430;1375;1802;2488;1658
15683;2431;1374;1802;2490;1658
15723;2431;1375;1802;2489;1657
15763;2431;1375;1802;2486;1656
15793;2432;1374;1802;2494;1660
15833;2431;1373;1802;2492;1661
15873;2431;1373;1802;2490;1661
15913;2431;1373;1802;2489;1661
15943;2431;1373;1802;2489;1661
15983;2431;1373;1802;2491;1660
16023;2431;1374;1803;2490;1663
16063;2431;1373;1803;2485;1661
16093;2432;1373;1803;2489;1663
16133;2432;1373;1802;2486;1664
16173;2432;1373;1802;2483;1666
16213;2432;1372;1802;2488;1663
16243;2432;1372;1802;2480;1666
16283;2432;1372;1802;2455;1687
16323;2432;1372;1803;2433;1738
16363;2432;1372;1803;2422;1767
16393;2431;1372;1802;2426;1781
16433;2431;1372;1802;2418;1790
16473;2429;1371;1802;2425;1794
16513;2428;1372;1801;2417;1794
16533;2427;1372;1802;2419;1795
16583;2428;1372;1803;2421;1796
16623;2428;1372;1803;2421;1795
16663;2428;1372;1804;2419;1793
16693;2428;1372;1804;2422;1793
16733;2428;1372;1804;2421;1789
16773;2428;1372;1804;2422;1792
16813;2428;1372;1804;2421;1792
16893;2427;1371;1804;2424;1791
16933;2426;1371;1804;2416;1791
16973;2426;1371;1805;2420;1790
17013;2426;1372;1805;2422;1791
17053;2427;1372;1805;2419;1794
17093;2427;1372;1805;2424;1791
17133;2427;1372;1805;2419;1795
17173;2426;1372;1805;2425;1793
17213;2426;1372;1805;2424;1796
17243;2427;1372;1805;2424;1794
17283;2427;1372;1805;2427;1793
17323;2427;1372;1805;2426;1795
17363;2427;1372;1805;2432;1795
17393;2426;1372;1805;2430;1793
17433;2426;1372;1805;2430;1793
17473;2427;1372;1805;2432;1794
17513;2426;1373;1805;2435;1794
17543;2427;1373;1806;2431;1795
17583;2427;1373;1806;2431;1794
17623;2427;1373;1806;2431;1795
17663;2427;1373;1807;2431;1794
17693;2427;1373;1806;2432;1794
17733;2426;1373;1806;2432;1792
17773;2426;1373;1806;2431;1794
17813;2427;1373;1806;2433;1795
17843;2427;1373;1806;2432;1794
17883;2427;1373;1806;2430;1794
17923;2427;1373;1806;2434;1794
17963;2427;1373;1806;2430;1794
17993;2427;1373;1806;2431;1795
18033;2427;1372;1805;2432;1792
18073;2427;1372;1805;2431;1794
18113;2427;1372;1805;2432;1793
18143;2427;1372;1806;2430;1794
18183;2427;1373;1806;2432;1795
18223;2427;1373;1806;2429;1792
18263;2427;1373;1806;2429;1793
18293;2427;1372;1807;2432;1791
18333;2428;1372;1807;2427;1794
18373;2427;1372;1807;2431;1791
18413;2427;1372;1806;2428;1794
18443;2427;1373;1807;2431;1792
18483;2427;1373;1807;2426;1792
18523;2427;1373;1806;2427;1793
18563;2427;1373;1806;2426;1794
18593;2426;1373;1806;2427;1793
18633;2427;1373;1806;2427;1795
18673;2427;1373;1806;2425;1794
18713;2427;1373;1807;2426;1796
18743;2426;1374;1807;2424;1795
18783;2426;1373;1807;2427;1794
18823;2426;1373;1807;2426;1793
18863;2426;1373;1807;2433;1795
18893;2426;1373;1806;2428;1794
18933;2427;1373;1806;2432;1793
18973;2427;1373;1807;2436;1796
19013;2427;1373;1807;2424;1794
19043;2427;1373;1808;2434;1796
19083;2427;1373;1808;2405;1798
19123;2427;1373;1808;2425;1797
19163;2427;1373;1807;2434;1769
19193;2426;1373;1807;2459;1745
19233;2428;1372;1807;2475;1724
19273;2430;1370;1807;2477;1680
19313;2431;1369;1807;2485;1664
19343;2431;1369;1806;2485;1666
19383;2430;1370;1807;2489;1665
19423;2430;1372;1807;2494;1669
19463;2429;1371;1807;2486;1669
19493;2430;1370;1807;2495;1668
19533;2429;1370;1807;2490;1669
19573;2429;1370;1806;2495;1671
19613;2429;1371;1806;2493;1671
19643;2429;1372;1806;2487;1669
19683;2429;1372;1806;2496;1672
19723;2429;1372;1806;2491;1670
19763;2429;1373;1806;2499;1673
19793;2429;1372;1806;2498;1673
19833;2429;1372;1807;2493;1673
19873;2429;1373;1807;2498;1674
19913;2429;1373;1807;2493;1673
19943;2429;1373;1807;2497;1673
19983;2429;1374;1806;2496;1673
20023;2429;1374;1806;2497;1674
20063;2429;1374;1807;2496;1673
20093;2428;1374;1807;2498;1673
20133;2428;1374;1807;2500;1673
20173;2428;1374;1806;2496;1673
20213;2428;1374;1806;2496;1677
20243;2428;1373;1807;2495;1677
20283;2428;1373;1807;2495;1676
20323;2428;1373;1807;2497;1676
20363;2429;1373;1807;2504;1671
20393;2429;1373;1807;2513;1674
20433;2428;1373;1807;2509;1674
20473;2428;1373;1807;2473;1699
20513;2429;1373;1806;2446;1760
20543;2432;1373;1806;2424;1780
20583;2433;1373;1806;2423;1812
20623;2433;1373;1807;2426;1827
20663;2433;1372;1807;2409;1832
20693;2432;1372;1807;2423;1838
20733;2432;1371;1807;2398;1843
20773;2432;1370;1807;2396;1849
20813;2433;1369;1807;2397;1851
20843;2432;1369;1807;2392;1853
20883;2431;1370;1807;2397;1859
20923;2432;1383;1807;2389;1861
20963;2435;1380;1807;2392;1867
20993;2435;1379;1807;2389;1868
21033;2433;1378;1807;2387;1869
21073;2432;1377;1807;2393;1870
21113;2431;1376;1807;2378;1874
21143;2430;1376;1808;2381;1873
21183;2438;1374;1807;2372;1873
21223;2425;1372;1807;2375;1874
21263;2414;1371;1807;2374;1877
21293;2405;1371;1807;2367;1879
21333;2396;1372;1807;2372;1883
21373;2392;1371;1807;2366;1884
21413;2398;1371;1807;2370;1885
21443;2398;1372;1807;2372;1884
21493;2390;1372;1807;2360;1885
21533;2381;1373;1807;2359;1890
21573;2378;1373;1807;2358;1888
21603;2375;1374;1808;2359;1891
21643;2363;1374;1808;2355;1891
21683;2364;1375;1807;2342;1893
21723;2355;1375;1807;2344;1896
21743;2348;1375;1807;2342;1897
21783;2341;1376;1807;2339;1898
21823;2334;1376;1807;2341;1901
21863;2329;1376;1807;2333;1903
21903;2325;1376;1807;2335;1903
21943;2318;1375;1807;2332;1903
21983;2312;1375;1806;2334;1906
22023;2306;1369;1806;2325;1911
22063;2299;1367;1806;2319;1916
22093;2293;1367;1806;2323;1913
22133;2288;1367;1806;2307;1920
22173;2282;1367;1805;2307;1921
22213;2276;1367;1804;2314;1916
22243;2268;1368;1805;2305;1919
22283;2259;1370;1805;2310;1926
22323;2249;1372;1805;2304;1925
22363;2241;1373;1805;2304;1928
22393;2235;1370;1805;2303;1927
22433;2231;1365;1805;2305;1926
22473;2223;1362;1804;2307;1923
22503;2221;1357;1804;2306;1924
22543;2211;1348;1804;2310;1920
22583;2197;1225;1804;2311;1918
22623;2189;1279;1804;2298;1917
22663;2184;1301;1804;2299;1921
22693;2177;1310;1804;2302;1922
22733;2163;1311;1804;2305;1916
22773;2160;1316;1805;2298;1926
22813;2151;1317;1805;2292;1928
22843;2080;1317;1804;2296;1924
22883;2043;1317;1804;2297;1924
22923;2022;1309;1804;2301;1925
22953;2009;1305;1804;2295;1926
22993;1995;1303;1804;2292;1926
23033;1983;1302;1804;2290;1926
23073;1974;1302;1804;2293;1929
23103;1969;1301;1804;2291;1931
23143;1961;1300;1804;2291;1936
23183;1947;1299;1804;2293;1936
23223;1938;1297;1804;2293;1936
23253;1931;1295;1803;2292;1939
23293;1921;1294;1804;2288;1935
23333;1913;1283;1804;2296;1938
23373;1904;1277;1803;2292;1938
23413;1897;1275;1803;2296;1935
23443;1888;1275;1803;2293;1937
23483;1874;1268;1803;2296;1927
23523;1864;1264;1803;2298;1928
23563;1854;1261;1803;2293;1934
23593;1843;1256;1803;2299;1933
23633;1836;1255;1803;2296;1936
23673;1830;1250;1803;2299;1934
23713;1817;1249;1803;2294;1934
23743;1808;1248;1803;2300;1935
23783;1788;1247;1803;2296;1938
23823;1781;1245;1803;2302;1935
23863;1774;1241;1803;2299;1942
23943;1761;1237;1802;2304;1940
23983;1748;1235;1802;2297;1942
24023;1735;1234;1800;2294;1950
24063;1722;1231;1797;2292;1950
24103;1703;1229;1794;2290;1950
24143;1655;1226;1790;2291;1951
24183;1632;1223;1788;2282;1955
24223;1577;1216;1785;2289;1953
24263;1553;1187;1784;2282;1958
24293;1537;1179;1780;2288;1957
24333;1524;1188;1779;2280;1958
24363;1512;1193;1779;2286;1960
24403;1505;1198;1776;2286;1965
24443;1495;1201;1771;2277;1965
24483;1485;1203;1766;2284;1967
24523;1480;1203;1763;2268;1976
24563;1462;1197;1760;2280;1976
24593;1455;1195;1759;2270;1978
24633;1450;1191;1758;2271;1975
24673;1438;1188;1757;2277;1978
24713;1429;1181;1755;2269;1977
24743;1422;1176;1753;2269;1978
24783;1413;1176;1752;2272;1980
24823;1403;1176;1750;2275;1983
24863;1392;1170;1749;2270;1985
24893;1386;1167;1746;2270;1988
24933;1376;1164;1743;2268;1985
24973;1370;1162;1742;2270;1993
25013;1356;1160;1738;2257;2002
25043;1344;1158;1733;2249;2001
25083;1333;1155;1729;2248;2002
25113;1325;1152;1726;2246;2009
25153;1315;1149;1723;2240;2009
25193;1308;1145;1722;2249;2014
25233;1300;1138;1720;2224;2020
25273;1288;1134;1717;2244;2006
25313;1281;1132;1711;2242;2025
25343;1274;1131;1708;2238;2026
25383;1262;1130;1706;2237;2031
25423;1253;1129;1701;2212;2034
25463;1244;1128;1698;2228;2044
25493;1239;1120;1694;2203;2044
25533;1232;1115;1691;2202;2040
25573;1222;1113;1688;2203;2065
25613;1210;1112;1686;2197;2065
25643;1206;1111;1683;2197;2076
25683;1197;1111;1680;2196;2085
25723;1187;1109;1678;2195;2082
25763;1181;1104;1674;2203;2091
25793;1177;1099;1669;2175;2091
25833;1171;1093;1663;2183;2097
25873;1163;1096;1659;2178;2102
25913;1155;1093;1656;2173;2107
25943;1149;1091;1654;2171;2109
25983;1140;1089;1652;2171;2122
26023;1133;1087;1649;2170;2126
26063;1128;1085;1645;2168;2133
26093;1120;1084;1643;2162;2144
26133;1115;1082;1639;2166;2154
26173;1110;1075;1636;2162;2156
26213;1105;1070;1633;2163;2158
26243;1102;1068;1631;2164;2161
26283;1090;1066;1629;2166;2165
26323;1084;1062;1628;2167;2172
26363;1078;1057;1626;2165;2176
26393;1075;1053;1625;2164;2178
26433;1072;1048;1622;2161;2186
26473;1067;1047;1620;2162;2195
26513;1059;1046;1618;2165;2204
26543;1049;1040;1616;2162;2211
26583;1044;1039;1614;2164;2218
26623;1040;1040;1611;2161;2227
26663;1035;1039;1610;2161;2235
26693;1031;1039;1609;2161;2235
26733;1028;1039;1609;2167;2240
26773;1025;1037;1609;2165;2245
26813;1021;1032;1608;2169;2255
26843;1018;1028;1609;2168;2253
26883;1012;1023;1609;2166;2259
26923;1008;1023;1606;2167;2267
26963;1002;1021;1603;2164;2273
26993;1000;1020;1600;2164;2280
27033;996;1021;1597;2164;2273
27073;990;1018;1596;2161;2286
27113;986;1015;1594;2160;2297
27143;983;1013;1593;2159;2302
27183;978;1011;1592;2156;2311
27223;976;1008;1590;2155;2320
27263;972;1007;1589;2158;2327
27293;971;1006;1587;2155;2333
27333;970;1003;1585;2157;2330
27373;968;1001;1584;2154;2335
27413;966;999;1582;2149;2338
27443;964;998;1581;2151;2337
27483;962;997;1581;2150;2341
27523;961;996;1580;2151;2345
27563;959;994;1580;2146;2354
27593;957;992;1581;2148;2359
27633;955;990;1580;2146;2361
27673;951;989;1579;2150;2366
27713;948;988;1579;2153;2365
27743;947;988;1578;2156;2365
27783;946;988;1578;2156;2364
27823;945;989;1577;2158;2368
27863;944;988;1577;2157;2374
27893;943;988;1577;2163;2376
27933;940;987;1576;2165;2379
27973;938;986;1575;2171;2395
28013;937;983;1576;2173;2384
28043;937;982;1575;2172;2382
28083;937;981;1574;2174;2374
28123;937;981;1574;2175;2368
28163;937;981;1574;2171;2369
28193;937;981;1574;2168;2365
28223;937;981;1573;2172;2368
28233;936;980;1573;2171;2367
28273;937;980;1573;2172;2367
28313;937;980;1573;2177;2367
28353;937;980;1573;2179;2367
28383;937;980;1573;2180;2366
28423;937;980;1573;2178;2367
28463;937;980;1573;2178;2366
28503;937;980;1573;2175;2363
28533;937;980;1573;2177;2364
28573;937;980;1573;2181;2364
28613;937;980;1573;2179;2362
28653;938;980;1573;2176;2363
28683;937;980;1573;2166;2357
28723;937;980;1573;2167;2335
28763;937;980;1573;2154;2288
28803;937;980;1573;2158;2217
28833;937;980;1573;2159;2187
28873;937;980;1573;2180;2138
28913;937;981;1573;2190;2098
28953;937;981;1573;2204;2090
28983;938;980;1573;2206;2074
29023;937;980;1573;2231;2022
29063;937;980;1573;2253;1982
29103;937;980;1573;2289;1966
29133;936;981;1574;2301;1953
29173;937;981;1574;2316;1935
29213;938;981;1574;2329;1926
29253;937;981;1574;2335;1918
29283;937;981;1574;2340;1915
29323;937;981;1574;2338;1914
29363;937;981;1574;2341;1900
29403;937;981;1574;2342;1896
29433;937;981;1574;2344;1889
29473;939;981;1574;2353;1881
29513;941;981;1574;2366;1869
29543;944;981;1573;2377;1864
29583;950;981;1574;2382;1858
29623;957;981;1574;2391;1854
29663;962;981;1574;2400;1845
29693;966;981;1574;2405;1841
29733;969;981;1575;2413;1834
29773;973;981;1574;2414;1833
29813;978;981;1574;2421;1830
29853;985;981;1574;2422;1816
29883;990;982;1574;2425;1813
29923;999;982;1574;2428;1804
29963;1006;982;1574;2431;1797
29993;1012;982;1574;2439;1794
30033;1017;982;1574;2431;1787
30073;1023;982;1574;2444;1793
30113;1030;982;1574;2447;1781
30153;1034;982;1574;2451;1771
30183;1042;982;1574;2452;1771
30223;1052;982;1574;2454;1764
30263;1061;982;1574;2459;1765
30293;1064;982;1574;2462;1759
30333;1071;982;1574;2464;1752
30373;1077;982;1574;2472;1744
30413;1087;982;1574;2474;1743
30453;1091;982;1575;2462;1745
30483;1094;982;1575;2474;1739
30523;1102;983;1575;2474;1731
30563;1110;983;1575;2478;1723
30603;1119;983;1575;2483;1717
30633;1124;983;1576;2483;1715
30673;1134;983;1577;2492;1708
30713;1140;983;1578;2491;1705
30753;1150;983;1578;2496;1702
30783;1159;983;1579;2501;1700
30823;1166;984;1583;2492;1701
30863;1172;984;1586;2493;1697
30903;1178;984;1590;2490;1703
30933;1182;984;1593;2498;1701
30973;1188;984;1596;2502;1692
31013;1197;984;1599;2503;1692
31053;1214;984;1604;2506;1694
31083;1224;984;1606;2501;1697
31123;1230;984;1607;2507;1688
31163;1239;985;1606;2496;1680
31203;1245;985;1606;2496;1681
31233;1254;985;1607;2506;1686
31273;1262;985;1610;2518;1678
31313;1270;985;1612;2500;1678
31353;1285;985;1614;2499;1677
31383;1292;986;1616;2505;1674
31423;1296;986;1617;2499;1672
31463;1301;986;1620;2503;1670
31493;1309;986;1623;2502;1669
31533;1319;986;1625;2505;1666
31573;1329;986;1628;2502;1666
31613;1343;986;1630;2502;1666
31653;1353;986;1633;2510;1666
31683;1360;986;1637;2502;1662
31723;1371;986;1641;2522;1663
31763;1377;986;1646;2507;1663
31803;1389;986;1649;2504;1663
31833;1399;986;1652;2512;1660
31873;1409;986;1654;2511;1656
31913;1416;986;1656;2518;1656
31943;1423;986;1660;2507;1655
31973;1435;987;1664;2517;1654
31983;1441;987;1666;2527;1653
32023;1444;986;1671;2506;1652
32063;1458;986;1674;2522;1653
32093;1466;987;1676;2525;1653
32133;1470;987;1680;2518;1651
32173;1476;987;1682;2529;1651
32213;1483;987;1686;2517;1649
32253;1492;986;1690;2513;1652
32283;1501;986;1693;2529;1649
32323;1513;986;1697;2524;1650
32363;1519;987;1701;2526;1650
32403;1553;987;1703;2515;1646
32433;1580;987;1709;2525;1640
32473;1599;987;1714;2528;1642
32513;1635;987;1718;2505;1636
32553;1678;987;1719;2532;1633
32583;1695;987;1721;2531;1628
32623;1721;991;1722;2515;1636
32663;1734;995;1724;2534;1631
32703;1728;998;1729;2532;1627
32733;1748;1000;1733;2508;1629
32773;1757;1005;1738;2531;1628
32813;1769;1010;1740;2508;1631
32853;1782;1017;1741;2531;1631
32883;1791;1021;1744;2523;1627
32923;1801;1023;1747;2536;1626
32963;1811;1029;1748;2514;1629
32993;1821;1036;1751;2511;1628
33033;1831;1040;1751;2507;1631
33073;1840;1048;1752;2507;1629
33113;1849;1056;1753;2508;1634
33153;1861;1063;1755;2512;1632
33183;1874;1072;1755;2509;1633
33223;1881;1080;1755;2512;1637
33263;1889;1085;1755;2510;1635
33303;1900;1094;1756;2507;1641
33333;1908;1101;1756;2508;1639
33373;1919;1106;1757;2510;1637
33413;1926;1111;1758;2505;1642
33453;1939;1118;1757;2497;1644
33483;1952;1125;1758;2500;1645
33523;1958;1131;1760;2502;1649
33563;1964;1141;1761;2499;1647
33603;1972;1148;1761;2506;1649
33633;1981;1154;1762;2503;1648
33673;1992;1158;1762;2504;1644
33713;1999;1167;1763;2513;1646
33753;2009;1172;1765;2506;1648
33783;2012;1171;1766;2509;1648
33823;2084;1172;1768;2514;1647
33833;2115;1177;1770;2510;1646
33873;2135;1184;1772;2511;1647
33893;2151;1188;1774;2514;1645
33913;2161;1195;1776;2509;1647
33943;2171;1200;1778;2514;1647
33983;2178;1204;1779;2511;1645
34023;2184;1205;1778;2513;1647
34063;2190;1204;1778;2506;1644
34093;2198;1202;1778;2514;1642
34133;2206;1207;1778;2512;1644
34173;2218;1216;1781;2510;1643
34213;2225;1224;1783;2511;1644
34243;2231;1228;1783;2516;1645
34283;2237;1229;1785;2514;1646
34323;2245;1232;1787;2515;1648
34363;2254;1234;1788;2514;1649
34393;2259;1238;1787;2514;1646
34433;2268;1240;1787;2511;1646
34473;2280;1244;1787;2515;1647
34513;2284;1249;1787;2511;1647
34543;2289;1253;1788;2514;1647
34583;2294;1255;1789;2513;1647
34623;2298;1258;1791;2520;1648
34663;2305;1257;1792;2513;1644
34693;2311;1257;1793;2515;1647
34733;2320;1263;1794;2515;1648
34773;2321;1267;1795;2520;1646
34813;2325;1269;1796;2518;1644
34843;2326;1271;1797;2520;1643
34883;2328;1274;1798;2519;1642
34923;2333;1274;1799;2520;1643
34963;2338;1270;1800;2521;1639
34993;2344;1274;1800;2525;1639
35033;2346;1282;1800;2523;1638
35073;2348;1287;1800;2525;1636
35113;2357;1293;1801;2518;1635
35143;2362;1296;1803;2529;1637
35183;2366;1299;1804;2522;1635
35223;2369;1303;1805;2529;1638
35263;2374;1305;1805;2527;1631
35293;2378;1306;1806;2523;1634
35333;2383;1304;1806;2537;1636
35373;2380;1306;1806;2524;1634
35413;2381;1307;1806;2538;1635
35443;2384;1309;1806;2528;1634
35483;2386;1311;1807;2531;1636
35523;2387;1316;1808;2532;1634
35563;2388;1319;1809;2530;1632
35593;2391;1321;1810;2531;1633
35633;2394;1322;1810;2531;1632
35673;2395;1323;1811;2529;1631
35713;2395;1323;1812;2529;1631
35743;2393;1322;1812;2532;1631
35783;2397;1322;1812;2532;1631
35823;2400;1322;1812;2531;1630
35863;2405;1321;1812;2533;1630
35893;2407;1321;1812;2532;1628
35933;2407;1320;1813;2534;1628
35973;2410;1319;1813;2535;1627
36013;2412;1319;1813;2532;1625
36043;2413;1319;1812;2535;1627
36083;2414;1319;1812;2529;1624
36123;2416;1319;1811;2529;1625
36163;2417;1320;1810;2527;1631
36193;2418;1320;1810;2527;1633
36233;2418;1321;1810;2534;1624
36273;2416;1322;1810;2538;1624
36313;2417;1322;1810;2530;1622
36343;2420;1322;1810;2528;1626
36383;2421;1322;1810;2531;1623
36423;2422;1323;1810;2529;1630
36463;2423;1324;1810;2531;1623
36493;2424;1325;1811;2529;1629
36533;2425;1327;1811;2531;1626
36573;2426;1328;1811;2530;1631
36613;2426;1329;1811;2527;1632
36643;2426;1330;1811;2523;1633
36683;2425;1331;1811;2523;1634
36723;2426;1331;1812;2520;1636
36763;2426;1332;1811;2519;1636
36793;2425;1332;1812;2516;1638
36833;2425;1332;1812;2510;1636
36873;2425;1332;1813;2505;1637
36913;2425;1332;1813;2493;1639
36943;2425;1332;1813;2492;1641
36983;2425;1332;1814;2499;1642
37023;2425;1332;1814;2486;1640
37063;2423;1332;1814;2482;1638
37093;2423;1332;1814;2476;1638
37133;2423;1332;1814;2470;1640
37173;2423;1332;1814;2466;1648
37213;2423;1332;1813;2458;1650
37243;2424;1332;1813;2458;1655
37283;2424;1332;1814;2454;1666
37323;2424;1332;1814;2450;1667
37363;2424;1332;1815;2453;1667
37393;2424;1332;1815;2450;1668
37433;2423;1332;1815;2451;1675
37473;2423;1332;1816;2454;1675
37513;2423;1332;1816;2454;1673
37543;2424;1332;1817;2450;1674
37583;2424;1332;1817;2448;1676
37623;2423;1332;1818;2455;1675
37663;2423;1332;1818;2453;1671
37693;2424;1332;1818;2448;1674
37733;2425;1332;1818;2452;1673
37763;2425;1332;1818;2453;1673
37803;2424;1332;1818;2457;1673
37843;2424;1332;1818;2456;1672
37883;2424;1332;1818;2456;1672
37923;2424;1332;1818;2457;1673
37963;2424;1332;1818;2465;1672
37993;2425;1332;1819;2460;1670
38033;2425;1332;1819;2463;1672
38073;2425;1332;1819;2461;1668
38113;2425;1332;1818;2464;1667
38143;2425;1332;1818;2466;1666
38183;2426;1332;1818;2472;1657
38223;2426;1332;1818;2470;1660
38263;2426;1332;1819;2460;1660
38293;2426;1332;1819;2462;1667
38333;2426;1332;1819;2432;1722
38373;2426;1332;1819;2419;1748
38413;2426;1332;1819;2415;1751
38493;2426;1332;1819;2418;1756
38533;2426;1332;1818;2421;1756
38573;2426;1332;1819;2414;1754
38613;2426;1332;1819;2419;1757
38653;2426;1332;1819;2413;1754
38693;2426;1332;1819;2427;1758
38733;2425;1332;1819;2419;1756
38773;2426;1332;1818;2425;1757
38813;2426;1332;1818;2421;1759
38843;2426;1332;1818;2423;1758
38883;2426;1332;1818;2427;1761
38923;2426;1332;1818;2423;1758
38963;2425;1332;1818;2424;1758
38993;2425;1332;1817;2427;1757
39033;2425;1332;1818;2423;1757
39073;2426;1332;1818;2424;1757
39113;2425;1332;1818;2427;1756
39143;2426;1332;1818;2426;1756
39183;2426;1332;1818;2432;1757
39223;2426;1332;1818;2431;1757
39263;2425;1332;1818;2435;1756
39293;2426;1332;1819;2433;1758
39333;2426;1332;1819;2426;1761
39373;2427;1332;1819;2431;1760
39423;2426;1332;1819;2429;1762
39453;2426;1332;1819;2432;1758
39493;2426;1332;1819;2435;1758
39533;2427;1332;1820;2434;1757
39573;2427;1332;1819;2436;1758
39613;2426;1332;1819;2438;1758
39673;2426;1332;1819;2439;1759
39713;2426;1332;1819;2435;1758
39753;2426;1332;1819;2440;1757
39793;2426;1332;1820;2440;1758
39833;2426;1332;1820;2440;1757
39873;2426;1332;1820;2437;1759
39913;2426;1332;1820;2441;1758
39943;2426;1332;1819;2441;1758
39983;2425;1332;1819;2445;1760
40023;2425;1332;1819;2444;1759
40063;2425;1332;1819;2445;1760
40093;2425;1332;1819;2445;1760
40133;2426;1332;1819;2442;1761
40173;2426;1332;1819;2444;1761
40213;2426;1332;1819;2444;1761
40243;2426;1332;1819;2447;1760
40283;2426;1332;1819;2448;1760
40323;2425;1332;1819;2449;1759
40363;2425;1332;1819;2448;1759
40393;2425;1332;1819;2450;1760
40433;2425;1332;1819;2450;1762
40473;2425;1332;1819;2453;1763
40513;2425;1332;1819;2452;1763
40543;2425;1332;1819;2450;1766
40583;2425;1332;1819;2450;1767
40623;2425;1332;1819;2453;1767
40663;2425;1332;1819;2454;1763
40693;2426;1332;1819;2454;1765
40733;2426;1333;1819;2454;1765
40773;2426;1333;1819;2457;1765
40813;2426;1333;1820;2456;1766
40843;2425;1333;1820;2460;1766
40883;2426;1333;1819;2461;1767
40923;2425;1333;1819;2455;1765
40963;2425;1333;1818;2458;1767
40993;2425;1333;1819;2458;1766
41033;2425;1333;1819;2460;1765
41073;2425;1333;1818;2462;1766
41113;2425;1333;1818;2458;1766
41143;2425;1333;1818;2463;1766
41183;2424;1333;1818;2462;1753
41223;2424;1333;1818;2487;1718
41263;2425;1333;1818;2506;1687
41293;2426;1333;1819;2507;1682
41333;2428;1333;1819;2520;1676
41373;2429;1332;1819;2518;1667
41413;2430;1332;1819;2516;1662
41443;2430;1332;1819;2512;1665
41483;2430;1332;1819;2509;1667
41523;2430;1332;1819;2511;1666
41563;2430;1332;1819;2511;1666
41593;2429;1332;1819;2511;1666
41633;2429;1332;1819;2508;1667
41673;2429;1332;1820;2508;1666
41713;2429;1332;1819;2508;1666
41743;2429;1332;1819;2511;1668
41783;2429;1332;1819;2509;1668
41823;2428;1332;1819;2508;1669
41863;2428;1332;1819;2515;1668
41893;2428;1332;1819;2516;1668
41933;2428;1332;1819;2513;1668
41973;2429;1332;1819;2515;1668
42013;2429;1332;1819;2519;1667
42043;2429;1332;1819;2518;1668
42083;2429;1332;1819;2517;1668
42123;2430;1332;1819;2519;1668
42163;2429;1332;1819;2516;1670
42193;2429;1333;1819;2518;1669
42233;2429;1333;1819;2517;1669
42273;2429;1333;1819;2515;1670
42313;2429;1333;1819;2516;1669
42343;2429;1333;1819;2519;1670
42383;2430;1333;1819;2512;1671
42423;2430;1333;1819;2502;1681
42463;2429;1333;1819;2475;1751
42493;2430;1333;1819;2466;1783
42533;2431;1333;1819;2447;1806
42573;2432;1333;1819;2448;1825
42613;2432;1333;1818;2434;1841
42643;2431;1333;1818;2429;1848
42683;2430;1333;1818;2424;1855
42723;2431;1333;1818;2423;1856
42753;2431;1333;1819;2422;1856
42793;2431;1333;1819;2424;1856
42833;2431;1333;1820;2422;1857
42873;2431;1333;1820;2420;1858
42913;2430;1333;1820;2421;1859
42943;2430;1333;1819;2423;1860
42983;2429;1333;1819;2419;1869
43023;2429;1333;1818;2412;1866
43063;2429;1333;1818;2418;1873
43093;2428;1333;1819;2418;1870
43133;2429;1333;1819;2416;1877
43173;2424;1333;1819;2411;1879
43213;2419;1333;1818;2411;1883
43243;2407;1333;1818;2416;1890
43283;2398;1333;1817;2413;1892
43323;2391;1333;1817;2420;1891
43363;2389;1333;1817;2415;1896
43393;2395;1333;1817;2414;1897
43423;2396;1333;1817;2409;1899
43433;2396;1333;1817;2407;1896
43473;2388;1333;1817;2405;1898
43513;2382;1333;1817;2397;1895
43543;2379;1333;1817;2397;1896
43583;2374;1333;1817;2390;1897
43623;2363;1333;1817;2385;1897
43663;2364;1333;1817;2387;1897
43693;2355;1333;1817;2386;1896
43733;2348;1333;1817;2385;1901
43773;2340;1333;1817;2382;1899
43813;2333;1333;1817;2382;1899
43843;2328;1333;1817;2384;1902
43883;2326;1333;1817;2382;1903
43923;2317;1333;1817;2381;1904
43963;2312;1333;1817;2381;1906
43993;2307;1333;1817;2378;1906
44033;2299;1333;1817;2370;1910
44073;2296;1333;1817;2366;1913
44113;2290;1333;1817;2366;1911
44143;2285;1333;1816;2370;1911
44183;2282;1333;1816;2368;1914
44223;2273;1330;1817;2367;1910
44263;2264;1325;1816;2362;1917
44293;2254;1319;1816;2364;1915
44333;2245;1317;1816;2364;1915
44373;2237;1320;1816;2363;1916
44413;2227;1322;1816;2361;1916
44443;2223;1323;1816;2360;1915
44483;2220;1322;1817;2362;1917
44523;2208;1319;1816;2360;1915
44563;2195;1306;1815;2360;1915
44593;2189;1303;1816;2358;1916
44633;2183;1302;1816;2358;1916
44673;2175;1303;1816;2361;1920
44703;2164;1303;1816;2359;1915
44743;2157;1302;1816;2357;1915
44783;2154;1302;1816;2349;1921
44803;2149;1302;1816;2348;1922
44843;2079;1302;1816;2345;1921
44883;2041;1302;1816;2345;1924
44923;2023;1301;1815;2344;1925
44963;2004;1297;1815;2354;1924
45003;1991;1285;1815;2352;1926
45043;1978;1278;1815;2348;1922
45083;1971;1276;1816;2343;1934
45123;1964;1274;1816;2355;1928
45163;1947;1270;1816;2354;1929
45193;1940;1266;1816;2355;1927
45233;1931;1267;1815;2359;1928
45273;1921;1268;1815;2357;1928
45313;1914;1267;1815;2354;1930
45343;1906;1264;1815;2354;1932
45383;1897;1258;1815;2355;1940
45423;1891;1256;1815;2351;1939
45463;1875;1255;1815;2347;1938
45493;1866;1252;1816;2349;1934
45533;1858;1253;1816;2355;1936
45573;1848;1251;1816;2348;1935
45613;1839;1245;1816;2351;1934
45643;1832;1246;1816;2352;1937
45683;1824;1243;1815;2334;1937
45723;1813;1241;1815;2345;1937
45763;1791;1237;1815;2330;1935
45793;1785;1232;1815;2332;1935
45833;1775;1224;1814;2329;1937
45873;1772;1227;1813;2319;1942
45913;1748;1230;1811;2323;1939
45993;1736;1230;1808;2322;1942
46033;1729;1230;1802;2315;1946
46073;1724;1230;1799;2324;1948
46113;1683;1228;1796;2319;1944
46153;1635;1226;1793;2306;1949
46193;1612;1224;1789;2310;1953
46233;1569;1221;1788;2311;1955
46273;1547;1214;1786;2312;1954
46313;1531;1187;1785;2309;1956
46343;1520;1193;1781;2299;1957
46383;1509;1197;1779;2313;1956
46423;1499;1200;1778;2298;1962
46463;1487;1202;1776;2296;1957
46493;1481;1203;1771;2299;1965
46533;1475;1206;1767;2290;1966
46573;1460;1200;1764;2295;1965
46613;1454;1194;1762;2296;1961
46643;1443;1191;1759;2294;1962
46683;1432;1188;1758;2282;1973
46723;1427;1186;1757;2277;1980
46763;1420;1184;1755;2278;1976
46793;1411;1180;1752;2281;1976
46833;1401;1175;1749;2276;1983
46873;1390;1175;1748;2271;1983
46913;1382;1175;1746;2275;1978
46943;1372;1174;1743;2275;1983
46983;1367;1169;1741;2274;1997
47023;1351;1164;1740;2267;1989
47063;1342;1160;1736;2268;1988
47093;1331;1158;1732;2265;1995
47133;1320;1156;1728;2263;2006
47173;1310;1153;1725;2258;2008
47213;1306;1148;1723;2259;2009
47243;1301;1141;1722;2255;2010
47283;1290;1131;1720;2245;2020
47323;1282;1128;1717;2255;2017
47363;1270;1128;1711;2236;2021
47393;1256;1129;1707;2234;2022
47433;1251;1128;1705;2233;2030
47473;1243;1127;1701;2218;2033
47513;1235;1121;1698;2202;2033
47543;1229;1113;1693;2208;2035
47583;1219;1111;1690;2213;2036
47623;1208;1110;1688;2209;2039
47663;1201;1110;1686;2211;2043
47693;1194;1109;1684;2213;2044
47733;1186;1107;1681;2186;2048
47773;1180;1097;1679;2203;2057
47813;1172;1096;1678;2184;2064
47843;1167;1097;1675;2185;2069
47883;1159;1097;1671;2182;2072
47923;1153;1094;1666;2184;2074
47963;1142;1088;1661;2183;2079
47993;1137;1086;1658;2179;2081
48033;1130;1084;1656;2183;2088
48073;1124;1083;1655;2140;2097
48113;1118;1080;1653;2165;2092
48143;1114;1073;1652;2154;2100
48183;1108;1068;1648;2151;2105
48223;1103;1066;1644;2131;2116
48263;1096;1064;1640;2127;2128
48293;1089;1062;1638;2125;2130
48333;1083;1056;1635;2126;2137
48373;1079;1052;1633;2122;2142
48413;1074;1048;1631;2119;2148
48443;1070;1045;1629;2121;2158
48483;1062;1037;1628;2120;2159
48523;1055;1038;1626;2124;2173
48563;1048;1038;1626;2125;2175
48593;1042;1038;1624;2123;2177
48633;1037;1038;1622;2120;2182
48673;1033;1038;1621;2121;2189
48713;1029;1033;1619;2117;2193
48743;1026;1031;1618;2120;2201
48783;1023;1027;1617;2114;2205
48823;1019;1021;1617;2105;2215
48863;1015;1020;1616;2113;2228
48893;1011;1019;1615;2114;2256
48933;1006;1019;1614;2107;2258
48973;1001;1017;1614;2103;2286
49013;1000;1015;1612;2109;2297
49043;997;1013;1611;2112;2307
49083;990;1011;1610;2108;2316
49123;986;1007;1610;2111;2326
49163;983;1005;1609;2103;2340
49193;982;1004;1609;2101;2342
49233;979;1002;1608;2098;2352
49273;977;1000;1609;2089;2358
49313;974;999;1609;2093;2364
49363;971;998;1609;2091;2370
49393;970;998;1609;2089;2375
49433;967;997;1608;2083;2379
49473;965;996;1605;2086;2380
49513;963;995;1603;2078;2362
49543;961;993;1602;2081;2375
49583;960;991;1601;2094;2382
49623;957;988;1599;2095;2376
49663;954;986;1597;2098;2376
49693;951;985;1596;2096;2376
49733;948;985;1596;2097;2361
49773;945;986;1596;2090;2348
49813;944;986;1595;2099;2358
49843;944;986;1595;2099;2383
49883;943;986;1595;2110;2388
49923;942;986;1594;2111;2376
49963;941;985;1593;2104;2390
49993;941;985;1593;2097;2400
50033;941;985;1593;2099;2400
50073;941;985;1592;2100;2392
50103;940;985;1592;2102;2391
50143;940;985;1592;2114;2391
50183;940;985;1592;2110;2388
50223;939;985;1591;2106;2370
50263;939;984;1591;2101;2374
50293;939;984;1591;2103;2372
50333;939;984;1591;2099;2350
50373;939;984;1591;2097;2359
50413;938;984;1590;2089;2362
50453;938;984;1590;2089;2361
50513;938;984;1590;2089;2327
50553;937;984;1590;2090;2329
50593;937;984;1590;2092;2344
50633;938;984;1589;2097;2334
50673;938;984;1588;2091;2331
50713;938;985;1588;2092;2331
50743;938;985;1588;2091;2321
50783;938;985;1588;2102;2275
50823;937;985;1588;2093;2194
50863;937;985;1588;2094;2143
50893;938;985;1588;2096;2099
50933;938;985;1588;2101;2083
50973;938;985;1588;2124;2027
51013;938;985;1588;2142;1981
51043;938;985;1588;2166;1967
51083;937;985;1588;2189;1955
51123;937;985;1588;2192;1947
51163;937;985;1588;2197;1948
51193;938;985;1588;2204;1946
51233;940;985;1588;2209;1946
51273;941;985;1588;2208;1943
51313;942;985;1588;2217;1940
51343;943;985;1588;2222;1943
51383;943;985;1588;2229;1944
51423;943;986;1588;2228;1935
51463;943;986;1588;2242;1938
51543;944;986;1588;2252;1930
51583;948;986;1588;2255;1932
51623;953;985;1588;2271;1928
51663;959;985;1588;2280;1909
51703;965;986;1589;2286;1895
51743;969;986;1588;2285;1883
51783;974;986;1588;2295;1871
51823;980;986;1588;2293;1857
51863;989;986;1588;2305;1839
51893;998;986;1588;2301;1835
51933;1005;986;1589;2297;1827
51973;1014;986;1589;2294;1819
52013;1019;986;1589;2314;1807
52043;1024;986;1588;2312;1803
52083;1031;986;1588;2319;1791
52123;1037;986;1588;2309;1784
52163;1046;985;1588;2324;1777
52193;1054;985;1588;2308;1767
52233;1062;986;1588;2324;1773
52273;1067;985;1588;2314;1771
52313;1073;985;1588;2317;1765
52343;1077;985;1588;2328;1764
52383;1087;986;1588;2331;1763
52423;1092;986;1588;2324;1759
52463;1102;986;1588;2333;1763
52493;1109;986;1589;2343;1748
52533;1117;986;1589;2337;1751
52573;1121;986;1589;2338;1754
52613;1132;986;1589;2328;1755
52643;1138;986;1589;2334;1754
52683;1145;986;1591;2333;1744
52723;1155;986;1593;2321;1742
52763;1162;986;1596;2324;1744
52793;1169;987;1599;2324;1741
52833;1176;987;1604;2324;1735
52873;1185;987;1606;2345;1737
52913;1192;987;1608;2326;1740
52943;1198;987;1606;2332;1744
52983;1208;987;1605;2339;1741
53023;1220;987;1606;2336;1738
53063;1228;987;1609;2343;1739
53093;1234;987;1612;2327;1730
53133;1241;987;1614;2326;1719
53173;1249;987;1615;2353;1727
53213;1259;987;1617;2344;1726
53243;1265;987;1617;2337;1727
53283;1275;987;1619;2341;1720
53323;1286;987;1622;2343;1715
53363;1293;987;1624;2353;1708
53393;1297;988;1625;2369;1699
53433;1309;987;1628;2370;1696
53473;1317;987;1631;2360;1689
53513;1326;987;1633;2369;1693
53543;1335;987;1637;2376;1695
53583;1344;987;1640;2380;1691
53623;1355;987;1644;2387;1688
53663;1361;987;1648;2380;1683
53693;1370;988;1651;2374;1677
53733;1378;988;1653;2372;1678
53773;1391;987;1654;2387;1677
53813;1401;987;1658;2387;1679
53843;1408;987;1661;2390;1679
53883;1418;987;1666;2386;1677
53923;1427;987;1671;2390;1675
53963;1440;987;1674;2394;1673
53993;1448;987;1677;2396;1672
54033;1456;987;1680;2398;1671
54073;1463;987;1683;2397;1670
54113;1471;987;1686;2395;1668
54143;1481;987;1688;2400;1669
54183;1489;988;1692;2403;1666
54223;1491;988;1696;2400;1667
54263;1505;988;1701;2401;1671
54293;1516;989;1703;2407;1667
54333;1517;988;1709;2408;1664
54373;1551;988;1714;2403;1662
54413;1572;988;1717;2406;1663
54453;1589;988;1719;2407;1661
54493;1624;988;1722;2417;1655
54533;1667;988;1727;2412;1656
54573;1703;988;1733;2409;1657
54603;1723;989;1736;2415;1655
54643;1734;989;1740;2420;1651
54683;1740;994;1743;2416;1652
54723;1757;998;1746;2418;1651
54753;1763;1000;1750;2423;1648
54793;1774;1006;1753;2415;1653
54833;1781;1010;1754;2430;1650
54873;1790;1013;1756;2409;1653
54913;1803;1019;1759;2420;1652
54943;1810;1023;1761;2411;1654
54983;1822;1024;1763;2412;1652
55023;1831;1033;1765;2399;1656
55063;1844;1037;1767;2413;1656
55143;1856;1046;1772;2404;1662
55183;1872;1053;1776;2399;1660
55223;1878;1061;1777;2396;1662
55263;1892;1067;1776;2398;1661
55303;1905;1076;1776;2379;1664
55343;1914;1081;1776;2398;1666
55383;1927;1085;1778;2400;1664
55423;1938;1091;1781;2416;1665
55463;1951;1097;1783;2403;1665
55493;1955;1101;1784;2405;1665
55533;1959;1106;1785;2406;1676
55573;1969;1111;1786;2401;1677
55613;1980;1118;1788;2404;1676
55643;1991;1124;1789;2394;1678
55683;1995;1132;1789;2401;1681
55723;2007;1133;1788;2403;1680
55763;2015;1143;1787;2406;1680
55793;2024;1149;1789;2407;1681
55833;2088;1152;1791;2410;1688
55873;2123;1158;1793;2393;1690
55913;2146;1165;1794;2393;1686
55943;2160;1171;1796;2406;1683
55983;2173;1175;1797;2414;1690
56023;2184;1175;1798;2416;1684
56063;2192;1172;1798;2417;1695
56093;2199;1173;1799;2413;1688
56133;2209;1180;1801;2414;1687
56173;2217;1188;1803;2427;1690
56213;2228;1195;1807;2422;1692
56243;2235;1200;1809;2408;1692
56283;2242;1204;1810;2419;1681
56323;2246;1205;1811;2432;1685
56363;2253;1205;1810;2430;1681
56393;2260;1203;1811;2425;1681
56433;2268;1203;1813;2426;1685
56473;2274;1201;1815;2428;1679
56513;2278;1212;1817;2420;1686
56543;2286;1220;1817;2427;1686
56583;2292;1226;1818;2422;1682
56623;2297;1228;1819;2427;1682
56663;2302;1230;1819;2423;1680
56693;2307;1232;1820;2427;1677
56733;2312;1235;1821;2431;1677
56773;2316;1235;1822;2425;1678
56813;2324;1235;1823;2429;1679
56843;2333;1235;1823;2420;1674
56883;2338;1238;1823;2439;1677
56923;2340;1242;1824;2444;1680
56963;2341;1246;1825;2441;1678
56993;2347;1248;1826;2445;1678
57033;2351;1253;1827;2432;1675
57073;2356;1256;1828;2436;1675
57113;2363;1257;1828;2455;1675
57143;2369;1257;1827;2453;1674
57183;2371;1258;1827;2451;1680
57223;2372;1259;1827;2445;1686
57263;2374;1261;1828;2424;1675
57293;2375;1262;1828;2435;1674
57333;2378;1262;1828;2455;1675
57373;2381;1263;1829;2453;1680
57413;2386;1264;1830;2431;1676
57443;2388;1264;1830;2423;1664
57483;2388;1263;1830;2437;1657
57523;2389;1262;1830;2460;1655
57563;2389;1262;1829;2458;1672
57593;2390;1262;1829;2445;1673
57633;2392;1260;1829;2436;1657
57673;2394;1262;1829;2428;1645
57713;2396;1265;1830;2460;1661
57743;2400;1266;1830;2458;1660
57773;2403;1268;1830;2454;1659
57783;2406;1269;1830;2452;1657
57823;2409;1271;1830;2453;1649
57863;2410;1273;1830;2458;1654
57893;2410;1275;1830;2456;1663
57933;2410;1275;1830;2431;1659
57973;2411;1275;1831;2435;1654
58013;2412;1275;1831;2453;1653
58043;2411;1275;1831;2473;1663
58083;2410;1275;1830;2447;1661
58123;2410;1275;1830;2434;1654
58163;2409;1275;1830;2448;1653
58193;2409;1275;1831;2470;1655
58233;2410;1275;1831;2473;1660
58273;2412;1275;1832;2467;1658
58313;2414;1275;1832;2448;1652
58343;2418;1275;1832;2456;1647
58383;2420;1275;1832;2479;1655
58423;2423;1274;1833;2481;1658
58463;2425;1273;1834;2465;1652
58493;2426;1273;1835;2459;1648
58533;2426;1273;1835;2474;1647
58573;2426;1273;1836;2486;1654
58613;2427;1272;1836;2476;1656
58643;2427;1272;1836;2464;1657
58683;2426;1272;1836;2464;1658
58723;2426;1272;1835;2473;1662
58763;2426;1272;1836;2472;1661
58793;2427;1272;1836;2472;1659
58833;2426;1272;1837;2461;1659
58873;2426;1272;1837;2461;1657
58913;2426;1272;1836;2475;1659
58943;2426;1272;1836;2478;1659
58983;2426;1272;1836;2470;1661
59023;2425;1272;1836;2458;1662
59063;2425;1272;1836;2461;1660
59093;2426;1272;1837;2472;1659
59133;2426;1272;1837;2473;1660
59173;2426;1272;1837;2466;1660
59213;2426;1272;1837;2467;1659
59243;2426;1272;1837;2471;1660
59283;2427;1273;1837;2474;1661
59323;2427;1272;1837;2471;1662
59363;2426;1272;1837;2473;1661
59393;2427;1273;1837;2468;1659
59433;2426;1273;1838;2472;1659
59473;2427;1273;1837;2473;1660
59513;2427;1273;1837;2472;1661
59543;2426;1273;1838;2470;1661
59583;2426;1273;1837;2471;1661
59623;2425;1273;1838;2473;1663
59663;2425;1273;1837;2471;1663
59693;2425;1273;1838;2469;1661
59733;2426;1273;1838;2472;1664
59773;2427;1273;1838;2468;1663
59813;2426;1273;1838;2470;1664
59843;2427;1273;1837;2471;1665
59883;2427;1273;1837;2469;1665
59923;2426;1273;1838;2473;1665
59963;2425;1273;1838;2477;1665
59993;2426;1273;1839;2473;1667
60033;2426;1273;1838;2469;1664
60073;2426;1273;1838;2474;1664
60113;2426;1273;1839;2477;1669
60143;2426;1273;1838;2472;1667
60183;2426;1273;1838;2472;1665
60223;2427;1274;1838;2488;1666
60263;2427;1274;1838;2486;1671
60293;2427;1274;1838;2477;1668
60333;2427;1274;1838;2468;1673
60373;2428;1274;1838;2439;1700
60413;2429;1274;1838;2404;1727
60443;2428;1274;1838;2398;1733
60483;2427;1274;1837;2397;1739
60523;2427;1274;1837;2399;1739
60563;2427;1274;1837;2396;1739
60593;2427;1274;1838;2390;1736
60633;2426;1274;1838;2394;1736
60673;2426;1274;1839;2394;1736
60713;2426;1274;1840;2397;1737
60743;2426;1274;1839;2399;1738
60783;2425;1273;1839;2399;1737
60823;2425;1274;1839;2399;1739
60863;2425;1274;1839;2398;1739
60893;2425;1274;1839;2398;1737
60933;2425;1274;1839;2398;1737
60973;2425;1274;1839;2399;1737
61013;2425;1274;1839;2401;1737
61043;2425;1274;1839;2402;1736
61083;2425;1274;1839;2402;1738
61123;2425;1274;1839;2399;1738
61163;2425;1273;1839;2401;1740
61193;2426;1274;1840;2399;1739
61233;2426;1274;1840;2402;1740
61273;2426;1274;1840;2402;1740
61313;2425;1274;1840;2401;1739
61343;2425;1274;1839;2405;1740
61383;2425;1274;1839;2406;1738
61423;2425;1274;1839;2405;1738
61463;2425;1274;1839;2406;1736
61493;2425;1274;1839;2404;1737
61533;2425;1274;1839;2405;1738
61573;2426;1274;1839;2403;1737
61613;2426;1275;1839;2404;1738
61643;2426;1274;1840;2404;1739
61683;2425;1274;1840;2406;1740
61723;2425;1274;1840;2404;1739
61763;2426;1274;1840;2408;1739
61793;2426;1274;1840;2409;1737
61833;2425;1274;1840;2411;1737
61873;2425;1274;1840;2417;1738
61913;2425;1274;1840;2408;1738
61943;2425;1274;1840;2411;1739
61983;2425;1274;1840;2418;1740
62023;2425;1274;1840;2417;1739
62063;2424;1274;1840;2414;1740
62093;2425;1274;1840;2415;1739
62133;2426;1274;1840;2414;1740
62173;2426;1274;1840;2413;1739
62213;2425;1274;1840;2417;1738
62243;2425;1274;1840;2417;1741
62283;2425;1274;1840;2411;1739
62323;2425;1274;1840;2412;1740
62363;2425;1274;1840;2412;1741
62393;2425;1275;1840;2413;1741
62433;2425;1274;1841;2412;1739
62473;2425;1274;1841;2413;1739
62513;2425;1274;1841;2410;1739
62543;2425;1274;1840;2412;1742
62583;2425;1274;1840;2412;1740
62623;2425;1274;1840;2412;1742
62663;2425;1274;1840;2415;1742
62693;2426;1274;1841;2416;1739
62733;2426;1274;1841;2409;1739
62773;2426;1274;1841;2415;1740
62813;2426;1274;1841;2414;1740
62843;2426;1274;1840;2417;1742
62883;2425;1274;1840;2412;1739
62923;2425;1274;1840;2416;1739
62963;2426;1274;1840;2420;1739
62993;2426;1274;1840;2418;1737
63033;2426;1274;1840;2410;1736
63073;2427;1274;1840;2412;1737
63113;2427;1274;1840;2404;1737
63143;2426;1274;1839;2408;1738
63183;2427;1274;1840;2439;1718
63223;2428;1274;1840;2469;1700
63263;2427;1274;1841;2478;1690
63293;2427;1274;1841;2473;1687
63333;2426;1274;1842;2472;1687
63373;2427;1274;1841;2476;1689
63413;2427;1274;1841;2474;1690
63443;2426;1274;1841;2470;1691
63483;2425;1273;1841;2470;1690
63523;2425;1273;1840;2472;1692
63563;2425;1273;1840;2465;1693
63593;2425;1273;1841;2466;1692
63633;2426;1273;1842;2466;1691
63673;2426;1274;1842;2466;1692
63713;2425;1273;1842;2469;1692
63743;2425;1273;1842;2466;1693
63783;2425;1273;1842;2467;1693
63823;2425;1273;1841;2468;1692
63863;2425;1273;1841;2466;1692
63893;2425;1273;1841;2461;1690
63933;2425;1274;1841;2472;1690
63973;2425;1274;1842;2469;1689
64013;2426;1273;1842;2470;1690
64043;2425;1273;1841;2469;1691
64083;2425;1273;1841;2472;1691
64123;2425;1273;1841;2479;1692
64163;2426;1273;1842;2472;1693
64193;2426;1273;1842;2471;1694
64233;2425;1273;1842;2461;1694
64273;2426;1273;1842;2462;1693
64313;2425;1273;1842;2470;1694
64343;2426;1273;1842;2479;1690
64383;2425;1273;1842;2475;1694
64423;2425;1273;1842;2469;1693
64463;2426;1273;1841;2445;1710
64493;2426;1273;1842;2414;1727
64533;2427;1273;1842;2396;1742
64573;2426;1274;1842;2386;1748
64613;2425;1274;1842;2390;1751
64643;2425;1274;1842;2392;1758
64683;2425;1274;1842;2385;1765
64723;2425;1274;1842;2391;1770
64763;2425;1273;1842;2392;1771
64793;2426;1273;1842;2384;1776
64833;2426;1273;1842;2379;1774
64873;2427;1273;1842;2382;1774
64913;2427;1273;1842;2380;1781
64943;2428;1272;1842;2380;1788
64983;2426;1272;1842;2381;1784
65023;2423;1271;1842;2382;1792
65063;2422;1272;1842;2371;1801
65093;2421;1272;1842;2372;1803
65133;2415;1272;1843;2369;1805
65173;2412;1271;1843;2363;1810
65213;2406;1270;1843;2369;1814
65243;2400;1271;1843;2361;1818
65283;2393;1269;1842;2365;1815
65323;2391;1261;1842;2360;1823
65363;2390;1258;1842;2357;1823
65393;2384;1254;1843;2360;1821
65433;2378;1255;1843;2357;1829
65473;2376;1256;1843;2358;1834
65513;2369;1253;1843;2352;1836
7;2363;1247;1842;2356;1839
17;2359;1241;1842;2353;1842
67;2354;1241;1842;2353;1847
107;2348;1241;1842;2351;1855
147;2344;1236;1842;2343;1859
187;2341;1229;1842;2344;1857
227;2334;1229;1842;2347;1862
267;2326;1230;1841;2343;1855
307;2317;1230;1841;2340;1857
347;2310;1229;1841;2347;1863
387;2307;1227;1841;2338;1864
427;2300;1224;1841;2340;1866
457;2292;1221;1841;2338;1865
497;2287;1219;1841;2337;1871
537;2283;1206;1841;2331;1871
577;2275;1185;1841;2331;1869
607;2268;1117;1841;2332;1873
627;2261;1086;1841;2328;1872
677;2256;1125;1841;2329;1873
717;2248;1157;1841;2322;1878
757;2243;1179;1841;2328;1882
797;2233;1189;1841;2326;1883
837;2224;1191;1841;2326;1881
877;2217;1192;1841;2317;1884
907;2208;1192;1841;2318;1886
947;2205;1188;1840;2318;1891
987;2195;1181;1841;2315;1888
1027;2189;1174;1841;2323;1893
1057;2180;1175;1841;2316;1901
1097;2172;1174;1840;2315;1900
1137;2163;1172;1840;2314;1904
1177;2155;1171;1841;2312;1899
1207;2145;1166;1840;2315;1901
1247;2081;1160;1840;2312;1902
1287;2042;1157;1840;2313;1911
1327;2022;1155;1840;2314;1911
1357;2008;1153;1841;2308;1910
1397;1998;1151;1841;2306;1916
1437;1987;1151;1841;2291;1911
1477;1976;1151;1841;2279;1908
1507;1972;1150;1841;2280;1911
1547;1965;1144;1841;2276;1911
1587;1951;1128;1841;2274;1920
1627;1941;1126;1840;2270;1915
1657;1935;1129;1840;2276;1917
1697;1928;1129;1840;2278;1918
1737;1919;1126;1840;2274;1919
1777;1911;1125;1841;2266;1916
1807;1899;1121;1840;2281;1918
1847;1893;1109;1840;2285;1928
1887;1886;1109;1840;2268;1921
1927;1875;1108;1840;2273;1917
1957;1867;1108;1840;2288;1923
1997;1859;1108;1840;2269;1928
2037;1849;1109;1840;2254;1925
2077;1832;1109;1841;2270;1928
2107;1823;1109;1841;2268;1927
2147;1819;1107;1840;2259;1928
2187;1810;1104;1840;2260;1930
2227;1798;1098;1840;2260;1930
2257;1788;1076;1840;2256;1930
2297;1779;1086;1840;2256;1933
2337;1773;1091;1840;2249;1935
2377;1766;1094;1841;2246;1938
2407;1756;1095;1841;2242;1939
2447;1750;1096;1840;2246;1940
2487;1728;1096;1840;2239;1942
2527;1706;1096;1839;2234;1950
2557;1687;1096;1839;2225;1951
2597;1648;1096;1840;2212;1953
2637;1626;1096;1839;2209;1953
2677;1594;1096;1834;2213;1956
2707;1560;1092;1830;2218;1957
2747;1540;1090;1828;2207;1962
2787;1530;1088;1828;2213;1958
2827;1514;1087;1827;2215;1962
2857;1506;1087;1825;2214;1960
2897;1494;1083;1823;2212;1970
2937;1484;1083;1822;2213;1960
2977;1479;1083;1819;2213;1967
3007;1474;1083;1815;2214;1974
3047;1462;1082;1811;2211;1974
3087;1455;1081;1810;2208;1971
3127;1443;1080;1808;2202;1984
3137;1435;1080;1806;2203;1983
3157;1430;1079;1803;2205;1983
3197;1426;1077;1802;2208;1980
3237;1419;1069;1801;2210;1982
3277;1409;1066;1799;2203;1991
3307;1397;1062;1796;2196;1999
3347;1390;1061;1794;2205;1998
3387;1379;1060;1792;2203;2000
3427;1372;1060;1791;2201;2005
3457;1367;1060;1790;2198;2004
3497;1354;1060;1787;2175;2013
3537;1343;1060;1781;2172;2013
3577;1331;1056;1780;2181;2017
3607;1323;1048;1777;2181;2018
3647;1311;1045;1774;2179;2022
3687;1306;1039;1772;2179;2019
3727;1301;1034;1769;2175;2012
3757;1292;1036;1766;2170;2020
3797;1282;1035;1763;2165;2024
3837;1275;1035;1761;2140;2025
3877;1264;1036;1759;2133;2026
3907;1257;1036;1758;2127;2035
3947;1249;1037;1756;2128;2038
3987;1242;1037;1753;2121;2044
4027;1237;1033;1749;2126;2040
4057;1227;1028;1748;2125;2037
4097;1215;1018;1746;2123;2043
4137;1209;1015;1744;2112;2043
4177;1203;1016;1742;2117;2049
4207;1196;1016;1741;2120;2051
4247;1188;1014;1737;2122;2056
4287;1179;1014;1734;2125;2062
4327;1173;1016;1730;2120;2061
4357;1167;1017;1727;2124;2063
4397;1159;1014;1725;2121;2064
4437;1152;1013;1722;2108;2068
4477;1146;1011;1722;2087;2087
4507;1136;1008;1721;2086;2093
4547;1131;1007;1720;2089;2090
4587;1123;1005;1717;2103;2097
4627;1117;1002;1711;2097;2101
4657;1112;999;1708;2091;2106
4697;1105;994;1706;2090;2107
4737;1101;990;1704;2091;2113
4777;1093;988;1702;2097;2116
4807;1086;987;1698;2100;2117
4847;1079;986;1696;2107;2119
4887;1074;985;1693;2104;2121
4927;1071;984;1691;2082;2147
4957;1068;980;1688;2086;2151
4997;1061;978;1685;2091;2140
5037;1053;976;1684;2092;2157
5077;1047;975;1681;2089;2172
5107;1043;974;1679;2095;2170
5147;1037;969;1677;2095;2167
5187;1031;968;1676;2091;2176
5227;1027;967;1673;2075;2181
5257;1026;966;1670;2072;2179
5297;1022;964;1665;2076;2193
5337;1017;964;1660;2069;2208
5377;1013;965;1657;2073;2213
5407;1010;964;1655;2074;2214
5447;1006;964;1654;2070;2233
5487;1002;964;1652;2055;2231
5527;995;964;1648;2049;2226
5557;991;964;1645;2041;2228
5597;987;965;1641;2034;2230
5637;983;964;1637;2018;2226
5677;979;964;1635;2005;2235
5707;976;964;1632;1986;2246
5747;974;964;1630;1998;2236
5787;973;964;1627;1992;2251
5827;972;964;1627;1991;2263
5857;971;964;1627;1993;2279
5897;969;964;1626;1999;2285
5937;966;964;1624;1995;2278
5977;963;964;1621;1985;2279
6007;961;963;1619;1987;2284
6047;959;963;1618;1985;2309
6087;957;963;1619;1987;2319
6127;955;963;1619;1986;2333
6157;954;960;1620;1988;2335
6197;954;957;1620;1997;2340
6237;954;956;1620;1999;2335
6277;955;956;1620;2003;2327
6307;955;956;1620;2002;2339
6347;955;956;1619;2005;2348
6387;952;955;1619;2008;2361
6427;950;952;1619;2006;2366
6457;947;950;1619;2014;2370
6497;944;948;1618;2020;2371
6537;942;948;1618;2022;2372
6577;940;947;1617;2028;2372
6607;939;947;1617;2024;2372
6647;939;947;1617;2024;2371
6687;939;947;1616;2023;2370
6697;939;947;1617;2017;2366
6737;939;947;1617;2018;2362
6777;939;947;1617;2020;2360
6817;938;947;1617;2017;2355
6857;938;948;1618;2019;2348
6897;938;948;1618;2024;2344
6937;938;948;1618;2026;2337
6977;938;948;1618;2033;2333
7017;938;948;1617;2036;2333
7057;938;948;1617;2038;2336
7097;938;948;1617;2040;2334
7137;938;948;1617;2041;2333
7177;938;948;1617;2032;2323
7207;938;948;1616;2045;2310
7247;938;948;1616;2045;2249
7287;938;948;1616;2073;2215
7327;938;948;1616;2086;2146
7357;938;948;1616;2093;2115
7397;938;948;1616;2108;2087
7437;938;949;1616;2141;2026
7477;938;949;1616;2161;1987
7507;937;949;1616;2170;1983
7547;937;949;1617;2175;1970
7587;937;949;1617;2197;1962
7627;938;948;1617;2221;1960
7657;939;948;1618;2213;1958
7697;939;949;1618;2213;1950
7737;939;949;1618;2213;1946
7777;939;949;1618;2228;1948
7807;939;949;1617;2228;1947
7847;939;949;1618;2219;1945
7887;938;949;1618;2217;1946
7927;938;949;1617;2207;1934
7957;938;949;1617;2215;1922
7997;941;949;1617;2264;1926
8037;946;949;1617;2278;1920
8077;952;949;1618;2269;1913
8107;957;949;1618;2271;1909
8147;962;949;1618;2263;1898
8187;967;949;1618;2280;1893
8227;971;949;1617;2288;1881
8257;975;949;1618;2289;1875
8297;980;949;1618;2298;1852
8337;986;949;1618;2302;1845
8377;994;949;1618;2312;1836
8407;1002;949;1617;2315;1833
8447;1009;948;1616;2315;1827
8487;1017;948;1617;2326;1828
8527;1021;949;1617;2331;1825
8557;1027;949;1618;2331;1818
8597;1035;949;1618;2332;1805
8637;1042;949;1618;2331;1795
8677;1050;949;1618;2330;1793
8707;1059;949;1618;2333;1789
8747;1064;948;1618;2337;1791
8787;1068;948;1618;2333;1782
8827;1075;948;1618;2336;1776
8857;1084;949;1618;2335;1773
8897;1091;948;1618;2346;1774
8937;1099;948;1618;2348;1774
8977;1106;948;1618;2343;1766
9007;1112;948;1618;2343;1762
9047;1118;948;1618;2348;1765
9087;1124;948;1618;2347;1760
9127;1134;948;1619;2350;1754
9157;1142;948;1618;2353;1747
9197;1150;948;1618;2350;1753
9237;1159;948;1619;2352;1756
9277;1165;948;1619;2350;1758
9307;1173;948;1620;2358;1753
9347;1182;948;1623;2354;1753
9387;1191;948;1624;2356;1753
9427;1197;948;1625;2353;1749
9457;1202;948;1627;2350;1747
9497;1215;948;1629;2357;1745
9537;1225;948;1631;2360;1744
9577;1232;948;1633;2362;1741
9607;1238;948;1637;2361;1739
9647;1244;948;1640;2360;1740
9687;1254;948;1642;2359;1742
9727;1263;948;1644;2363;1739
9767;1273;948;1647;2371;1733
9807;1284;948;1650;2370;1736
9847;1291;948;1652;2376;1730
9887;1298;948;1654;2374;1730
9927;1308;948;1658;2377;1728
10007;1322;948;1666;2388;1721
10047;1332;949;1671;2390;1722
10087;1348;949;1675;2395;1718
10127;1356;949;1677;2404;1712
10167;1364;949;1681;2410;1710
10207;1371;949;1683;2403;1702
10247;1383;949;1686;2405;1699
10287;1396;948;1690;2409;1700
10327;1406;948;1693;2411;1700
10357;1414;949;1697;2409;1694
10397;1422;949;1701;2407;1694
10437;1435;949;1704;2418;1695
10477;1445;949;1710;2415;1693
10507;1448;949;1714;2416;1690
10547;1458;948;1718;2420;1690
10587;1466;948;1719;2422;1689
10627;1477;949;1721;2430;1687
10657;1483;949;1725;2429;1684
10697;1489;949;1730;2425;1683
10737;1490;949;1735;2427;1681
10777;1510;949;1739;2436;1683
10807;1519;948;1743;2434;1685
10847;1539;948;1748;2433;1678
10887;1568;948;1752;2432;1679
10927;1578;948;1755;2438;1684
10957;1606;949;1758;2435;1683
10997;1664;949;1763;2432;1678
11037;1697;950;1769;2429;1681
11077;1720;951;1774;2434;1683
11107;1735;951;1775;2439;1681
11147;1741;952;1780;2435;1674
11187;1752;953;1783;2440;1666
11227;1764;957;1785;2435;1667
11257;1769;961;1787;2438;1667
11297;1777;965;1790;2433;1665
11337;1786;969;1793;2428;1676
11377;1798;973;1795;2423;1674
11407;1808;977;1798;2417;1677
11447;1815;984;1798;2428;1678
11487;1825;990;1799;2416;1679
11527;1830;998;1801;2425;1680
11557;1844;1005;1803;2419;1680
11597;1854;1013;1807;2418;1679
11637;1870;1020;1809;2418;1678
11677;1873;1024;1809;2411;1681
11707;1881;1033;1810;2424;1680
11747;1896;1038;1812;2411;1685
11787;1903;1041;1812;2411;1684
11827;1914;1044;1812;2413;1688
11857;1927;1051;1814;2411;1684
11897;1934;1058;1816;2408;1688
11937;1947;1063;1817;2407;1695
11977;1951;1073;1818;2402;1699
12007;1959;1079;1818;2404;1701
12047;1964;1084;1819;2404;1705
12087;1971;1088;1820;2406;1709
12127;1984;1095;1821;2398;1709
12157;1990;1101;1822;2396;1709
12197;2004;1105;1824;2404;1711
12237;2012;1109;1825;2397;1713
12277;2018;1113;1827;2397;1714
12307;2085;1118;1828;2401;1711
12347;2124;1125;1829;2394;1706
12387;2144;1129;1829;2397;1708
12427;2159;1129;1828;2405;1705
12457;2169;1138;1829;2409;1703
12497;2177;1146;1828;2409;1702
12537;2187;1152;1828;2413;1702
12577;2196;1155;1832;2413;1701
12607;2204;1159;1834;2409;1703
12647;2213;1161;1836;2413;1701
12687;2221;1168;1837;2420;1700
12727;2230;1173;1838;2419;1698
12757;2237;1177;1840;2414;1695
12797;2243;1174;1841;2421;1698
12837;2250;1172;1842;2422;1698
12877;2257;1178;1842;2424;1697
12907;2264;1182;1843;2433;1698
12947;2271;1188;1843;2428;1699
12987;2275;1195;1842;2426;1696
13027;2279;1201;1842;2428;1696
13057;2285;1205;1842;2429;1692
13097;2292;1206;1842;2433;1690
13137;2298;1206;1842;2433;1691
13177;2302;1204;1843;2436;1688
13207;2306;1203;1843;2440;1689
13247;2312;1199;1843;2441;1685
13287;2315;1209;1843;2444;1685
13327;2322;1216;1843;2449;1683
13357;2332;1224;1843;2449;1683
13397;2338;1228;1844;2450;1679
13437;2341;1229;1844;2453;1681
13477;2343;1231;1844;2458;1678
13507;2345;1232;1844;2461;1679
13547;2347;1235;1844;2460;1678
13587;2352;1235;1844;2469;1677
13627;2356;1234;1844;2465;1676
13657;2363;1235;1844;2473;1678
13697;2368;1235;1844;2470;1676
13737;2370;1237;1844;2466;1676
13777;2372;1240;1844;2475;1674
13807;2374;1240;1844;2474;1677
13847;2377;1243;1844;2476;1677
13887;2384;1246;1844;2478;1677
13927;2385;1248;1844;2480;1677
13957;2387;1249;1844;2482;1676
13997;2387;1250;1845;2482;1677
14037;2387;1251;1845;2482;1676
14077;2387;1252;1845;2490;1677
14107;2388;1255;1845;2489;1677
14147;2392;1258;1845;2490;1675
14187;2396;1260;1845;2489;1675
14227;2397;1258;1845;2494;1676
14257;2400;1257;1845;2492;1676
14297;2403;1257;1845;2493;1677
14337;2406;1257;1846;2495;1676
14377;2408;1258;1846;2493;1675
14407;2409;1259;1846;2492;1678
14447;2410;1259;1846;2493;1678
14487;2410;1260;1846;2494;1681
14527;2414;1261;1845;2495;1680
14557;2418;1262;1845;2497;1679
14597;2424;1263;1845;2495;1680
14637;2424;1263;1845;2502;1679
14677;2423;1264;1845;2503;1677
14707;2422;1264;1845;2505;1677
14747;2421;1264;1845;2510;1679
14787;2423;1264;1845;2504;1679
14827;2425;1261;1846;2499;1680
14857;2426;1260;1845;2504;1681
14897;2426;1259;1845;2494;1683
14937;2427;1260;1845;2491;1685
14977;2427;1260;1846;2490;1686
15007;2426;1260;1846;2492;1686
15047;2426;1260;1846;2491;1686
15087;2426;1260;1846;2489;1685
15127;2425;1261;1846;2483;1686
15157;2425;1261;1846;2485;1686
15197;2425;1261;1846;2483;1686
15237;2425;1261;1846;2480;1687
15277;2426;1261;1846;2479;1689
15307;2425;1261;1846;2481;1689
15347;2425;1261;1846;2478;1688
15387;2425;1261;1846;2478;1687
15427;2425;1261;1846;2477;1685
15457;2425;1262;1846;2477;1684
15497;2425;1262;1846;2475;1685
15537;2425;1262;1846;2476;1685
15577;2425;1262;1846;2473;1686
15607;2425;1262;1846;2477;1685
15647;2425;1261;1846;2473;1687
15687;2425;1261;1846;2473;1687
15727;2425;1261;1846;2472;1687
15757;2425;1261;1846;2473;1686
15797;2425;1262;1846;2474;1686
15837;2425;1262;1846;2473;1686
15877;2425;1262;1846;2472;1687
15907;2425;1262;1846;2472;1687
15947;2425;1262;1846;2474;1687
15987;2425;1262;1846;2473;1687
16027;2425;1262;1846;2475;1687
16057;2425;1262;1846;2475;1687
16097;2426;1262;1846;2473;1685
16137;2426;1262;1846;2474;1686
16177;2426;1262;1846;2471;1685
16207;2426;1263;1846;2473;1684
16247;2426;1263;1846;2473;1686
16287;2426;1263;1846;2477;1686
16327;2426;1263;1846;2475;1687
16357;2426;1263;1846;2476;1685
16397;2425;1263;1846;2477;1685
16437;2425;1263;1846;2477;1685
16477;2425;1263;1846;2480;1686
16507;2425;1263;1846;2479;1686
16547;2425;1263;1846;2479;1686
16587;2425;1263;1846;2479;1686
16627;2425;1263;1846;2483;1686
16657;2425;1263;1846;2497;1673
16697;2425;1263;1846;2499;1674
16737;2425;1264;1846;2492;1676
16777;2425;1264;1847;2491;1676
16807;2425;1264;1847;2476;1683
16847;2425;1264;1847;2440;1708
16887;2425;1264;1847;2418;1733
16927;2425;1264;1847;2408;1752
16957;2426;1264;1847;2402;1760
16997;2426;1264;1846;2395;1765
17037;2427;1264;1846;2399;1764
17077;2427;1264;1847;2401;1763
17107;2427;1264;1847;2401;1764
17147;2426;1264;1847;2401;1764
17187;2426;1264;1847;2401;1766
17227;2426;1264;1847;2400;1766
17257;2426;1264;1847;2402;1766
17297;2426;1264;1846;2401;1765
17337;2426;1264;1847;2405;1766
17377;2426;1264;1847;2402;1767
17407;2426;1264;1847;2404;1768
17447;2426;1264;1846;2404;1767
17487;2426;1264;1846;2406;1767
17527;2425;1264;1846;2407;1767
17557;2426;1265;1846;2404;1768
17597;2426;1265;1846;2405;1768
17637;2426;1265;1846;2406;1768
17677;2426;1265;1846;2407;1768
17707;2426;1265;1846;2409;1770
17747;2426;1265;1846;2406;1769
17787;2426;1265;1846;2409;1769
17827;2426;1265;1846;2409;1771
17857;2426;1265;1846;2409;1771
17897;2426;1265;1846;2409;1770
17937;2426;1265;1846;2410;1770
17977;2426;1264;1847;2411;1771
18007;2425;1264;1847;2411;1771
18047;2425;1264;1847;2410;1772
18087;2425;1264;1847;2410;1772
18127;2425;1265;1847;2412;1770
18157;2425;1265;1847;2411;1771
18197;2425;1265;1847;2411;1772
18237;2425;1265;1847;2412;1772
18277;2425;1265;1847;2415;1772
18307;2425;1265;1847;2418;1773
18347;2425;1265;1847;2418;1772
18387;2425;1265;1847;2418;1773
18427;2425;1265;1847;2417;1773
18457;2425;1265;1847;2418;1774
18497;2425;1265;1847;2416;1775
18537;2426;1265;1847;2416;1775
18577;2426;1265;1847;2416;1775
18607;2426;1265;1847;2415;1775
18647;2426;1265;1847;2416;1775
18687;2426;1265;1847;2416;1776
18727;2426;1264;1847;2415;1774
18737;2426;1264;1847;2417;1774
18757;2426;1264;1847;2417;1774
18797;2426;1265;1847;2417;1773
18837;2426;1265;1847;2418;1774
18877;2426;1265;1847;2417;1773
18887;2426;1265;1847;2417;1773