
11269;330;381;758;2739;2192
11349;494;571;1137;2740;2205
11389;580;667;1326;2746;2191
11419;626;715;1421;2741;2206
11459;649;739;1469;2738;2191
11499;661;751;1492;2741;2187
11539;667;757;1505;2741;2190
11569;670;760;1510;2736;2187
11609;672;761;1513;2744;2193
11649;673;762;1515;2744;2192
11659;673;762;1516;2741;2192
11699;674;762;1516;2749;2188
11779;673;763;1516;2750;2198
11819;676;763;1516;2775;2211
11899;720;763;1517;2800;2264
11939;794;763;1517;2775;2264
11979;913;763;1562;2801;2283
12019;1043;792;1604;2857;2276
12069;1220;870;1650;2869;2290
12109;1558;1006;1703;2920;2298
12139;1874;1114;1744;2924;2323
12179;2134;1227;1768;2577;2380
12219;2282;1301;1781;2526;2365
12259;2357;1338;1788;2523;2365
12289;2393;1359;1790;2531;2343
12329;2411;1369;1791;2479;2345
12369;2420;1374;1792;2465;2350
12379;2425;1376;1793;2465;2341
12419;2426;1378;1793;2453;2349
12459;2427;1378;1793;2454;2331
12509;2427;1379;1793;2455;2300
12549;2428;1379;1794;2448;2262
12589;2433;1379;1794;2454;2251
12619;2412;1380;1794;2669;2159
12659;2193;1380;1794;2767;2191
12699;1850;1305;1794;2759;2213
12739;1576;1191;1794;2776;2179
12829;1301;1074;1789;2753;2170
12889;1071;975;1786;2812;2227
12919;929;915;1782;2816;2218
12959;823;871;1775;2833;2238
12969;760;846;1768;2838;2223
13009;702;820;1762;2852;2230
13049;653;791;1755;2871;2213
13109;598;756;1752;2882;2220
13139;567;731;1750;2923;2229
13179;552;719;1750;2936;2233
13249;544;713;1757;3011;2280
13299;540;710;1778;3037;2289
13339;537;709;1793;3030;2305
13369;535;708;1804;3059;2323
13409;533;708;1811;3038;2326
13449;533;708;1814;3012;2320
13489;534;708;1816;2961;2343
13579;535;708;1713;2896;2280
13639;619;708;1645;2840;2265
13669;710;708;1611;2852;2258
13709;775;708;1603;2836;2265
13749;837;708;1605;2794;2231
13789;910;708;1627;2795;2233
13819;977;708;1652;2800;2255
13859;1066;708;1686;2782;2225
13869;1130;708;1704;2776;2237
13909;1229;717;1728;2777;2217
13949;1371;800;1751;2830;2256
14009;1785;992;1773;2862;2270
14049;2076;1139;1792;2703;2280
14089;2256;1240;1801;2544;2318
14119;2346;1291;1806;2545;2336
14159;2391;1316;1809;2539;2344
14199;2412;1329;1811;2523;2348
14239;2424;1336;1811;2511;2346
14329;2430;1339;1811;2512;2288
14389;2423;1341;1811;2618;2165
14419;2402;1342;1812;2758;2190
14459;2296;1343;1812;2839;2226
14499;2047;1323;1813;2799;2279
14539;1740;1224;1813;2852;2240
14569;1496;1134;1813;2850;2258
14609;1311;1079;1806;2860;2256
14619;1205;1044;1804;2867;2247
14659;1090;1006;1792;2871;2251
14699;1004;981;1784;2878;2260
14759;940;968;1780;2881;2251
14799;888;956;1776;2891;2254
14839;836;941;1765;2885;2250
14869;797;933;1755;2886;2248
14909;758;919;1748;2898;2247
14949;715;891;1737;2880;2224
14989;675;861;1732;2889;2229
15079;614;803;1729;2896;2226
15139;575;764;1728;2931;2235
15169;555;744;1728;2938;2234
15209;545;734;1727;2939;2238
15249;541;729;1732;2947;2235
15289;538;727;1741;2958;2240
15319;536;726;1748;2965;2246
15359;536;726;1753;2982;2247
15369;535;726;1755;2983;2243
15409;534;726;1757;2974;2248
15429;533;726;1758;2972;2258
15449;533;726;1759;2973;2259
15519;534;726;1759;2950;2296
15559;535;726;1706;2894;2281
15589;535;726;1661;2881;2275
15629;535;725;1625;2863;2261
15669;539;725;1600;2852;2267
15709;575;725;1585;2857;2273
15739;616;725;1578;2871;2277
15829;687;725;1574;2849;2242
15889;748;725;1572;2835;2249
15929;817;725;1575;2786;2209
15969;892;725;1596;2783;2209
16009;945;726;1611;2753;2201
16039;989;726;1619;2740;2198
16079;1036;726;1635;2711;2191
16119;1095;735;1657;2711;2193
16129;1140;749;1668;2709;2200
16169;1236;808;1688;2722;2208
16209;1401;910;1714;2731;2217
16259;1662;1043;1739;2740;2226
16299;1942;1147;1762;2760;2226
16339;2173;1254;1784;2477;2261
16369;2287;1308;1795;2452;2264
16409;2357;1335;1799;2415;2265
16449;2392;1354;1800;2397;2263
16489;2409;1365;1801;2398;2262
16529;2417;1371;1801;2399;2282
16569;2421;1374;1802;2408;2281
16609;2423;1377;1802;2402;2282
16639;2424;1379;1802;2407;2272
16669;2425;1380;1802;2417;2243
16709;2427;1380;1803;2405;2224
16749;2369;1380;1804;2630;2149
16789;2133;1359;1805;2643;2168
16829;1754;1217;1805;2675;2152
16869;1432;1086;1793;2682;2171
16909;1251;1021;1782;2691;2163
16939;1138;988;1776;2692;2163
16979;1037;960;1773;2712;2165
17019;952;938;1772;2730;2179
17059;882;910;1772;2748;2182
17089;835;887;1772;2759;2183
17129;787;863;1771;2780;2191
17169;751;849;1770;2773;2200
17249;698;818;1770;2767;2187
17309;651;786;1770;2770;2200
17349;620;768;1770;2778;2197
17389;592;759;1770;2811;2204
17429;564;739;1764;2824;2216
17469;550;729;1762;2853;2227
17509;543;724;1761;2897;2226
17539;539;722;1760;2903;2250
17579;536;721;1760;2909;2252
17619;530;721;1767;2943;2261
17659;528;721;1773;2901;2251
17689;527;721;1776;2910;2248
17729;526;721;1778;2910;2257
17769;528;721;1778;2891;2244
17819;531;721;1734;2844;2269
17859;533;720;1682;2857;2255
17909;548;720;1644;2809;2234
17949;584;720;1617;2822;2247
17989;652;720;1604;2758;2206
18029;739;720;1597;2733;2199
18069;795;720;1593;2706;2193
18109;852;720;1594;2676;2187
18139;939;720;1620;2667;2185
18179;1033;720;1650;2661;2192
18219;1138;750;1683;2690;2198
18259;1269;818;1709;2693;2202
18289;1376;882;1727;2687;2200
18329;1591;986;1744;2725;2219
18369;1866;1105;1768;2726;2223
18409;2080;1191;1786;2709;2212
18439;2234;1274;1801;2487;2256
18479;2327;1320;1808;2444;2291
18519;2371;1347;1811;2428;2298
18559;2394;1361;1812;2415;2307
18589;2405;1368;1812;2410;2313
18629;2409;1371;1812;2411;2321
18669;2413;1373;1812;2412;2326
18699;2416;1375;1813;2416;2318
18739;2417;1377;1813;2423;2313
18769;2418;1378;1813;2428;2279
18809;2420;1378;1813;2424;2254
18849;2418;1378;1813;2559;2156
18889;2336;1375;1813;2689;2179
18919;2148;1355;1814;2690;2172
18959;1920;1296;1814;2732;2199
18999;1644;1222;1807;2763;2200
19039;1421;1126;1802;2780;2199
19079;1246;1059;1792;2803;2213
19119;1117;1018;1782;2790;2205
19159;1027;998;1774;2807;2209
19189;948;974;1759;2823;2206
19229;881;952;1747;2826;2211
19269;827;940;1739;2825;2213
19309;758;891;1729;2889;2232
19339;709;855;1723;2879;2241
19379;665;814;1719;2894;2228
19419;623;780;1712;2918;2233
19459;594;763;1708;2913;2234
19489;572;749;1702;2942;2240
19529;554;735;1691;2930;2228
19569;545;728;1678;2933;2239
19609;541;724;1672;2921;2240
19639;539;722;1668;2916;2227
19679;537;722;1662;2904;2235
19719;536;721;1659;2939;2237
19759;535;721;1655;2877;2235
19789;534;721;1652;2893;2233
19829;528;721;1635;2932;2233
19869;525;721;1620;2869;2214
19909;523;724;1598;2922;2238
19939;522;730;1576;2909;2235
19979;521;734;1552;2867;2218
20019;521;735;1537;2900;2225
20059;521;736;1521;2900;2241
20089;520;736;1496;2858;2238
20129;520;736;1476;2896;2239
20169;520;736;1463;2850;2233
20209;520;736;1456;2863;2258
20239;520;736;1453;2890;2246
20279;520;736;1452;2743;2189
20319;527;737;1452;2760;2189
20359;559;737;1450;2770;2211
20389;604;736;1449;2725;2183
20429;660;736;1449;2723;2195
20469;693;736;1449;2759;2194
20509;738;736;1465;2761;2193
20539;773;736;1480;2742;2198
20579;804;737;1488;2740;2194
20619;832;736;1494;2723;2193
20659;849;736;1497;2709;2194
20689;868;736;1499;2670;2178
20729;891;736;1503;2615;2173
20769;936;748;1509;2674;2174
20809;1043;818;1539;2651;2166
20839;1172;930;1562;2555;2173
20879;1339;1089;1574;2221;1868
20919;1424;1171;1585;2178;1769
20949;1459;1214;1590;2385;2083
20989;1588;1267;1592;2410;2155
21029;1759;1355;1618;2326;1914
21069;2001;1417;1661;2317;1928
21109;2195;1465;1694;2270;1954
21139;2293;1490;1715;2308;1954
21179;2341;1502;1726;2307;1963
21219;2366;1509;1732;2343;1967
21259;2382;1513;1735;2234;1972
21289;2389;1516;1736;2231;1969
21329;2393;1520;1738;2251;1963
21369;2395;1524;1739;2244;1967
21409;2360;1525;1740;2447;1988
21439;2299;1525;1740;2432;1978
21479;2244;1525;1741;2363;1985
21519;2050;1513;1741;2421;1994
21559;1763;1419;1741;2464;1995
21589;1585;1332;1741;2476;1992
21629;1444;1256;1740;2464;1993
21669;1371;1217;1733;2462;1983
21709;1333;1197;1717;2483;1996
21739;1284;1187;1685;2510;1997
21779;1227;1182;1649;2529;2062
21819;1147;1179;1590;2562;2025
21859;1038;1138;1543;2603;2108
21889;949;1091;1520;2616;2091
21929;897;1067;1509;2650;2106
21969;858;1039;1503;2657;2104
22009;813;995;1500;2646;2099
22039;783;969;1498;2672;2118
22079;763;947;1498;2677;2114
22119;741;925;1497;2703;2147
22159;702;881;1498;2712;2148
22189;676;856;1498;2703;2156
22229;655;838;1498;2712;2112
22269;639;827;1499;2704;2135
22309;626;812;1499;2709;2140
22339;609;796;1499;2727;2150
22379;588;780;1500;2737;2146
22419;571;765;1507;2733;2158
22459;554;750;1533;2967;2339
22489;546;743;1562;2938;2312
22529;542;739;1598;2960;2326
22569;540;737;1637;2964;2315
22609;539;736;1667;2965;2311
22639;537;736;1692;2987;2322
22679;534;736;1707;2953;2328
22719;533;736;1715;2998;2350
22759;532;736;1719;2973;2348
22789;531;736;1721;2979;2338
22829;531;736;1722;2994;2343
22869;531;736;1722;2959;2330
22909;532;736;1722;2946;2324
22939;532;736;1712;2950;2343
22979;534;736;1664;2931;2346
23019;536;736;1619;2928;2321
23059;540;736;1578;2901;2337
23089;565;736;1553;2910;2345
23129;606;736;1541;2899;2352
23169;640;736;1535;2884;2318
23209;660;736;1532;2886;2334
23239;702;736;1531;2847;2318
23279;756;736;1530;2821;2283
23319;794;736;1530;2821;2286
23359;846;736;1538;2818;2296
23389;906;736;1558;2814;2290
23429;944;736;1575;2813;2289
23469;985;736;1590;2818;2294
23509;1048;736;1616;2814;2285
23539;1088;736;1634;2809;2290
23579;1139;742;1656;2803;2268
23619;1228;791;1680;2804;2288
23659;1297;839;1698;2777;2264
23689;1349;871;1709;2781;2268
23729;1414;919;1715;2800;2281
23769;1570;981;1728;2786;2270
23809;1695;1048;1739;2794;2280
23839;1802;1115;1748;2802;2291
23879;1894;1168;1756;2787;2285
23919;2046;1223;1768;2769;2243
23959;2193;1292;1778;2642;2235
23989;2283;1335;1783;2574;2255
24029;2336;1358;1786;2436;2286
24069;2381;1390;1788;2090;1980
24109;2404;1409;1789;2109;1994
24139;2415;1417;1790;2131;2010
24179;2421;1421;1791;2131;2000
24219;2425;1424;1791;2126;2006
24259;2427;1426;1791;2129;1988
24289;2428;1427;1791;2145;1982
24329;2429;1427;1791;2149;1987
24369;2431;1427;1791;2154;1976
24409;2427;1427;1791;2166;1985
24439;2424;1428;1791;2167;1980
24479;2423;1428;1791;2153;1982
24519;2423;1428;1791;2162;1960
24549;2422;1428;1792;2148;1953
24559;2421;1428;1792;2145;1950
24599;2420;1428;1792;2160;1945
24649;2418;1428;1792;2194;1938
24689;2418;1428;1792;2207;1932
24719;2416;1428;1791;2233;1937