
22407;1185;590;822;3332;2138
22517;1777;885;1233;3330;2140
22557;2073;1033;1439;3320;2147
22597;2221;1107;1542;3330;2138
22637;2295;1143;1593;3293;2140
22667;2332;1162;1619;3271;2136
22707;2350;1171;1632;3294;2134
22747;2359;1175;1639;3266;2149
22787;2364;1178;1642;3267;2150
22817;2366;1179;1644;3305;2144
22857;2368;1179;1645;3307;2158
22897;2368;1179;1645;3347;2155
22937;2369;1179;1645;3332;2193
22967;2370;1180;1645;3354;2210
23007;2370;1180;1645;3368;2210
23047;2369;1180;1645;3426;2212
23087;2369;1180;1645;3459;2235
23117;2369;1180;1645;3475;2248
23157;2369;1180;1645;3526;2244
23197;2369;1180;1645;3594;2256
23237;2369;1180;1645;3559;2292
23267;2370;1180;1645;3556;2288
23307;2370;1180;1645;3601;2273
23347;2370;1180;1645;3610;2282
23387;2370;1180;1645;3634;2274
23417;2370;1180;1644;3625;2298
23457;2370;1180;1644;3633;2312
23497;2370;1180;1644;3614;2330
23537;2370;1180;1644;3727;2326
23567;2370;1180;1645;3810;2383
23607;2370;1180;1645;3877;2410
23647;2370;1180;1645;4095;2890
23687;2370;1180;1645;4095;2982
23717;2370;1180;1645;4095;2965
23757;2370;1180;1645;4095;2942
23797;2370;1180;1644;4095;3208
23837;2370;1180;1644;4095;3355
23867;2370;1180;1644;4095;3367
23907;2370;1181;1644;4095;3381
23947;2370;1181;1644;4095;3414
23987;2370;1181;1644;4095;3692
24017;2369;1181;1644;4095;3714
24057;2369;1180;1643;4095;3907
24097;2369;1180;1643;4095;4024
24137;2369;1181;1643;4095;4000
24167;2370;1181;1643;4095;3957
24207;2370;1181;1643;4095;3913
24247;2371;1181;1643;4095;3892
24287;2371;1182;1644;4095;3890
24317;2370;1182;1644;4095;3841
24357;2370;1182;1644;4095;3780
24397;2370;1182;1644;4095;3717
24437;2370;1182;1645;4095;3716
24467;2370;1182;1645;4095;3679
24507;2370;1182;1645;4095;3676
24547;2371;1182;1646;4095;3660
24587;2371;1182;1646;4095;3658
24617;2371;1182;1645;4095;3660
24657;2370;1182;1644;4095;3660
24697;2371;1182;1644;4095;3650
24737;2370;1182;1645;4095;3633
24767;2370;1182;1645;4095;3629
24807;2371;1182;1645;4095;3617
24847;2371;1182;1645;4095;3638
24887;2371;1182;1645;4095;3621
24917;2370;1181;1645;4095;3618
24957;2370;1181;1645;4095;3618
24997;2370;1181;1645;4095;3609
25037;2370;1182;1645;4095;3566
25067;2370;1182;1645;4095;3563
25107;2370;1182;1645;4095;3569
25147;2370;1182;1645;4095;3587
25187;2370;1182;1645;4095;3591
25217;2370;1182;1645;4095;3582
25257;2369;1182;1645;4095;3604
25297;2369;1182;1644;4095;3598
25337;2369;1182;1644;4095;3600
25367;2369;1183;1644;4095;3606
25407;2369;1183;1644;4095;3605
25447;2371;1183;1644;4095;3630
25487;2372;1183;1645;4095;3638
25517;2372;1182;1645;4095;3649
25557;2372;1182;1644;4095;3662
25597;2373;1181;1644;4095;3689
25637;2374;1181;1644;4095;3961
25667;2374;1181;1644;4095;3969
25707;2374;1181;1644;4095;3992
25747;2374;1181;1644;4095;4095
25787;2376;1181;1644;4095;4095
25817;2377;1181;1644;4095;4095
25857;2378;1182;1644;4095;3954
25897;2381;1181;1644;4095;3862
25937;2384;1181;1644;4095;3754
25967;2384;1181;1644;4095;3671
26007;2384;1181;1644;4095;3471
26047;2385;1181;1644;4095;3203
26087;2385;1181;1645;4095;3135
26117;2384;1181;1646;4095;3207
26157;2384;1181;1646;4095;3219
26197;2384;1181;1646;4095;3202
26237;2382;1181;1646;4095;3231
26267;2381;1181;1646;4095;3263
26307;2381;1181;1646;4095;3322
26347;2380;1181;1646;4095;3354
26387;2380;1181;1646;4095;3343
26417;2380;1181;1645;4095;3364
26457;2379;1181;1645;4095;3368
26497;2379;1181;1645;4095;3384
26537;2380;1181;1645;4095;3376
26567;2379;1181;1645;4095;3360
26607;2380;1181;1645;4095;3337
26647;2380;1181;1645;4095;3351
26687;2378;1181;1645;4095;3353
26717;2377;1181;1645;4095;3361
26757;2376;1181;1645;4095;3364
26797;2376;1181;1644;4095;3385
26837;2375;1181;1645;4095;3414
26867;2376;1181;1646;4095;3433
26907;2376;1182;1646;4095;3413
26947;2375;1182;1646;4095;3405
26987;2375;1182;1646;4095;3436
27017;2375;1181;1645;4095;3434
27057;2375;1181;1645;4095;3452
27097;2375;1181;1645;4095;3460
27137;2375;1182;1645;4095;3472
27167;2375;1182;1645;4095;3466
27207;2375;1182;1645;4095;3470
27247;2375;1182;1646;4095;3467
27287;2376;1182;1646;4095;3483
27317;2375;1182;1645;4095;3462
27357;2375;1182;1645;4095;3489
27397;2376;1182;1645;4095;3499
27437;2376;1182;1645;4095;3510
27467;2376;1182;1646;4095;3497
27507;2376;1182;1646;4095;3500
27547;2376;1182;1646;4095;3504
27587;2376;1182;1646;4095;3500
27617;2376;1182;1645;4095;3510
27657;2375;1182;1645;4095;3527
27697;2375;1182;1646;4095;3528
27737;2377;1180;1646;4095;3557
27767;2378;1179;1646;4095;3557
27807;2380;1177;1646;4095;3569
27847;2383;1175;1646;4095;3576
27887;2387;1173;1646;4095;3593
27917;2388;1173;1646;4095;3580
27957;2388;1172;1646;4095;3588
27997;2388;1172;1646;4095;3595
28037;2389;1171;1646;4095;3586
28067;2389;1172;1646;4095;3584
28107;2389;1172;1646;4095;3575
28147;2390;1172;1646;4095;3569
28187;2390;1172;1646;4095;3542
28217;2389;1172;1646;4095;3497
28257;2389;1172;1646;4095;3479
28297;2388;1172;1646;4095;3453
28337;2388;1172;1645;4095;3466
28367;2387;1173;1645;4095;3471
28407;2387;1174;1645;4095;3415
28447;2387;1175;1645;4095;3385
28487;2387;1175;1645;4095;3378
28517;2386;1175;1645;4095;3331
28557;2385;1175;1645;4095;3340
28597;2385;1175;1645;4095;3349
28637;2385;1176;1645;4095;3353
28667;2385;1178;1645;4095;3350
28707;2385;1179;1645;4095;3357
28747;2385;1179;1646;4095;3357
28787;2385;1179;1646;4095;3336
28817;2385;1179;1646;4095;3340
28857;2384;1179;1646;4095;3354
28897;2384;1180;1645;4095;3378
28937;2384;1180;1645;4095;3406
28967;2384;1180;1646;4095;3413
29007;2384;1181;1646;4095;3424
29047;2384;1181;1646;4095;3427
29087;2385;1181;1646;4095;3430
29107;2386;1181;1646;4095;3433
29157;2385;1181;1646;4095;3466
29197;2386;1180;1645;4095;3458
29237;2385;1180;1645;4095;3446
29267;2385;1180;1645;4095;3418
29307;2385;1180;1645;4095;3354
29347;2385;1179;1645;4095;3338
29387;2385;1179;1645;4095;3356
29417;2385;1179;1645;4095;3394
29457;2385;1179;1645;4095;3404
29497;2386;1179;1645;4095;3428
29537;2386;1179;1645;4095;3466
29567;2389;1179;1645;4095;3488
29607;2392;1179;1646;4095;3507
29647;2394;1179;1646;4095;3508
29687;2394;1178;1646;4095;3508
29717;2392;1177;1646;4095;3523
29757;2391;1177;1646;4095;3564
29797;2391;1177;1645;4095;3598
29837;2390;1176;1645;4095;3612
29867;2390;1176;1645;4095;3646
29907;2389;1176;1645;4095;4058
29947;2390;1176;1645;4095;4093
29987;2390;1176;1645;4095;4093
30017;2389;1176;1645;4095;4081
30057;2389;1176;1645;4095;4090
30097;2389;1176;1645;4095;4093
30137;2388;1175;1645;4095;4054
30167;2388;1176;1645;4095;4000
30207;2388;1176;1645;4095;3934
30247;2388;1176;1645;4095;3896
30287;2388;1176;1645;4095;3830
30317;2388;1176;1645;4095;3822
30357;2388;1176;1645;4095;3814
30397;2388;1176;1645;4095;3812
30437;2387;1176;1645;4095;3822
30467;2387;1176;1645;4095;3825
30507;2388;1176;1645;4095;3821
30547;2388;1176;1645;4095;3817
30587;2388;1177;1645;4095;3826
30617;2388;1177;1645;4095;3831
30657;2388;1177;1645;4095;3831
30697;2388;1177;1645;4095;3837
30737;2388;1177;1644;4095;3849
30767;2388;1177;1644;4095;3852
30807;2388;1177;1644;4095;3846
30847;2387;1177;1644;4095;3844
30887;2387;1177;1644;4095;3842
30917;2387;1177;1644;4095;3840
30957;2387;1177;1644;4095;3849
30997;2387;1177;1644;4095;3848
31037;2386;1177;1644;4095;3864
31067;2387;1177;1644;4095;3868
31107;2386;1177;1645;4095;3879
31147;2386;1177;1645;4095;3882
31187;2386;1177;1644;4095;3884
31217;2386;1177;1644;4095;3889
31257;2386;1177;1644;4095;3895
31297;2386;1177;1644;4095;3895
31337;2385;1177;1645;4095;3902
31367;2386;1177;1644;4095;3900
31407;2386;1177;1645;4095;3898
31447;2386;1177;1645;4095;3908
31487;2386;1177;1645;4095;3907
31517;2386;1177;1644;4095;3911
31557;2386;1177;1644;4095;3911
31597;2386;1177;1644;4095;3910
31637;2386;1176;1644;4095;3907
31667;2386;1176;1645;4095;3907
31707;2386;1176;1645;4095;3900
31747;2386;1176;1645;4095;3903
31777;2386;1176;1645;4095;3894
31787;2386;1176;1645;4095;3894
31817;2386;1176;1645;4095;3895
31857;2386;1176;1645;4095;3895
31897;2386;1176;1645;4095;3893
31937;2387;1176;1644;4095;3895
31967;2387;1176;1644;4095;3896
32007;2387;1176;1644;4095;3896
32047;2386;1176;1645;4095;3893
32087;2387;1176;1645;4095;3889
32117;2386;1176;1645;4095;3883
32157;2385;1176;1645;4095;3877
32197;2386;1177;1645;4095;3884
32237;2386;1176;1645;4095;3887
32267;2386;1176;1645;4095;3891
32307;2386;1176;1645;4095;3887
32347;2386;1176;1645;4095;3887
32387;2387;1176;1645;4095;3887
32417;2387;1176;1645;4095;3885
32457;2387;1176;1645;4095;3885
32497;2387;1176;1645;4095;3884
32537;2387;1176;1645;4095;3891
32567;2387;1176;1645;4095;3898
32607;2387;1176;1645;4095;3897
32647;2387;1176;1645;4095;3895
32687;2387;1177;1645;4095;3879
32717;2387;1177;1645;4095;3860
32757;2387;1176;1645;4095;3819
32797;2387;1176;1645;4095;3781
32837;2386;1177;1647;4095;3800
32867;2386;1177;1649;4095;3807
32907;2386;1177;1650;4095;3830
32947;2386;1177;1651;4095;3846
32957;2386;1177;1652;4095;3848
32997;2386;1177;1653;4095;3858
33077;2387;1177;1655;4095;3865
33117;2387;1177;1661;4095;3860
33157;2387;1177;1667;4095;3848
33197;2388;1177;1670;4095;3863
33237;2388;1177;1671;4095;3861
33277;2387;1176;1672;4095;3865
33317;2387;1176;1672;4095;3863
33357;2387;1176;1672;4095;3888
33397;2387;1176;1672;4095;3907
33437;2387;1176;1672;4095;3914
33467;2388;1175;1672;4095;3922
33507;2388;1175;1672;4095;3930
33547;2388;1175;1672;4095;3940
33587;2388;1175;1672;4095;3943
33617;2389;1175;1672;4095;3949
33657;2388;1173;1672;4095;3973
33697;2387;1173;1672;4095;3979
33737;2387;1173;1672;4095;3976
33767;2387;1174;1672;4095;3958
33807;2387;1174;1672;4095;3932
33847;2387;1175;1672;4095;3941
33887;2387;1175;1672;4095;3937
33917;2387;1175;1672;4095;3930
33957;2387;1175;1672;4095;3922
33997;2387;1175;1673;4095;3927
34037;2387;1175;1673;4095;3920
34067;2387;1175;1673;4095;3912
34107;2387;1175;1672;4095;3909
34147;2387;1175;1672;4095;3917
34187;2387;1175;1672;4095;3913
34217;2387;1175;1672;4095;3900
34257;2387;1175;1672;4095;3897
34297;2387;1175;1672;4095;3877
34337;2387;1175;1672;4095;3828
34367;2387;1175;1672;4095;3797
34407;2386;1175;1672;4095;3753
34447;2386;1175;1672;4095;3737
34487;2387;1175;1672;4095;3737
34517;2387;1175;1672;4095;3729
34557;2387;1175;1672;4095;3720
34597;2386;1175;1672;4095;3703
34637;2386;1175;1672;4095;3715
34667;2386;1175;1672;4095;3718
34707;2386;1175;1672;4095;3726
34747;2386;1175;1672;4095;3734
34787;2386;1175;1672;4095;3749
34817;2386;1176;1672;4095;3772
34857;2385;1176;1673;4095;3806
34897;2386;1176;1672;4095;3820
34937;2386;1176;1672;4095;3893
34967;2386;1176;1672;4095;3913
35007;2386;1176;1672;4095;3918
35047;2386;1175;1672;4095;3928
35087;2386;1175;1672;4095;3920
35117;2386;1175;1672;4095;3916
35157;2386;1176;1672;4095;3921
35197;2386;1176;1672;4095;3928
35237;2386;1173;1672;4095;3946
35267;2387;1173;1672;4095;3946
35307;2387;1173;1672;4095;3935
35347;2386;1173;1673;4095;3943
35387;2387;1173;1673;4095;3919
35417;2387;1173;1673;4095;3901
35457;2386;1173;1673;4095;3903
35497;2386;1173;1673;4095;3870
35537;2386;1173;1672;4095;3865
35567;2385;1173;1672;4095;3861
35607;2385;1173;1672;4095;3863
35647;2386;1173;1672;4095;3848
35687;2386;1174;1672;4095;3852
35717;2385;1174;1672;4095;3844
35757;2386;1175;1672;4095;3810
35797;2386;1175;1672;4095;3791
35837;2386;1174;1672;4095;3785
35867;2386;1174;1672;4095;3778
35907;2386;1174;1672;4095;3778
35947;2386;1174;1672;4095;3772
35987;2385;1174;1672;4095;3776
36017;2385;1174;1672;4095;3781
36057;2385;1174;1672;4095;3813
36097;2385;1175;1672;4095;3827
36137;2385;1174;1672;4095;3873
36167;2385;1174;1672;4095;3885
36207;2385;1174;1672;4095;3887
36247;2386;1174;1672;4095;3905
36287;2386;1174;1672;4095;3910
36317;2386;1174;1672;4095;3917
36357;2386;1174;1672;4095;3926
36397;2386;1173;1672;4095;3921
36437;2386;1173;1672;4095;3929
36467;2386;1173;1672;4095;3939
36507;2385;1173;1672;4095;3934
36547;2385;1173;1672;4095;3931
36587;2385;1173;1673;4095;3925
36617;2386;1173;1673;4095;3926
36657;2386;1173;1673;4095;3919
36697;2385;1173;1673;4095;3904
36737;2385;1173;1673;4095;3886
36767;2385;1173;1673;4095;3868
36807;2385;1173;1673;4095;3895
36847;2385;1173;1672;4095;3894
36887;2385;1172;1672;4095;3946
36917;2386;1172;1672;4095;3954
36957;2386;1172;1672;4095;3933
36997;2386;1172;1673;4095;3943
37037;2387;1172;1673;4095;3942
37067;2387;1172;1673;4095;3932
37107;2387;1173;1673;4095;3946
37147;2387;1173;1673;4095;3947
37187;2387;1173;1673;4095;3946
37217;2387;1173;1673;4095;3945
37257;2387;1173;1673;4095;3932
37297;2387;1173;1673;4095;3898
37337;2387;1174;1673;4095;3882
37367;2387;1174;1673;4095;3875
37407;2387;1174;1673;4095;3873
37447;2387;1174;1673;4095;3873
37487;2387;1174;1673;4095;3860
37517;2387;1174;1673;4095;3825
37557;2387;1174;1673;4095;3849
37597;2386;1174;1673;4095;3849
37637;2386;1173;1673;4095;3825
37667;2385;1173;1673;4095;3823
37707;2385;1173;1673;4095;3807
37747;2386;1173;1672;4095;3807
37787;2385;1173;1673;4095;3809
37817;2385;1173;1673;4095;3806
37857;2386;1173;1673;4095;3823
37897;2386;1173;1673;4095;3822
37937;2386;1173;1673;4095;3813
37967;2386;1173;1673;4095;3831
38007;2386;1173;1673;4095;3835
38047;2386;1174;1673;4095;3827
38087;2386;1174;1673;4095;3847
38117;2385;1174;1673;4095;3855
38157;2385;1174;1673;4095;3851
38197;2385;1174;1673;4095;3853
38237;2386;1174;1672;4095;3868
38267;2386;1174;1672;4095;3871
38307;2386;1174;1672;4095;3895
38347;2386;1174;1672;4095;3914
38387;2386;1174;1673;4095;3912
38417;2386;1173;1673;4095;3931
38457;2386;1173;1673;4095;3919
38497;2387;1173;1672;4095;3922
38537;2387;1173;1672;4095;3929
38567;2387;1172;1672;4095;3935
38607;2386;1172;1673;4095;3937
38647;2387;1173;1673;4095;3937
38687;2386;1174;1673;4095;3932
38717;2386;1174;1673;4095;3922
38757;2387;1174;1672;4095;3918
38797;2387;1175;1673;4095;3921
38837;2387;1175;1673;4095;3917
38867;2387;1175;1673;4095;3914
38907;2387;1175;1673;4095;3916
38947;2387;1175;1673;4095;3907
38987;2386;1175;1673;4095;3898
39017;2386;1175;1673;4095;3895
39057;2386;1175;1673;4095;3889
39097;2386;1175;1673;4095;3879
39137;2385;1175;1673;4095;3892
39167;2385;1175;1672;4095;3898
39207;2385;1175;1672;4095;3937
39247;2385;1175;1672;4095;3945
39287;2386;1174;1672;4095;3967
39317;2387;1176;1673;4095;3988
39357;2386;1179;1673;4095;4013
39397;2388;1185;1673;4095;4034
39437;2389;1191;1673;4095;4060
39467;2391;1195;1673;4095;4069
39507;2390;1197;1673;4095;4065
39547;2390;1199;1672;4095;4052
39587;2389;1200;1673;4095;4045
39617;2389;1200;1673;4095;4044
39657;2389;1200;1673;4095;4037
39697;2389;1200;1673;4095;4017
39737;2389;1200;1673;4095;4001
39767;2389;1200;1673;4095;3986
39807;2388;1200;1673;4095;3975
39847;2388;1200;1673;4095;3975
39887;2388;1200;1673;4095;3976
39917;2388;1200;1672;4095;3977
39957;2389;1200;1672;4095;3980
39997;2389;1200;1672;4095;3979
40037;2389;1200;1672;4095;3975
40067;2389;1200;1672;4095;3971
40107;2388;1200;1672;4095;3974
40147;2388;1200;1672;4095;3963
40187;2388;1200;1672;4095;3961
40217;2388;1200;1673;4095;3950
40257;2388;1201;1673;4095;3926
40297;2388;1201;1673;4095;3901
40337;2388;1201;1673;4095;3883
40367;2388;1200;1672;4095;3866
40407;2388;1200;1672;4095;3851
40447;2388;1200;1672;4095;3851
40487;2388;1200;1672;4095;3847
40517;2388;1201;1672;4095;3841
40557;2387;1201;1672;4095;3807
40597;2387;1201;1672;4095;3765
40637;2388;1200;1673;4095;3766
40667;2388;1200;1672;4095;3749
40707;2388;1200;1672;4095;3718
40747;2388;1200;1672;4095;3733
40787;2388;1199;1672;4095;3746
40817;2388;1200;1672;4095;3766
40857;2388;1200;1672;4095;3779
40897;2388;1200;1672;4095;3786
40937;2388;1200;1672;4095;3821
40967;2387;1200;1672;4095;3834
41007;2387;1201;1672;4095;3854
41047;2387;1201;1672;4095;3879
41087;2387;1201;1672;4095;3867
41117;2387;1201;1672;4095;3858
41157;2387;1201;1672;4095;3854
41197;2388;1201;1672;4095;3851
41237;2388;1201;1672;4095;3850
41267;2388;1201;1672;4095;3856
41307;2388;1201;1672;4095;3864
41347;2388;1201;1672;4095;3897
41387;2388;1201;1672;4095;3909
41417;2387;1201;1672;4095;3920
41457;2387;1201;1673;4095;3926
41497;2386;1201;1673;4095;3931
41537;2387;1201;1673;4095;3934
41567;2387;1201;1673;4095;3923
41607;2386;1201;1673;4095;3929
41647;2386;1201;1672;4095;3923
41687;2386;1201;1672;4095;3928
41717;2386;1201;1672;4095;3930
41757;2386;1201;1672;4095;3932
41797;2386;1201;1672;4095;3926
41837;2387;1201;1672;4095;3934
41867;2386;1201;1672;4095;3933
41907;2386;1201;1672;4095;3921
41947;2386;1201;1672;4095;3910
41987;2386;1201;1672;4095;3885
42027;2386;1201;1672;4095;3868
42067;2385;1201;1672;4095;3820
42107;2385;1201;1672;4095;3769
42147;2385;1200;1672;4095;3756
42227;2385;1200;1672;4095;3767
42267;2384;1200;1672;4095;3776
42307;2385;1201;1671;4095;3782
42347;2385;1201;1672;4095;3783
42387;2384;1201;1672;4095;3785
42427;2384;1201;1672;4095;3783
42467;2385;1201;1672;4095;3783
42507;2385;1201;1672;4095;3782
42547;2385;1201;1672;4095;3778
42587;2385;1201;1672;4095;3776
42617;2385;1201;1672;4095;3760
42657;2385;1201;1672;4095;3755
42697;2385;1201;1673;4095;3755
42737;2385;1201;1673;4095;3748
42767;2385;1201;1673;4095;3742
42807;2385;1201;1672;4095;3720
42847;2386;1200;1673;4095;3710
42887;2386;1200;1673;4095;3715
42917;2386;1200;1673;4095;3716
42957;2386;1200;1673;4095;3722
42997;2386;1200;1672;4095;3718
43037;2386;1200;1672;4095;3710
43067;2387;1200;1671;4095;3706
43107;2387;1199;1672;4095;3700
43147;2387;1200;1672;4095;3690
43187;2388;1200;1672;4095;3690
43217;2389;1200;1672;4095;3681
43257;2389;1200;1672;4095;3671
43297;2388;1200;1672;4095;3683
43337;2387;1200;1672;4095;3678
43367;2387;1200;1672;4095;3685
43407;2387;1199;1671;4095;3690
43447;2387;1199;1672;4095;3690
43487;2387;1199;1672;4095;3690
43517;2387;1199;1672;4095;3688
43557;2387;1199;1672;4095;3694
43597;2388;1199;1672;4095;3696
43637;2387;1199;1672;4095;3702
43667;2387;1199;1672;4095;3705
43707;2387;1200;1672;4095;3710
43747;2387;1200;1672;4095;3745
43787;2386;1200;1672;4095;3745
43817;2386;1200;1672;4095;3751
43857;2386;1200;1672;4095;3780
43897;2386;1200;1672;4095;3790
43937;2386;1200;1672;4095;3800
43967;2386;1200;1672;4095;3806
44007;2385;1200;1672;4095;3810
44047;2385;1200;1672;4095;3820
44087;2385;1200;1672;4095;3834
44117;2385;1200;1673;4095;3826
44157;2385;1200;1673;4095;3824
44197;2385;1200;1673;4095;3825
44237;2385;1200;1673;4095;3818
44267;2385;1200;1673;4095;3825
44307;2385;1200;1673;4095;3822
44347;2385;1200;1672;4095;3821
44387;2385;1200;1672;4095;3819
44417;2385;1200;1672;4095;3817
44457;2385;1200;1672;4095;3822
44497;2385;1200;1672;4095;3819
44537;2386;1200;1672;4095;3818
44567;2386;1200;1672;4095;3820
44607;2386;1200;1672;4095;3819
44647;2386;1200;1672;4095;3815
44687;2386;1200;1672;4095;3812
44717;2386;1200;1672;4095;3805
44757;2386;1201;1672;4095;3799
44797;2386;1201;1672;4095;3800
44837;2386;1201;1672;4095;3794
44867;2385;1201;1672;4095;3792
44907;2385;1200;1672;4095;3792
44947;2385;1200;1672;4095;3792
44987;2385;1200;1672;4095;3795
45017;2386;1200;1672;4095;3793
45057;2386;1200;1672;4095;3791
45097;2386;1200;1672;4095;3792
45137;2386;1200;1672;4095;3796
45167;2385;1200;1673;4095;3798
45207;2385;1200;1672;4095;3800
45247;2386;1200;1672;4095;3812
45287;2386;1200;1672;4095;3815
45317;2386;1200;1673;4095;3822
45357;2386;1200;1673;4095;3823
45397;2386;1200;1673;4095;3827
45437;2386;1200;1673;4095;3842
45467;2386;1200;1673;4095;3866
45507;2387;1200;1673;4095;3870
45547;2387;1200;1673;4095;3862
45587;2387;1200;1673;4095;3860
45617;2387;1200;1673;4095;3844
45657;2387;1200;1673;4095;3843
45697;2387;1200;1673;4095;3838
45737;2387;1200;1673;4095;3831
45767;2387;1200;1673;4095;3835
45807;2387;1200;1672;4095;3833
45847;2386;1200;1672;4095;3831
45887;2386;1200;1672;4095;3835
45917;2386;1201;1672;4095;3833
45957;2386;1201;1672;4095;3832
45997;2386;1201;1672;4095;3829
46037;2387;1201;1673;4095;3828
46067;2387;1201;1673;4095;3828
46107;2387;1200;1673;4095;3826
46147;2387;1200;1672;4095;3820
46187;2387;1200;1672;4095;3806
46217;2387;1201;1673;4095;3813
46257;2387;1201;1673;4095;3820
46297;2387;1201;1673;4095;3811
46337;2387;1201;1673;4095;3821
46367;2387;1200;1673;4095;3819
46407;2386;1200;1673;4095;3817
46447;2386;1200;1672;4095;3820
46487;2386;1200;1673;4095;3828
46517;2387;1200;1673;4095;3827
46557;2387;1200;1673;4095;3837
46597;2387;1200;1673;4095;3839
46637;2387;1201;1673;4095;3848
46667;2387;1201;1673;4095;3852
46707;2387;1201;1673;4095;3867
46747;2387;1201;1673;4095;3867
46787;2387;1200;1673;4095;3863
46817;2387;1200;1673;4095;3861
46857;2387;1200;1673;4095;3859
46897;2387;1201;1673;4095;3859
46937;2386;1201;1673;4095;3860
46967;2386;1201;1673;4095;3859
47007;2385;1200;1673;4095;3858
47047;2385;1200;1672;4095;3861
47087;2385;1201;1672;4095;3856
47117;2386;1201;1673;4095;3862
47157;2386;1201;1673;4095;3859
47197;2386;1201;1673;4095;3861
47237;2386;1201;1673;4095;3861
47267;2385;1200;1673;4095;3866
47307;2385;1200;1673;4095;3871
47347;2385;1200;1673;4095;3863
47387;2385;1200;1673;4095;3864
47417;2386;1201;1673;4095;3864
47457;2387;1201;1673;4095;3856
47497;2387;1201;1673;4095;3857
47537;2386;1201;1673;4095;3852
47567;2386;1201;1672;4095;3848
47607;2386;1201;1672;4095;3848
47647;2386;1200;1673;4095;3844
47687;2386;1200;1673;4095;3846
47717;2386;1201;1673;4095;3845
47757;2387;1201;1672;4095;3845
47797;2387;1201;1672;4095;3848
47837;2387;1201;1672;4095;3847
47867;2387;1201;1672;4095;3847
47907;2387;1201;1672;4095;3848
47947;2387;1201;1672;4095;3848
47987;2386;1201;1672;4095;3848
48017;2386;1201;1673;4095;3848
48057;2386;1201;1673;4095;3848
48097;2386;1201;1673;4095;3851
48137;2386;1200;1673;4095;3851
48167;2386;1201;1673;4095;3854
48207;2386;1200;1673;4095;3875
48247;2386;1200;1673;4095;3871
48287;2386;1200;1672;4095;3885
48307;2386;1200;1672;4095;3886
48357;2386;1200;1672;4095;3864
48397;2387;1200;1672;4095;3864
48437;2387;1201;1672;4095;3856
48467;2387;1201;1672;4095;3851
48507;2387;1201;1672;4095;3853
48547;2387;1201;1672;4095;3851
48587;2387;1201;1672;4095;3852
48617;2387;1201;1673;4095;3856
48657;2387;1201;1673;4095;3851
48697;2386;1201;1673;4095;3854
48737;2386;1201;1673;4095;3853
48767;2386;1201;1673;4095;3842
48807;2386;1201;1672;4095;3837
48847;2386;1201;1672;4095;3838
48887;2386;1201;1672;4095;3834
48917;2386;1201;1673;4095;3830
48957;2386;1201;1673;4095;3828
48997;2387;1201;1673;4095;3811
49037;2387;1201;1673;4095;3812
49067;2387;1201;1673;4095;3816
49107;2386;1201;1673;4095;3808
49147;2386;1201;1673;4095;3811
49187;2386;1201;1673;4095;3807
49217;2387;1201;1673;4095;3804
49257;2386;1201;1673;4095;3805
49297;2386;1201;1673;4095;3804
49337;2386;1201;1673;4095;3805
49367;2386;1201;1673;4095;3812
49407;2386;1201;1673;4095;3818
49447;2386;1201;1673;4095;3818
49487;2386;1201;1673;4095;3817
49517;2386;1201;1673;4095;3819
49557;2386;1201;1673;4095;3823
49597;2386;1201;1673;4095;3822
49637;2386;1201;1673;4095;3826
49667;2386;1201;1673;4095;3825
49707;2386;1201;1672;4095;3832
49747;2386;1201;1672;4095;3837
49787;2386;1201;1672;4095;3864
49817;2386;1201;1673;4095;3871
49857;2387;1201;1672;4095;3878
49897;2387;1201;1672;4095;3890
49937;2387;1201;1673;4095;3893
49967;2387;1201;1673;4095;3912
50007;2387;1201;1673;4095;3909
50047;2386;1201;1673;4095;3931
50087;2387;1201;1673;4095;3944
50117;2387;1201;1673;4095;3932
50157;2387;1201;1673;4095;3929
50197;2387;1201;1673;4095;3941
50237;2387;1201;1673;4095;3917
50267;2387;1201;1673;4095;3925
50307;2387;1201;1673;4095;3928
50347;2387;1201;1673;4095;3923
50387;2387;1201;1672;4095;3922
50417;2387;1201;1672;4095;3905
50457;2387;1201;1672;4095;3880
50497;2387;1201;1673;4095;3877
50537;2387;1201;1673;4095;3854
50567;2387;1201;1673;4095;3850
50607;2387;1201;1673;4095;3854
50647;2387;1201;1673;4095;3857
50687;2387;1201;1673;4095;3865
50717;2387;1201;1673;4095;3873
50757;2386;1201;1673;4095;3872
50797;2387;1201;1673;4095;3873
50837;2387;1201;1673;4095;3865
50867;2387;1201;1673;4095;3866
50907;2387;1201;1673;4095;3864
50947;2387;1201;1673;4095;3860
50987;2386;1201;1673;4095;3871
51017;2387;1201;1673;4095;3887
51057;2387;1201;1673;4095;3903
51097;2388;1201;1673;4095;3938
51137;2387;1201;1673;4095;3927
51167;2387;1201;1673;4095;3922
51207;2387;1201;1673;4095;3945
51247;2386;1201;1673;4095;3953
51287;2387;1201;1673;4095;3947
51317;2387;1201;1673;4095;3961
51357;2387;1201;1673;4095;3957
51397;2388;1202;1673;4095;3935
51437;2388;1202;1673;4095;3916
51467;2387;1202;1673;4095;3901
51507;2386;1202;1673;4095;3901
51547;2386;1202;1672;4095;3891
51587;2386;1202;1673;4095;3881
51617;2386;1202;1673;4095;3872
51657;2386;1202;1673;4095;3845
51697;2386;1202;1673;4095;3846
51737;2387;1202;1673;4095;3835
51767;2387;1202;1673;4095;3837
51807;2386;1202;1673;4095;3843
51847;2385;1202;1673;4095;3839
51887;2386;1201;1673;4095;3845
51917;2386;1201;1673;4095;3844
51957;2386;1201;1673;4095;3842
51997;2386;1201;1673;4095;3849
52037;2387;1202;1673;4095;3850
52067;2387;1202;1673;4095;3863
52107;2387;1202;1673;4095;3863
52147;2387;1202;1673;4095;3862
52187;2386;1202;1673;4095;3869
52217;2386;1202;1673;4095;3876
52257;2386;1202;1673;4095;3891
52297;2386;1202;1673;4095;3892
52337;2386;1202;1673;4095;3890
52367;2385;1202;1673;4095;3896
52407;2386;1202;1672;4095;3894
52447;2386;1202;1672;4095;3888
52487;2386;1202;1672;4095;3892
52517;2386;1202;1672;4095;3875
52557;2386;1202;1672;4095;3871
52597;2386;1202;1673;4095;3869
52637;2386;1202;1673;4095;3864
52667;2386;1202;1673;4095;3863
52707;2386;1202;1672;4095;3862
52747;2386;1202;1672;4095;3861
52787;2386;1202;1672;4095;3861
52817;2386;1202;1672;4095;3848
52857;2386;1202;1673;4095;3840
52897;2386;1202;1673;4095;3833
52937;2386;1202;1673;4095;3828
52967;2386;1202;1672;4095;3827
53007;2387;1202;1672;4095;3825
53047;2387;1202;1672;4095;3815
53087;2386;1202;1672;4095;3813
53117;2386;1202;1672;4095;3816
53157;2386;1202;1673;4095;3813
53197;2386;1202;1673;4095;3817
53237;2386;1202;1673;4095;3825
53267;2386;1202;1673;4095;3825
53307;2386;1202;1672;4095;3826
53347;2386;1201;1673;4095;3833
53387;2386;1201;1673;4095;3837
53417;2386;1201;1673;4095;3852
53457;2386;1201;1673;4095;3858
53497;2387;1202;1673;4095;3868
53537;2386;1202;1673;4095;3887
53567;2385;1202;1673;4095;3897
53607;2386;1202;1673;4095;3913
53647;2386;1202;1673;4095;3901
53687;2386;1201;1673;4095;3904
53717;2386;1201;1673;4095;3899
53757;2386;1202;1673;4095;3896
53797;2387;1202;1673;4095;3899
53837;2387;1202;1673;4095;3897
53867;2386;1202;1673;4095;3898
53907;2386;1202;1673;4095;3901
53947;2386;1202;1673;4095;3893
53987;2386;1202;1673;4095;3893
54017;2386;1202;1673;4095;3893
54057;2386;1202;1673;4095;3882
54097;2386;1202;1673;4095;3881
54137;2386;1202;1673;4095;3869
54167;2386;1202;1673;4095;3865
54207;2385;1202;1673;4095;3862
54247;2386;1202;1673;4095;3861
54287;2386;1202;1673;4095;3840
54317;2386;1202;1673;4095;3845
54357;2386;1202;1673;4095;3846
54397;2386;1202;1673;4095;3847
54437;2386;1202;1673;4095;3847
54467;2385;1202;1673;4095;3848
54507;2386;1202;1673;4095;3835
54547;2386;1202;1673;4095;3843
54587;2386;1202;1673;4095;3838
54617;2386;1202;1673;4095;3836
54657;2387;1202;1673;4095;3838
54697;2386;1202;1673;4095;3831
54737;2386;1202;1673;4095;3832
54767;2386;1202;1673;4095;3834
54807;2385;1202;1673;4095;3826
54847;2385;1202;1673;4095;3822
54887;2386;1202;1673;4095;3821
54917;2386;1202;1673;4095;3815
54957;2386;1202;1673;4095;3813
54997;2386;1202;1673;4095;3810
55037;2386;1202;1673;4095;3812
55067;2386;1202;1673;4095;3812
55107;2385;1202;1673;4095;3809
55147;2384;1202;1673;4095;3808
55187;2384;1202;1673;4095;3806
55217;2384;1202;1672;4095;3805
55257;2384;1202;1672;4095;3805
55297;2384;1202;1673;4095;3805
55337;2384;1202;1673;4095;3803
55367;2385;1202;1673;4095;3803
55407;2385;1202;1673;4095;3807
55447;2385;1202;1673;4095;3823
55487;2385;1202;1673;4095;3837
55517;2385;1202;1673;4095;3843
55557;2385;1202;1673;4095;3842
55597;2385;1202;1673;4095;3836
55637;2385;1202;1673;4095;3830
55667;2385;1202;1673;4095;3827
55707;2385;1202;1673;4095;3829
55747;2385;1202;1673;4095;3834
55787;2385;1202;1673;4095;3833
55817;2385;1202;1673;4095;3848
55857;2385;1202;1673;4095;3869
55897;2385;1202;1673;4095;3893
55937;2384;1202;1673;4095;3895
55967;2384;1202;1673;4095;3891
56007;2384;1202;1673;4095;3906
56047;2384;1202;1673;4095;3922
56087;2384;1201;1672;4095;3934
56117;2384;1201;1673;4095;3958
56157;2388;1202;1673;4095;4066
56197;2389;1203;1673;4095;4092
56237;2389;1204;1673;4095;4077
56267;2388;1205;1673;4095;4032
56307;2387;1205;1673;4095;3999
56347;2387;1205;1673;4095;3990
56387;2387;1205;1673;4095;3977
56417;2387;1205;1673;4095;3979
56457;2387;1205;1673;4095;3977
56497;2387;1205;1673;4095;3972
56537;2387;1205;1673;4095;3965
56567;2388;1205;1673;4095;3954
56607;2388;1205;1673;4095;3951
56647;2387;1205;1673;4095;3942
56687;2387;1205;1673;4095;3919
56717;2387;1205;1673;4095;3901
56757;2387;1205;1673;4095;3883
56797;2387;1205;1673;4095;3854
56837;2387;1205;1673;4095;3847
56867;2387;1205;1673;4095;3826
56907;2386;1205;1673;4095;3796
56947;2386;1205;1673;4095;3798
56987;2385;1205;1673;4095;3799
57017;2385;1205;1673;4095;3796
57057;2386;1205;1673;4095;3799
57097;2386;1205;1673;4095;3799
57137;2385;1205;1673;4095;3802
57167;2385;1205;1673;4095;3808
57207;2385;1205;1673;4095;3808
57247;2386;1205;1673;4095;3806
57287;2386;1205;1673;4095;3814
57317;2386;1205;1672;4095;3815
57357;2386;1205;1672;4095;3809
57397;2386;1205;1672;4095;3818
57437;2386;1205;1672;4095;3820
57467;2386;1205;1673;4095;3817
57507;2385;1205;1673;4095;3816
57547;2386;1205;1673;4095;3814
57587;2385;1205;1673;4095;3814
57617;2385;1205;1673;4095;3815
57657;2385;1205;1673;4095;3817
57697;2385;1205;1673;4095;3816
57737;2385;1205;1673;4095;3813
57767;2385;1205;1673;4095;3809
57807;2385;1206;1673;4095;3815
57847;2385;1206;1673;4095;3815
57887;2385;1206;1673;4095;3810
57917;2385;1206;1673;4095;3811
57957;2384;1206;1673;4095;3811
57997;2384;1206;1673;4095;3811
58037;2384;1206;1673;4095;3816
58067;2385;1206;1673;4095;3813
58107;2385;1206;1673;4095;3815
58147;2385;1206;1673;4095;3814
58187;2385;1206;1673;4095;3814
58217;2385;1206;1673;4095;3813
58257;2386;1206;1673;4095;3811
58297;2385;1206;1673;4095;3814
58337;2385;1206;1673;4095;3810
58367;2386;1206;1672;4095;3808
58407;2386;1206;1673;4095;3811
58447;2386;1206;1672;4095;3812
58487;2386;1206;1673;4095;3811
58517;2386;1206;1673;4095;3807
58557;2386;1205;1673;4095;3806
58597;2385;1205;1673;4095;3805
58667;2385;1206;1673;4095;3805
58707;2386;1206;1673;4095;3805
58747;2387;1206;1673;4095;3807
58787;2386;1206;1673;4095;3810
58817;2386;1206;1673;4095;3814
58857;2386;1205;1673;4095;3824
58897;2386;1205;1673;4095;3826
58967;2386;1205;1673;4095;3828
59007;2386;1205;1673;4095;3826
59047;2386;1205;1673;4095;3829
59087;2386;1206;1672;4095;3834
59117;2385;1206;1672;4095;3839
59157;2385;1205;1672;4095;3841
59197;2386;1205;1672;4095;3846
59237;2385;1205;1672;4095;3846
59267;2385;1205;1672;4095;3849
59307;2386;1205;1672;4095;3847
59347;2387;1205;1672;4095;3850
59387;2387;1205;1673;4095;3852
59417;2387;1206;1673;4095;3864
59457;2387;1206;1673;4095;3873
59497;2387;1206;1673;4095;3875
59537;2387;1206;1673;4095;3872
59567;2387;1206;1673;4095;3869
59607;2387;1206;1673;4095;3867
59647;2388;1206;1673;4095;3864
59687;2388;1206;1673;4095;3865
59717;2388;1206;1673;4095;3869
59757;2388;1206;1673;4095;3867
59797;2389;1205;1672;4095;3859
59837;2388;1205;1672;4095;3862
59867;2388;1205;1672;4095;3868
59907;2388;1205;1672;4095;3869
59947;2388;1205;1672;4095;3869
59987;2388;1205;1673;4095;3871
60017;2387;1205;1673;4095;3871
60057;2387;1205;1673;4095;3872
60097;2388;1205;1672;4095;3872
60137;2387;1205;1672;4095;3869
60167;2387;1205;1673;4095;3871
60207;2387;1206;1673;4095;3876
60247;2387;1206;1673;4095;3876
60287;2387;1206;1673;4095;3872
60317;2388;1206;1673;4095;3870
60357;2387;1206;1673;4095;3868
60397;2387;1206;1673;4095;3868
60437;2388;1206;1673;4095;3864
60467;2388;1206;1673;4095;3856
60507;2388;1206;1673;4095;3843
60547;2388;1206;1673;4095;3830
60587;2388;1206;1673;4095;3826
60617;2387;1206;1673;4095;3826
60657;2387;1206;1673;4095;3818
60697;2387;1206;1672;4095;3816
60737;2387;1206;1672;4095;3813
60767;2387;1206;1673;4095;3808
60807;2387;1206;1673;4095;3804
60847;2388;1206;1673;4095;3804
60887;2387;1206;1673;4095;3801
60917;2387;1206;1673;4095;3801
60957;2387;1206;1673;4095;3802
60997;2387;1206;1673;4095;3802
61037;2387;1206;1673;4095;3801
61067;2387;1206;1673;4095;3800
61107;2387;1206;1673;4095;3799
61147;2387;1206;1673;4095;3799
61187;2387;1206;1673;4095;3800
61217;2387;1206;1673;4095;3802
61257;2387;1206;1672;4095;3804
61297;2387;1206;1672;4095;3803
61337;2387;1206;1672;4095;3805
61367;2387;1206;1673;4095;3803
61407;2387;1206;1673;4095;3807
61447;2387;1206;1673;4095;3811
61487;2387;1206;1673;4095;3814
61517;2387;1206;1673;4095;3812
61557;2387;1206;1673;4095;3813
61597;2387;1206;1672;4095;3822
61637;2387;1206;1672;4095;3822
61667;2387;1206;1672;4095;3828
61707;2387;1206;1673;4095;3826
61747;2387;1205;1673;4095;3840
61787;2387;1205;1673;4095;3844
61817;2387;1205;1673;4095;3847
61857;2387;1205;1673;4095;3851
61897;2387;1205;1673;4095;3850
61937;2386;1205;1673;4095;3857
61967;2386;1205;1673;4095;3859
62007;2386;1205;1673;4095;3873
62047;2386;1206;1673;4095;3881
62087;2386;1206;1673;4095;3884
62117;2387;1206;1673;4095;3897
62157;2386;1206;1673;4095;3907
62197;2386;1206;1673;4095;3909
62237;2386;1206;1673;4095;3914
62267;2386;1206;1672;4095;3911
62307;2386;1206;1672;4095;3918
62347;2386;1206;1672;4095;3925
62387;2386;1206;1673;4095;3923
62417;2386;1206;1673;4095;3922
62457;2386;1206;1673;4095;3925
62497;2386;1206;1673;4095;3922
62537;2386;1206;1673;4095;3922
62567;2385;1206;1673;4095;3917
62607;2385;1206;1673;4095;3915
62647;2386;1206;1673;4095;3916
62687;2386;1206;1673;4095;3921
62717;2385;1206;1673;4095;3926
62757;2385;1206;1673;4095;3927
62797;2385;1206;1673;4095;3940
62837;2385;1206;1673;4095;3937
62867;2386;1206;1673;4095;3942
62907;2387;1206;1673;4095;3946
62947;2387;1206;1673;4095;3941
62987;2387;1206;1673;4095;3944
63017;2386;1206;1672;4095;3941
63057;2386;1206;1672;4095;3933
63097;2386;1206;1672;4095;3926
63137;2386;1206;1673;4095;3909
63167;2386;1206;1673;4095;3906
63207;2386;1206;1673;4095;3893
63247;2386;1206;1673;4095;3864
63287;2387;1206;1673;4095;3855
63317;2387;1205;1673;4095;3851
63357;2387;1205;1673;4095;3853
63397;2386;1206;1673;4095;3858
63437;2386;1206;1673;4095;3858
63467;2387;1206;1673;4095;3854
63507;2386;1206;1673;4095;3861
63547;2386;1206;1673;4095;3856
63587;2386;1206;1673;4095;3851
63617;2386;1206;1672;4095;3852
63657;2386;1206;1672;4095;3846
63697;2386;1206;1672;4095;3850
63737;2386;1206;1672;4095;3855
63767;2386;1206;1673;4095;3857
63807;2386;1206;1673;4095;3869
63847;2386;1206;1673;4095;3885
63887;2386;1206;1673;4095;3884
63917;2386;1206;1673;4095;3883
63957;2385;1206;1673;4095;3880
63997;2386;1206;1672;4095;3862
64037;2386;1206;1672;4095;3862
64067;2386;1206;1672;4095;3859
64107;2386;1206;1672;4095;3857
64147;2386;1206;1673;4095;3851
64187;2386;1206;1673;4095;3839
64217;2385;1206;1673;4095;3841
64257;2385;1206;1673;4095;3838
64297;2385;1206;1673;4095;3834
64337;2386;1206;1673;4095;3835
64367;2386;1206;1673;4095;3834
64407;2386;1206;1673;4095;3819
64447;2386;1206;1673;4095;3819
64487;2387;1206;1672;4095;3810
64517;2386;1206;1672;4095;3804
64557;2386;1206;1672;4095;3809
64597;2386;1206;1672;4095;3801
64637;2386;1206;1672;4095;3804
64667;2386;1206;1672;4095;3808
64707;2386;1206;1673;4095;3809
64747;2386;1206;1673;4095;3813
64787;2386;1206;1673;4095;3813
64817;2385;1206;1673;4095;3815
64857;2385;1206;1673;4095;3816
64897;2386;1206;1673;4095;3821
64937;2386;1206;1673;4095;3826
64967;2386;1206;1673;4095;3830
65007;2386;1206;1673;4095;3904
65047;2386;1206;1673;4095;3950
65087;2386;1206;1674;4095;4025
65117;2386;1206;1674;4095;4086
65157;2388;1207;1673;4095;4095
65197;2389;1207;1673;4095;4095
65237;2389;1204;1673;4095;4095
65267;2390;1205;1673;4095;4095
65307;2389;1205;1673;4095;4095
65347;2389;1205;1673;4095;4095
65387;2388;1206;1673;4095;4095
65417;2388;1205;1673;4095;4095
65457;2388;1205;1673;4095;4095
65497;2387;1205;1673;4095;4095
1;2387;1206;1673;4095;4095
31;2387;1206;1673;4095;4095
71;2387;1206;1673;4095;4095
111;2387;1206;1673;4095;4095
151;2387;1206;1673;4095;4095
181;2387;1206;1673;4095;4095
221;2387;1206;1673;4095;4095
261;2387;1206;1673;4095;4095
301;2387;1206;1673;4095;4095
331;2387;1206;1673;4095;4095
371;2387;1207;1673;4095;4095
411;2387;1207;1673;4095;4095
451;2387;1207;1673;4095;4095
481;2386;1207;1673;4095;4095
521;2386;1207;1673;4095;4095
561;2386;1207;1673;4095;4095
601;2386;1207;1673;4095;4095
631;2387;1207;1673;4095;4095
671;2387;1207;1673;4095;4095
711;2387;1207;1673;4095;4095
751;2387;1207;1673;4095;4095
781;2386;1207;1673;4095;4095
821;2386;1207;1673;4095;4095
861;2386;1207;1674;4095;4095
901;2386;1207;1673;4095;4095
931;2387;1208;1673;4095;4095
971;2387;1208;1672;4095;4095
1011;2387;1208;1672;4095;4095
1051;2386;1208;1672;4095;4095
1081;2386;1207;1672;4095;4095
1121;2386;1208;1672;4095;4095
1161;2386;1208;1672;4095;4095
1201;2386;1208;1672;4095;4095
1231;2386;1208;1673;4095;4094
1271;2386;1209;1673;4095;4092
1311;2386;1209;1673;4095;4093
1351;2386;1209;1673;4095;4092
1381;2386;1209;1673;4095;4094
1421;2386;1209;1673;4095;4093
1461;2386;1209;1673;4095;4094
1501;2385;1209;1673;4095;4094
1531;2385;1210;1673;4095;4093
1571;2385;1210;1673;4095;4081
1611;2386;1210;1673;4095;4062
1651;2388;1209;1673;4095;4023
1681;2388;1208;1673;4095;4009
1721;2388;1208;1673;4095;3990
1761;2388;1208;1673;4095;3979
1801;2388;1208;1673;4095;3982
1831;2389;1208;1674;4095;3990
1871;2388;1208;1674;4095;4004
1911;2388;1208;1673;4095;4006
1931;2387;1208;1674;4095;4005
1981;2388;1208;1673;4095;4003
2021;2388;1208;1673;4095;3994
2071;2388;1208;1673;4095;3963
2111;2388;1209;1673;4095;3925
2191;2388;1208;1673;4095;3877
2231;2388;1208;1673;4095;3862
2311;2388;1208;1673;4095;3850
2351;2388;1208;1673;4095;3820
2391;2387;1208;1673;4095;3814
2431;2386;1208;1673;4095;3806
2471;2387;1207;1673;4095;3785
2511;2386;1207;1673;4095;3787
2551;2386;1206;1672;4095;3750
2581;2387;1206;1672;4095;3737
2621;2386;1206;1671;4095;3730
2661;2385;1206;1671;4095;3732
2701;2384;1206;1671;4095;3731
2731;2385;1206;1671;4095;3723
2771;2385;1206;1671;4095;3704
2811;2385;1207;1671;4095;3707
2851;2384;1207;1671;4095;3709
2881;2384;1206;1670;4095;3699
2921;2389;1205;1670;4095;3668
2961;2392;1204;1670;4095;3655
3001;2391;1203;1669;4095;3650
3031;2392;1203;1670;4095;3645
3071;2391;1202;1670;4095;3654
3111;2391;1202;1670;4095;3646
3151;2391;1202;1670;4095;3656
3181;2390;1202;1671;4095;3672
3221;2390;1202;1670;4095;3689
3261;2390;1202;1670;4095;3693
3301;2390;1202;1670;4095;3725
3331;2391;1203;1670;4095;3727
3371;2391;1203;1670;4095;3757
3411;2390;1203;1670;4095;3787
3451;2390;1204;1671;4095;3820
3481;2390;1204;1671;4095;3836
3521;2390;1205;1671;4095;3840
3561;2389;1206;1671;4095;3840
3601;2389;1206;1670;4095;3835
3631;2389;1206;1671;4095;3835
3671;2389;1207;1672;4095;3823
3711;2389;1207;1672;4095;3795
3751;2389;1207;1672;4095;3779
3781;2389;1207;1672;4095;3773
3821;2389;1207;1672;4095;3751
3861;2388;1206;1672;4095;3703
3901;2388;1205;1672;4095;3715
3931;2388;1205;1676;4095;3710
3971;2387;1204;1680;4095;3693
4011;2387;1203;1682;4095;3701
4051;2387;1203;1683;4095;3716
4081;2386;1203;1683;4095;3721
4121;2386;1203;1683;4095;3739
4161;2387;1203;1683;4095;3727
4201;2387;1203;1683;4095;3728
4231;2387;1204;1683;4095;3732
4271;2387;1204;1684;4095;3732
4311;2387;1204;1684;4095;3737
4351;2387;1204;1684;4095;3745
4381;2387;1204;1684;4095;3747
4421;2386;1204;1684;4095;3752
4461;2387;1203;1684;4095;3774
4501;2387;1203;1684;4095;3757
4531;2387;1204;1684;4095;3765
4571;2388;1204;1684;4095;3765
4611;2388;1204;1684;4095;3765
4651;2388;1204;1684;4095;3766
4681;2388;1204;1684;4095;3776
4721;2387;1204;1684;4095;3779
4761;2386;1204;1684;4095;3783
4801;2386;1204;1684;4095;3792
4831;2387;1204;1684;4095;3790
4871;2387;1204;1684;4095;3791
4911;2387;1204;1684;4095;3794
4951;2387;1204;1684;4095;3785
4981;2387;1204;1684;4095;3781
5021;2387;1204;1684;4095;3782
5061;2386;1204;1684;4095;3784
5101;2386;1204;1684;4095;3787
5131;2387;1204;1684;4095;3787
5171;2387;1204;1684;4095;3782
5211;2387;1204;1684;4095;3783
5251;2387;1204;1684;4095;3786
5281;2387;1204;1684;4095;3791
5321;2387;1204;1684;4095;3801
5361;2386;1204;1684;4095;3806
5401;2386;1203;1684;4095;3805
5431;2386;1203;1684;4095;3801
5471;2386;1203;1684;4095;3802
5511;2386;1203;1684;4095;3802
5551;2385;1203;1684;4095;3803
5581;2385;1202;1684;4095;3806
5621;2385;1203;1684;4095;3811
5661;2385;1203;1684;4095;3814
5701;2385;1204;1684;4095;3817
5731;2385;1204;1684;4095;3813
5771;2385;1204;1684;4095;3817
5811;2384;1204;1684;4095;3796
5821;2384;1204;1684;4095;3787
5861;2384;1204;1684;4095;3783
5941;2384;1204;1684;4095;3791
5981;2385;1204;1684;4095;3798
6021;2385;1204;1685;4095;3802
6061;2385;1204;1684;4095;3797
6101;2385;1204;1684;4095;3785
6141;2385;1204;1684;4095;3789
6181;2385;1203;1684;4095;3767
6221;2385;1204;1685;4095;3762
6261;2385;1204;1685;4095;3763
6301;2384;1204;1685;4095;3759
6331;2384;1205;1685;4095;3754
6371;2384;1205;1684;4095;3756
6411;2384;1205;1684;4095;3752
6451;2385;1205;1684;4095;3758
6481;2385;1205;1684;4095;3760
6521;2384;1204;1684;4095;3765
6561;2385;1204;1684;4095;3768
6601;2385;1204;1684;4095;3780
6631;2385;1203;1684;4095;3782
6671;2385;1204;1684;4095;3784
6711;2385;1204;1684;4095;3806
6751;2386;1204;1684;4095;3818
6781;2386;1203;1684;4095;3813
6821;2386;1203;1684;4095;3825
6861;2385;1204;1684;4095;3838
6901;2386;1204;1684;4095;3845
6931;2385;1204;1684;4095;3847
6971;2385;1204;1684;4095;3851
7011;2385;1204;1684;4095;3851
7051;2385;1204;1684;4095;3854
7081;2384;1204;1684;4095;3863
7121;2383;1203;1684;4095;3864
7161;2384;1203;1684;4095;3869
7201;2384;1203;1684;4095;3874
7231;2384;1203;1684;4095;3873
7271;2384;1204;1685;4095;3875
7311;2383;1204;1685;4095;3868
7351;2383;1204;1685;4095;3875
7381;2382;1204;1685;4095;3871
7421;2381;1204;1685;4095;3861
7461;2382;1204;1685;4095;3830
7501;2381;1204;1685;4095;3782
7531;2382;1204;1685;4095;3755
7571;2382;1204;1685;4095;3729
7611;2382;1203;1685;4095;3724
7651;2382;1203;1685;4095;3721
7681;2382;1203;1685;4095;3733
7721;2383;1203;1685;4095;3741
7761;2382;1203;1685;4095;3739
7801;2382;1204;1685;4095;3735
7831;2382;1204;1685;4095;3753
7871;2382;1204;1685;4095;3778
7911;2382;1204;1685;4095;3791
7951;2382;1204;1685;4095;3825
7981;2382;1204;1685;4095;3828
8021;2382;1204;1685;4095;3862
8061;2383;1204;1685;4095;3890
8101;2384;1205;1685;4095;3902
8131;2384;1205;1685;4095;3897
8171;2383;1206;1685;4095;3896
8211;2383;1206;1685;4095;3904
8251;2383;1206;1685;4095;3902
8281;2382;1206;1685;4095;3902
8321;2382;1206;1685;4095;3907
8361;2382;1206;1685;4095;3919
8401;2384;1207;1685;4095;3951
8431;2385;1207;1685;4095;3967
8471;2386;1207;1685;4095;3985
8511;2386;1207;1686;4095;4013
8551;2386;1207;1686;4095;4027
8581;2386;1206;1686;4095;4034
8621;2386;1206;1686;4095;4043
8661;2385;1206;1686;4095;4045
8701;2385;1206;1686;4095;4048
8731;2385;1207;1686;4095;4048
8771;2385;1207;1686;4095;4032
8811;2385;1207;1686;4095;4032
8851;2385;1207;1686;4095;4028
8881;2385;1208;1686;4095;4033
8921;2385;1208;1686;4095;4032
8961;2385;1208;1685;4095;4031
9001;2385;1208;1685;4095;4030
9031;2385;1208;1685;4095;4023
9071;2385;1208;1686;4095;4002
9111;2385;1208;1686;4095;3987
9151;2385;1208;1686;4095;3974
9181;2385;1208;1686;4095;3967
9221;2385;1208;1686;4095;3949
9261;2385;1208;1685;4095;3930
9301;2385;1208;1685;4095;3925
9331;2385;1208;1686;4095;3916
9371;2385;1208;1686;4095;3890
9411;2385;1207;1686;4095;3874
9451;2384;1207;1685;4095;3823
9481;2384;1207;1685;4095;3827
9521;2384;1207;1685;4095;3812
9561;2384;1207;1685;4095;3807
9601;2385;1207;1685;4095;3812
9631;2385;1207;1685;4095;3809
9671;2385;1207;1685;4095;3816
9711;2385;1207;1685;4095;3814
9751;2385;1207;1685;4095;3822
9781;2385;1207;1685;4095;3835
9821;2385;1207;1685;4095;3843
9861;2385;1207;1685;4095;3844
9901;2385;1207;1685;4095;3847
9931;2385;1207;1685;4095;3846
9971;2385;1207;1685;4095;3849
10011;2386;1207;1685;4095;3845
10051;2386;1207;1685;4095;3858
10081;2386;1207;1685;4095;3861
10121;2386;1207;1686;4095;3848
10161;2386;1207;1686;4095;3842
10201;2386;1207;1685;4095;3840
10231;2386;1207;1685;4095;3845
10271;2386;1207;1685;4095;3847
10311;2386;1207;1685;4095;3831
10351;2385;1207;1685;4095;3819
10381;2384;1207;1685;4095;3816
10421;2384;1207;1685;4095;3803
10461;2385;1206;1685;4095;3808
10501;2384;1207;1685;4095;3800
10531;2384;1207;1685;4095;3793
10571;2384;1208;1686;4095;3797
10611;2384;1207;1685;4095;3796
10651;2384;1207;1685;4095;3592
10681;2384;1207;1685;4095;3593
10721;2384;1207;1686;4041;3538
10761;2384;1207;1686;3897;3439
10801;2384;1207;1685;3765;3384
10831;2384;1208;1685;3720;3359
10871;2384;1208;1685;3697;3444
10901;2384;1208;1685;3636;3485
10911;2384;1208;1686;3607;3517
10951;2384;1207;1686;3602;3634
10981;2385;1206;1686;3623;3683
11021;2385;1205;1686;3607;3700
11061;2385;1205;1686;3686;3705
11101;2385;1205;1686;3722;3700
11131;2385;1205;1686;3746;3714
11171;2386;1205;1686;3781;3720
11211;2386;1206;1686;3811;3721
11251;2386;1206;1686;3849;3700
11281;2386;1207;1686;3871;3685
11321;2386;1207;1686;3927;3650
11361;2386;1207;1686;3985;3607
11401;2386;1207;1686;4025;3573
11431;2386;1207;1686;4073;3539
11471;2386;1207;1686;4078;3528
11511;2386;1207;1686;4092;3490
11551;2386;1207;1686;4079;3494
11581;2386;1207;1686;4081;3490
11621;2386;1207;1686;4094;3501
11661;2386;1207;1686;4057;3515
11701;2386;1207;1686;4044;3566
11731;2386;1207;1687;4033;3595
11771;2386;1207;1687;3972;3612
11811;2387;1207;1687;3924;3683
11851;2387;1206;1686;3921;3726
11881;2387;1205;1686;3921;3783
11921;2388;1196;1686;3920;3893
11961;2389;1201;1686;3956;4023
12001;2388;1206;1686;4006;4078
12031;2387;1209;1686;4009;4095
12071;2387;1211;1686;4083;4095
12111;2388;1212;1686;4060;4069
12151;2389;1213;1686;4066;4064
12181;2389;1213;1686;4070;4060
12221;2389;1213;1686;4093;4023
12261;2389;1213;1686;4095;3971
12301;2388;1213;1687;4095;3914
12331;2387;1213;1687;4095;3910
12371;2388;1213;1687;4095;3896
12411;2388;1213;1686;4095;3880
12451;2388;1213;1686;4095;3878
12481;2388;1213;1686;4095;3873
12521;2388;1213;1686;4095;3847
12561;2388;1213;1686;4095;3858
12601;2388;1213;1686;4095;3857
12631;2388;1213;1686;4095;3843
12671;2387;1213;1686;4095;3826
12711;2387;1213;1686;4095;3822
12751;2387;1213;1686;4095;3823
12781;2387;1213;1687;4095;3827
12821;2388;1213;1687;4095;3928
12861;2388;1213;1686;4095;3996
12871;2387;1213;1686;4095;4007
12961;2389;1218;1686;4095;4095
13021;2388;1221;1686;4095;4095
13061;2389;1222;1686;4095;4095
13141;2388;1223;1686;4095;4095
13181;2388;1223;1686;4095;4095
13221;2388;1223;1687;4095;4095
13261;2388;1223;1687;4095;4095
13301;2388;1224;1688;4095;4095
13341;2387;1224;1689;4095;3868
13381;2387;1224;1689;4095;3762
13421;2388;1224;1689;4095;3735
13461;2388;1224;1689;4095;3728
13501;2388;1224;1689;4095;3710
13531;2388;1224;1689;4095;3695
13571;2388;1224;1689;4095;3702
13611;2388;1224;1689;4095;3691
13651;2388;1224;1688;4095;3671
13681;2388;1224;1689;4095;3658
13721;2387;1224;1689;4095;3614
13761;2387;1223;1689;4095;3546
13801;2387;1219;1689;4095;3463
13831;2387;1211;1690;4095;3386
13871;2391;1205;1690;4095;3299
13911;2396;1204;1689;4095;3244
13951;2395;1204;1689;4095;3272
13981;2394;1204;1690;4095;3304
14021;2395;1205;1690;4095;3391
14061;2396;1205;1690;4095;3472
14101;2395;1203;1690;4095;3572
14131;2393;1202;1690;4095;3634
14171;2391;1201;1690;4095;3728
14211;2389;1198;1690;4095;3766
14251;2389;1185;1690;4095;3829
14281;2389;1173;1690;4095;3857
14321;2389;1166;1690;4095;3816
14361;2388;1162;1690;4095;3752
14401;2388;1161;1690;4095;3694
14431;2388;1161;1690;4095;3669
14471;2388;1161;1690;4095;3664
14511;2388;1160;1690;4095;3711
14551;2388;1164;1690;4095;3779
14581;2388;1169;1690;4095;3887
14621;2389;1192;1691;4095;4088
14661;2391;1206;1693;4095;4095
14701;2391;1213;1694;4095;4095
14731;2392;1222;1695;4095;4095
14771;2393;1227;1697;4095;4095
14811;2395;1228;1698;4095;4095
14851;2397;1237;1699;4095;4095
14881;2399;1242;1700;4095;4095
14921;2400;1245;1701;4095;4095
14961;2400;1246;1701;4095;4095
15001;2400;1247;1701;4095;4095
15031;2400;1248;1701;4095;4095
15071;2399;1248;1701;4095;4091
15111;2399;1248;1701;4095;4063
15151;2399;1248;1701;4095;4068
15181;2399;1248;1702;4095;4079
15221;2399;1249;1702;4095;4095
15261;2399;1249;1702;4095;4095
15301;2398;1249;1702;4095;4095
15331;2398;1249;1702;4095;4095
15371;2398;1249;1702;4095;4095
15411;2398;1250;1701;4095;4095
15451;2398;1250;1701;4095;4095
15481;2398;1250;1701;4095;4095
15521;2398;1250;1702;4095;4095
15561;2398;1251;1702;4095;4095
15601;2398;1252;1702;4095;4037
15631;2398;1251;1702;4095;3947
15671;2399;1250;1702;4095;3930
15711;2398;1249;1702;4095;3883
15751;2398;1249;1702;4095;3867
15781;2399;1249;1702;4095;3866
15821;2398;1249;1702;4095;3863
15861;2398;1249;1702;4095;3859
15901;2398;1249;1702;4095;3870
15931;2397;1249;1702;4095;3871
15971;2397;1249;1702;4095;3875
16001;2397;1249;1702;4095;3879
16011;2396;1249;1702;4095;3880
16051;2396;1249;1702;4095;3876
16081;2397;1250;1702;4095;3880
16121;2397;1250;1702;4095;3880
16161;2397;1250;1702;4095;3888
16201;2397;1250;1702;4095;3903
16231;2396;1250;1702;4095;3901
16271;2395;1250;1703;4095;3914
16311;2396;1250;1702;4095;3925
16351;2396;1250;1702;4095;3919
16381;2397;1250;1702;4095;3925
16421;2397;1250;1702;4095;3927
16461;2397;1250;1702;4095;3908
16501;2396;1250;1702;4095;3905
16531;2396;1250;1702;4095;3906
16571;2396;1250;1702;4095;3897
16611;2396;1250;1702;4095;3901
16651;2396;1250;1702;4095;3903
16681;2397;1251;1702;4095;3898
16721;2397;1251;1702;4095;3892
16761;2397;1250;1702;4095;3891
16801;2396;1250;1702;4095;3881
16831;2395;1250;1702;4095;3878
16871;2395;1250;1702;4095;3875
16911;2395;1250;1702;4095;3873
16951;2395;1250;1702;4095;3866
16981;2395;1250;1702;4095;3865
17021;2395;1250;1702;4095;3859
17061;2395;1251;1702;4095;3860
17101;2395;1251;1702;4095;3874
17131;2395;1251;1702;4095;3892
17171;2395;1251;1702;4095;3986
17211;2395;1252;1702;4095;4095
17251;2395;1256;1702;4095;4095
17281;2396;1257;1702;4095;4095
17321;2397;1258;1702;4095;4095
17361;2397;1258;1702;4095;4095
17401;2397;1259;1702;4095;4095
17431;2398;1259;1702;4095;4095
17471;2400;1261;1702;4095;4095
17511;2402;1264;1701;4095;4095
17551;2401;1266;1701;4095;4095
17581;2402;1268;1701;4095;4095
17621;2401;1269;1701;4095;4095
17661;2401;1269;1701;4095;4095
17701;2401;1269;1701;4095;4095
17731;2401;1269;1701;4095;4095
17771;2401;1270;1702;4095;4095
17811;2401;1270;1702;4095;4095
17851;2401;1270;1702;4095;4095
17881;2401;1271;1702;4095;4095
17921;2402;1271;1702;4095;4095
17961;2402;1271;1703;4095;4095
18001;2402;1271;1703;4095;4095
18031;2401;1271;1702;4095;4095
18071;2401;1271;1703;4095;4095
18111;2401;1271;1703;4095;4095
18151;2401;1271;1703;4095;4095
18181;2401;1271;1702;4095;4095
18221;2401;1271;1702;4095;4095
18261;2401;1271;1702;4095;4095
18301;2401;1271;1702;4095;4095
18331;2401;1271;1702;4095;4095
18371;2401;1271;1702;4095;4095
18411;2401;1271;1702;4095;4095
18451;2401;1272;1702;4095;4095
18481;2401;1272;1702;4095;4095
18521;2401;1270;1702;4095;4095
18561;2401;1270;1702;4095;4095
18601;2401;1270;1702;4095;4095
18631;2401;1270;1702;4095;4095
18671;2401;1270;1702;4095;4095
18711;2400;1269;1702;4095;4095
18751;2400;1268;1702;4095;4095
18781;2400;1268;1703;4095;4095
18821;2401;1268;1703;4095;4095
18861;2401;1268;1703;4095;4095
18901;2400;1268;1703;4095;4095
18931;2400;1268;1703;4095;4095
18971;2400;1268;1703;4095;4095
19011;2400;1268;1702;4095;4095
19051;2400;1268;1702;4095;4095
19081;2400;1268;1702;4095;4095
19121;2400;1267;1703;4095;4095
19161;2400;1268;1703;4095;4095
19201;2401;1267;1703;4095;4095
19231;2400;1267;1702;4095;4095
19271;2401;1266;1702;4095;4095
19311;2400;1261;1702;4095;4019
19351;2398;1255;1703;4095;3816
19381;2398;1250;1704;4095;3695
19421;2398;1241;1705;4095;3575
19461;2393;1235;1705;4095;3539
19501;2390;1233;1704;4095;3557
19531;2388;1232;1705;4095;3597
19571;2387;1232;1705;4095;3632
19611;2386;1232;1705;4095;3641
19651;2386;1232;1705;4095;3639
19681;2386;1232;1705;4095;3622
19721;2386;1231;1705;4095;3573
19761;2386;1229;1708;4095;3567
19801;2386;1227;1712;4095;3569
19831;2387;1226;1713;4095;3574
19871;2387;1226;1714;4095;3584
19911;2387;1226;1715;4095;3590
19951;2387;1226;1715;4095;3599
19981;2387;1226;1715;4095;3621
20021;2387;1226;1716;4095;3638
20061;2387;1227;1716;4095;3666
20101;2387;1227;1716;4095;3677
20131;2387;1228;1716;4095;3681
20171;2386;1228;1716;4095;3680
20211;2386;1228;1716;4095;3678
20251;2386;1228;1716;4095;3677
20281;2387;1228;1716;4095;3672
20321;2387;1228;1716;4095;3683
20361;2387;1228;1716;4095;3677
20401;2387;1228;1716;4095;3688
20431;2387;1228;1716;4095;3691
20471;2387;1228;1716;4095;3714
20511;2386;1228;1716;4095;3728
20551;2386;1229;1716;4095;3735
20581;2386;1229;1716;4095;3734
20621;2386;1230;1717;4095;3727
20661;2387;1229;1718;4095;3732
20701;2386;1229;1718;4095;3740
20731;2386;1229;1717;4095;3742
20771;2387;1228;1717;4095;3737
20811;2387;1229;1717;4095;3734
20851;2387;1230;1717;4095;3739
20881;2388;1230;1717;4095;3740
20921;2388;1230;1717;4095;3740
20961;2387;1230;1717;4095;3744
21001;2388;1230;1717;4095;3749
21031;2388;1230;1717;4095;3748
21071;2388;1230;1717;4095;3751
21111;2388;1230;1716;4095;3754
21151;2388;1230;1716;4095;3755
21221;2388;1230;1717;4095;3759
21261;2388;1230;1717;4095;3745
21301;2388;1230;1717;4095;3746
21331;2387;1230;1717;4095;3749
21371;2387;1230;1717;4095;3743
21411;2387;1230;1717;4095;3747
21451;2387;1230;1717;4095;3750
21481;2387;1230;1717;4095;3749
21521;2387;1230;1717;4095;3750
21561;2387;1230;1717;4095;3748
21601;2387;1230;1717;4095;3747
21631;2387;1230;1717;4095;3750
21671;2387;1230;1717;4095;3752
21711;2387;1230;1717;4095;3755
21751;2387;1230;1717;4095;3764
21781;2387;1230;1717;4095;3767
21821;2387;1230;1717;4095;3763
21861;2387;1230;1717;4095;3773
21901;2388;1231;1717;4095;3774
21931;2387;1231;1717;4095;3772
21971;2387;1232;1717;4095;3778
22011;2388;1232;1717;4095;3777
22051;2389;1232;1717;4095;3803
22081;2391;1233;1717;4095;3799
22121;2392;1234;1717;4095;3815
22161;2393;1235;1717;4095;3841
22201;2393;1235;1717;4095;3846
22231;2394;1235;1717;4095;3844
22271;2394;1235;1717;4095;3842
22311;2394;1235;1717;4095;3843
22351;2395;1235;1717;4095;3842
22381;2395;1235;1717;4095;3846
22421;2395;1235;1717;4095;3850
22441;2395;1235;1717;4095;3848
22461;2395;1235;1717;4095;3849
22501;2394;1236;1717;4095;3854
22531;2394;1236;1717;4095;3853
22571;2394;1235;1717;4095;3867
22611;2395;1235;1717;4095;3907
22651;2397;1235;1717;4095;3926
22681;2397;1236;1718;4095;3926
22721;2398;1238;1718;4095;3938
22761;2396;1239;1718;4095;3975
22801;2394;1239;1718;4095;3975
22831;2392;1239;1718;4095;3954
22871;2391;1239;1717;4095;3931
22911;2390;1240;1717;4095;3933
22951;2390;1240;1717;4095;3930
22981;2390;1241;1717;4095;3929
23021;2390;1241;1718;4095;3919
23061;2390;1241;1718;4095;3918
23101;2390;1241;1718;4095;3919
23131;2390;1241;1717;4095;3915
23171;2390;1241;1717;4095;3903
23211;2390;1241;1717;4095;3899
23251;2390;1241;1717;4095;3884
23281;2390;1241;1717;4095;3877
23321;2390;1241;1717;4095;3862
23361;2390;1242;1718;4095;3843
23401;2390;1242;1718;4095;3836
23431;2389;1241;1717;4095;3825
23471;2389;1241;1717;4095;3815
23511;2390;1241;1717;4095;3817
23551;2390;1241;1717;4095;3809
23581;2390;1241;1717;4095;3800
23621;2391;1241;1717;4095;3795
23661;2391;1241;1717;4095;3797
23701;2391;1241;1717;4095;3801
23731;2391;1241;1717;4095;3807
23771;2391;1241;1717;4095;3807
23811;2391;1241;1717;4095;3806
23851;2391;1240;1717;4095;3808
23881;2391;1240;1717;4095;3806
23921;2391;1241;1717;4095;3808
23961;2391;1241;1717;4095;3808
24001;2391;1241;1717;4095;3805
24031;2391;1240;1717;4095;3804
24071;2391;1241;1717;4095;3805
24111;2391;1241;1717;4095;3806
24151;2391;1241;1717;4095;3807
24181;2391;1241;1717;4095;3807
24221;2390;1241;1717;4095;3803
24261;2390;1241;1717;4095;3808
24301;2390;1241;1717;4095;3807
24331;2390;1241;1716;4095;3809
24371;2390;1240;1717;4095;3809
24411;2391;1240;1717;4095;3810
24451;2390;1240;1717;4095;3812
24481;2390;1240;1717;4095;3808
24521;2391;1241;1717;4095;3810
24561;2391;1241;1717;4095;3813
24601;2391;1241;1717;4095;3813
24631;2390;1241;1717;4095;3815
24671;2389;1241;1717;4095;3809
24711;2390;1241;1717;4095;3814
24751;2390;1241;1718;4095;3814
24781;2390;1241;1717;4095;3813
24821;2390;1241;1717;4095;3819
24861;2390;1241;1717;4095;3822
24901;2391;1241;1717;4095;3818
24931;2391;1241;1717;4095;3821
24971;2391;1241;1717;4095;3816
25011;2391;1241;1717;4095;3816
25051;2391;1241;1717;4095;3818
25081;2391;1241;1717;4095;3821
25121;2391;1241;1717;4095;3822
25161;2391;1241;1717;4095;3822
25201;2390;1241;1717;4095;3820
25231;2390;1241;1717;4095;3822
25271;2390;1241;1717;4095;3818
25311;2390;1241;1717;4095;3821
25351;2390;1241;1717;4095;3823
25381;2391;1241;1717;4095;3820
25421;2391;1241;1717;4095;3820
25461;2391;1241;1717;4095;3821
25501;2391;1241;1717;4095;3823
25531;2390;1241;1717;4095;3823
25571;2390;1241;1717;4095;3823
25621;2390;1241;1717;4095;3823
25651;2389;1241;1717;4095;3824
25691;2389;1241;1717;4095;3823
25721;2390;1241;1717;4095;3825
25761;2390;1241;1717;4095;3830
25801;2390;1241;1717;4095;3830
25831;2390;1241;1717;4095;3826
25871;2390;1241;1717;4095;3829
25911;2390;1241;1717;4095;3828
25951;2390;1241;1717;4095;3828
25981;2390;1241;1717;4095;3830
26021;2390;1241;1717;4095;3825
26061;2390;1241;1717;4095;3830
26101;2390;1241;1717;4095;3829
26131;2390;1241;1717;4095;3830
26171;2390;1241;1717;4095;3829
26211;2390;1241;1717;4095;3831
26251;2390;1241;1717;4095;3833
26281;2390;1241;1717;4095;3832
26321;2390;1241;1717;4095;3832
26361;2390;1241;1717;4095;3834
26401;2390;1241;1717;4095;3830
26431;2390;1241;1717;4095;3834
26471;2390;1241;1717;4095;3838
26511;2390;1241;1717;4095;3846
26551;2390;1241;1718;4095;3862
26581;2390;1241;1718;4095;3883
26621;2390;1241;1718;4095;3889
26661;2390;1241;1718;4095;3879
26701;2390;1241;1718;4095;3886
26731;2390;1241;1718;4095;3890
26771;2390;1241;1718;4095;3884
26811;2390;1241;1718;4095;3886
26851;2390;1241;1718;4095;3885
26881;2390;1241;1718;4095;3883
26921;2390;1241;1718;4095;3884
26961;2390;1241;1718;4095;3890
27001;2390;1241;1717;4095;3892
27031;2391;1241;1717;4095;3899
27071;2390;1240;1717;4095;3901
27111;2390;1241;1718;4095;3902
27151;2391;1241;1718;4095;3899
27181;2391;1241;1718;4095;3903
27221;2390;1241;1718;4095;3902
27261;2390;1241;1718;4095;3896
27301;2390;1241;1718;4095;3897
27331;2390;1241;1718;4095;3891
27361;2390;1241;1717;4095;3887
27371;2390;1241;1717;4095;3881
27411;2390;1241;1717;4095;3877
27451;2391;1242;1717;4095;3876
27481;2390;1242;1717;4095;3868
27521;2390;1242;1717;4095;3866
27541;2390;1242;1717;4095;3859
27561;2390;1241;1717;4095;3850
27601;2391;1241;1718;4095;3837
27631;2391;1241;1718;4095;3832
27671;2392;1241;1718;4095;3825
27701;2393;1241;1717;4095;3815
27711;2392;1241;1718;4095;3817
27751;2392;1241;1718;4095;3819
27781;2393;1241;1718;4095;3819
27821;2393;1242;1717;4095;3824
27861;2393;1242;1718;4095;3820
27901;2394;1242;1718;4095;3822
27931;2394;1242;1718;4095;3825
27971;2394;1242;1718;4095;3822
28011;2394;1242;1718;4095;3816
28051;2396;1242;1718;4095;3821
28081;2397;1242;1718;4095;3817
28121;2397;1242;1718;4095;3809
28161;2396;1242;1718;4095;3810
28201;2396;1242;1718;4095;3801
28231;2395;1242;1718;4095;3577
28271;2394;1242;1718;4095;3493
28311;2394;1242;1718;4095;3531
28351;2394;1242;1718;4095;3545
28381;2395;1241;1718;4095;3586
28421;2393;1241;1718;4095;3741
28461;2394;1245;1718;4044;3948
28501;2394;1249;1718;4095;4095
28531;2394;1251;1718;4095;4049
28571;2393;1253;1718;3994;4003
28611;2393;1254;1718;4048;3991
28651;2393;1254;1718;3977;3973
28681;2397;1261;1718;3820;3976
28721;2398;1269;1719;3857;4095
28761;2398;1274;1720;3841;4088
28801;2398;1277;1720;3811;4053
28831;2398;1278;1720;3831;3921
28871;2398;1279;1721;3684;3598
28911;2397;1280;1721;3763;3642
28951;2396;1280;1721;3829;3664
28981;2395;1280;1724;3785;3698
29021;2395;1280;1732;3847;3793
29061;2396;1280;1736;3741;3872
29101;2397;1280;1738;3922;4071
29131;2398;1280;1740;4003;4095
29171;2398;1280;1741;3930;4095
29211;2398;1280;1741;3993;4095
29251;2398;1280;1742;4055;4095
29281;2398;1280;1742;4095;4095
29321;2397;1280;1742;4095;4095
29361;2397;1280;1741;4095;4095
29401;2396;1280;1742;4095;4095
29441;2396;1280;1742;4095;4095
29511;2396;1278;1742;4095;4095
29551;2397;1276;1743;4095;4095
29581;2397;1274;1745;4095;4095
29621;2398;1274;1746;4095;4095
29661;2397;1274;1747;4095;4095
29701;2396;1274;1747;4095;4091
29731;2397;1274;1747;4095;4075
29771;2397;1274;1747;4095;4080
29811;2396;1275;1747;4095;4077
29851;2397;1275;1747;4095;4048
29881;2397;1275;1747;4095;4013
29921;2396;1275;1747;4095;3887
29961;2395;1275;1747;4095;3708
30001;2394;1275;1748;4004;3548
30031;2393;1275;1748;3898;3440
30071;2392;1275;1748;3875;3412
30111;2392;1274;1748;3861;3404
30151;2392;1273;1748;3864;3378
30181;2392;1273;1748;3854;3356
30221;2392;1273;1748;3847;3354
30261;2392;1272;1748;3826;3346
30301;2392;1271;1747;3637;3137
30331;2393;1272;1748;3637;3138
30371;2393;1271;1748;3631;3122
30411;2393;1272;1748;3634;3124
30451;2392;1273;1748;3640;3131
30481;2392;1273;1748;3626;3135
30521;2391;1273;1748;3624;3144
30561;2390;1273;1748;3630;3149
30601;2391;1273;1748;3632;3146
30631;2391;1273;1748;3636;3151
30671;2391;1273;1748;3641;3150
30711;2391;1273;1748;3641;3148
30751;2391;1273;1748;3646;3153
30781;2391;1273;1748;3655;3164
30821;2391;1273;1748;3609;3158
30861;2392;1273;1748;3412;2992
30901;2391;1273;1748;3355;3051
30931;2391;1273;1748;3278;3141
30971;2391;1273;1748;3239;3277
31011;2391;1278;1748;3260;3387
31051;2395;1293;1748;3217;3625
31081;2396;1306;1748;3247;3715
31121;2396;1318;1748;3298;3705
31161;2396;1325;1748;3296;3665
31201;2396;1329;1748;3319;3666
31231;2397;1331;1748;3344;3648
31261;2397;1337;1748;3352;3696
31271;2398;1344;1748;3363;3753
31311;2398;1359;1748;3463;3913
31351;2398;1366;1749;3500;3866
31381;2397;1370;1749;3519;3770
31421;2398;1372;1748;3534;3648
31461;2398;1371;1749;3560;3523
31501;2397;1370;1749;3577;3456
31531;2398;1364;1749;3575;3403
31571;2395;1361;1749;3598;3278
31611;2393;1360;1749;3595;3187
31651;2392;1359;1749;3627;3087
31681;2391;1359;1749;3621;3034
31721;2394;1359;1748;3630;2936
31761;2395;1359;1748;3649;2913
31801;2396;1359;1748;3666;2904
31831;2398;1360;1748;3644;2900
31871;2398;1360;1748;3632;2908
31881;2398;1360;1748;3636;2910
31911;2400;1360;1748;3634;2896
31951;2398;1360;1748;3648;2884
31981;2397;1360;1748;3664;2885
32021;2399;1360;1748;3671;2857
32061;2401;1359;1748;3677;2847
32101;2400;1359;1748;3693;2844
32131;2400;1358;1748;3700;2841
32171;2398;1358;1748;3684;2848
32211;2399;1358;1748;3666;2855
32251;2400;1358;1748;3643;2864
32281;2398;1358;1748;3642;2877
32321;2398;1358;1748;3598;2896
32361;2397;1359;1748;3526;2944
32401;2396;1360;1748;3449;3034
32431;2396;1360;1748;3404;3117
32471;2397;1360;1748;3407;3167
32511;2395;1360;1748;3413;3318
32551;2394;1361;1749;3407;3417
32581;2394;1367;1748;3409;3504
32621;2395;1375;1748;3484;3612
32661;2395;1380;1748;3470;3635
32701;2396;1384;1748;3436;3657
32731;2397;1388;1748;3433;3661
32771;2398;1389;1748;3451;3652
32811;2397;1390;1748;3458;3651
32851;2397;1391;1748;3475;3645
32881;2397;1391;1748;3496;3615
32921;2396;1391;1748;3501;3599
32961;2396;1391;1748;3500;3552
33001;2396;1391;1748;3499;3531
33031;2396;1391;1748;3523;3502
33071;2396;1392;1748;3545;3425
33111;2396;1392;1748;3529;3377
33151;2395;1392;1748;3569;3319
33181;2395;1391;1748;3579;3264
33221;2394;1390;1748;3572;3196
33261;2393;1389;1748;3587;3180
33301;2393;1389;1748;3585;3180
33331;2393;1389;1748;3588;3180
33361;2392;1389;1748;3603;3164
33371;2393;1389;1748;3597;3148
33411;2392;1388;1748;3603;3110
33451;2392;1388;1748;3632;3080
33521;2392;1387;1748;3642;3075
33561;2391;1386;1748;3653;3077
33601;2391;1386;1748;3645;3076
33631;2391;1386;1748;3651;3076
33671;2391;1386;1749;3648;3074
33711;2391;1386;1749;3656;3071
33751;2391;1386;1749;3661;3070
33781;2391;1386;1749;3664;3072
33821;2391;1386;1749;3664;3075
33861;2391;1386;1749;3638;3095
33901;2390;1386;1749;3608;3150
33931;2390;1386;1749;3570;3185
33971;2390;1386;1749;3513;3311
34011;2393;1393;1749;3506;3542
34051;2394;1399;1749;3517;3650
34081;2395;1401;1749;3522;3718
34121;2401;1415;1748;3578;4019
34161;2402;1422;1748;3610;4064
34201;2405;1425;1749;3594;4095
34231;2407;1431;1750;3649;4095
34271;2407;1435;1751;3603;4095
34311;2407;1438;1751;3638;4095
34351;2406;1439;1751;3633;4022
34381;2405;1439;1751;3662;3983
34421;2404;1439;1751;3700;3911
34461;2405;1440;1751;3680;3828
34501;2406;1440;1751;3710;3724
34531;2407;1440;1752;3721;3648
34571;2408;1439;1753;3700;3605
34611;2409;1437;1753;3722;3577
34651;2407;1436;1753;3717;3579
34681;2405;1436;1753;3727;3571
34721;2404;1435;1753;3730;3542
34761;2403;1435;1753;3729;3543
34801;2404;1435;1753;3737;3535
34831;2404;1435;1753;3743;3534
34871;2403;1435;1753;3752;3509
34911;2402;1435;1753;3755;3511
34951;2403;1435;1753;3753;3515
34981;2403;1434;1753;3750;3514
35021;2403;1435;1753;3753;3513
35061;2403;1435;1754;3750;3516
35101;2402;1435;1754;3747;3527
35131;2402;1435;1754;3748;3522
35171;2403;1435;1754;3747;3516
35211;2403;1435;1754;3761;3498
35231;2403;1435;1754;3762;3487
35251;2403;1435;1754;3763;3486
35281;2403;1435;1754;3763;3496
35321;2403;1435;1754;3758;3503
35361;2404;1435;1754;3749;3498
35401;2403;1435;1754;3756;3499
35431;2403;1435;1754;3758;3492
35471;2402;1435;1753;3760;3488
35511;2402;1435;1753;3763;3476
35551;2402;1434;1754;3771;3441
35581;2402;1434;1754;3777;3399
35621;2403;1433;1754;3772;3359
35661;2404;1432;1753;3775;3349
35701;2404;1432;1753;3781;3342
35731;2404;1432;1753;3784;3341
35771;2404;1432;1753;3788;3338
35811;2404;1432;1753;3791;3337
35851;2404;1432;1753;3794;3343
35881;2404;1432;1753;3798;3341
35921;2403;1432;1753;3804;3340
35961;2403;1432;1753;3809;3339
36001;2403;1432;1753;3804;3345
36031;2403;1433;1753;3801;3339
36071;2403;1432;1753;3791;3351
36111;2404;1432;1753;3783;3357
36151;2404;1432;1753;3773;3371
36181;2403;1432;1753;3781;3371
36221;2402;1432;1753;3794;3359
36261;2402;1432;1753;3808;3347
36301;2402;1431;1753;3825;3310
36331;2403;1428;1753;3825;3229
36371;2402;1426;1753;3859;3135
36411;2400;1428;1753;3859;3082
36451;2400;1428;1753;3887;3044
36481;2402;1419;1752;3909;2925
36521;2402;1408;1751;3935;2853
36561;2398;1405;1751;3996;2783
36601;2394;1403;1751;3991;2778
36641;2394;1401;1750;4007;2760
36671;2393;1400;1750;3994;2759
36711;2392;1400;1750;3993;2750
36751;2393;1394;1750;3983;2739
36781;2390;1384;1750;4004;2711
36821;2388;1380;1750;4015;2711
36861;2388;1377;1750;4028;2699
36901;2389;1376;1750;4006;2721
36931;2389;1375;1750;4010;2727
36971;2389;1374;1750;3948;2744
37011;2388;1375;1751;3932;2771
37051;2388;1375;1751;3922;2774
37081;2388;1375;1751;3910;2787
37121;2388;1375;1751;3889;2825
37161;2387;1375;1751;3854;2843
37201;2387;1376;1751;3842;2849
37231;2388;1376;1751;3838;2847
37271;2388;1376;1751;3833;2850
37311;2387;1376;1751;3851;2849
37351;2387;1376;1751;3826;2856
37381;2387;1376;1750;3829;2858
37421;2387;1376;1750;3830;2860
37461;2387;1376;1750;3832;2864
37491;2387;1376;1751;3834;2857
37501;2387;1376;1750;3841;2856
37531;2388;1376;1750;3851;2847
37571;2388;1376;1750;3854;2851
37611;2387;1377;1750;3860;2850
37651;2387;1377;1750;3857;2848
37681;2387;1377;1750;3859;2852
37721;2387;1377;1750;3864;2855
37761;2387;1377;1750;3862;2852
37801;2387;1377;1750;3867;2852
37831;2387;1377;1751;3864;2848
37871;2387;1377;1751;3862;2850
37911;2387;1377;1751;3863;2850
37951;2387;1377;1751;3856;2852
37981;2387;1377;1751;3856;2854
38021;2387;1377;1751;3858;2855
38061;2387;1377;1751;3853;2852
38101;2387;1377;1751;3852;2851
38131;2387;1377;1751;3855;2845
38171;2387;1377;1751;3858;2846
38211;2387;1377;1751;3858;2847
38251;2387;1377;1751;3862;2850
38281;2387;1377;1751;3864;2853
38321;2387;1377;1751;3864;2859
38361;2387;1377;1751;3868;2857
38391;2387;1377;1751;3875;2847
38401;2387;1376;1751;3881;2846
38431;2387;1376;1751;3887;2840
38491;2387;1377;1751;3898;2838
38531;2387;1377;1751;3919;2812
38581;2387;1377;1751;3918;2800
38611;2387;1377;1751;3923;2788
38621;2387;1377;1751;3924;2788
38661;2387;1377;1751;3922;2789
38701;2387;1377;1751;3922;2791
38731;2387;1377;1751;3920;2793
38771;2387;1377;1751;3923;2792
38811;2387;1377;1751;3925;2791
38851;2388;1377;1751;3924;2790
38881;2387;1377;1751;3925;2793
38921;2387;1377;1751;3924;2792
38961;2387;1377;1751;3926;2792
39001;2387;1377;1751;3930;2790
39031;2387;1377;1751;3933;2791
39071;2387;1377;1750;3934;2789
39111;2387;1377;1751;3933;2792
39131;2387;1377;1751;3933;2794
39151;2387;1377;1751;3936;2792
39181;2387;1377;1751;3937;2791
39221;2387;1377;1751;3938;2792
39261;2387;1377;1751;3939;2792
39301;2387;1377;1751;3938;2790
39341;2387;1377;1751;3937;2793
39371;2387;1377;1751;3941;2787
39411;2387;1377;1751;3943;2788
39451;2387;1377;1751;3940;2789
39481;2387;1377;1751;3943;2790
39521;2387;1377;1750;3944;2790
39561;2387;1377;1750;3943;2792
39601;2386;1377;1750;3948;2792
39631;2387;1377;1751;3946;2792
39671;2387;1377;1751;3949;2791
39711;2387;1377;1751;3948;2794
39741;2387;1377;1751;3949;2795
39751;2388;1377;1751;3947;2795
39781;2387;1377;1751;3951;2797
39821;2387;1376;1751;3951;2795
39861;2386;1376;1751;3952;2793
39901;2386;1377;1751;3953;2794
39931;2386;1377;1751;3954;2792
39971;2387;1377;1751;3957;2794
40011;2387;1377;1751;3956;2794
40051;2387;1377;1750;3956;2792
40081;2387;1377;1750;3960;2794
40121;2387;1377;1750;3962;2793
40161;2387;1377;1750;3961;2795
40201;2387;1377;1750;3961;2796
40231;2387;1377;1750;3959;2794
40271;2387;1377;1750;3960;2796
40311;2387;1377;1751;3958;2797
40331;2387;1377;1751;3960;2797
40381;2386;1377;1751;3961;2801
40421;2386;1377;1751;3962;2801
40471;2387;1377;1751;3958;2803
40501;2387;1377;1751;3957;2804
40541;2387;1377;1751;3954;2806
40571;2387;1377;1751;3953;2804
40611;2387;1377;1751;3956;2801
40651;2387;1377;1751;3953;2804
40681;2386;1377;1751;3954;2807
40721;2386;1377;1751;3955;2805
40761;2386;1377;1751;3946;2809
40801;2386;1377;1751;3948;2809
40831;2386;1377;1751;3947;2808
40871;2386;1377;1751;3949;2810
40911;2386;1377;1751;3947;2810
40951;2386;1377;1751;3941;2809
40981;2386;1377;1751;3946;2808
41021;2385;1377;1751;3943;2810
41061;2386;1377;1751;3943;2809
41101;2386;1377;1751;3946;2811
41131;2387;1377;1751;3947;2809
41171;2387;1377;1752;3949;2807
41211;2387;1377;1751;3950;2809
41251;2387;1377;1751;3949;2810
41281;2386;1377;1751;3952;2810
41321;2386;1377;1751;3954;2810
41361;2386;1377;1751;3954;2809
41401;2386;1377;1751;3955;2813
41431;2387;1377;1751;3952;2809
41471;2387;1377;1751;3952;2809
41511;2387;1377;1751;3959;2807
41551;2387;1377;1751;3960;2805
41581;2387;1377;1751;3960;2808
41621;2387;1377;1751;3965;2808
41661;2387;1377;1751;3962;2807
41701;2387;1377;1751;3961;2808
41731;2387;1377;1751;3963;2809
41771;2387;1377;1751;3965;2806
41811;2386;1377;1751;3965;2808
41851;2386;1377;1751;3968;2809
41891;2386;1377;1751;3963;2809
41931;2386;1377;1751;3965;2809
41971;2386;1377;1751;3970;2808
41991;2387;1377;1751;3970;2809
42001;2386;1377;1751;3971;2811
42041;2386;1377;1751;3972;2812
42081;2387;1377;1751;3973;2809
42121;2386;1377;1750;3974;2807
42151;2387;1377;1750;3978;2809
42191;2387;1377;1750;3975;2808
42231;2387;1377;1750;3976;2809
42271;2387;1377;1750;3980;2807
42301;2387;1377;1750;3979;2810
42341;2387;1377;1750;3985;2808
42371;2387;1377;1750;3983;2805
42411;2387;1377;1750;4000;2793
42451;2387;1377;1750;4039;2763
42481;2387;1374;1750;4085;2724
42521;2387;1372;1750;4095;2685
42561;2387;1365;1750;4095;2667
42601;2388;1363;1750;4095;2647
42631;2390;1362;1750;4095;2655
42661;2390;1361;1750;4095;2648
42671;2390;1361;1750;4095;2653
42711;2390;1361;1751;4095;2659
42751;2390;1361;1751;4095;2665
42781;2390;1361;1751;4095;2669
42821;2390;1360;1751;4095;2672
42861;2390;1360;1751;4095;2671
42901;2389;1360;1751;4095;2674
42931;2389;1360;1751;4095;2672
42971;2389;1361;1751;4095;2674
43011;2389;1361;1751;4095;2677
43051;2390;1361;1751;4095;2677
43081;2389;1361;1751;4095;2682
43121;2389;1361;1751;4095;2684
43161;2389;1361;1751;4095;2682
43201;2389;1361;1751;4084;2717
43231;2388;1361;1751;3953;2781
43271;2390;1361;1751;3846;2899
43311;2395;1380;1751;3609;3176
43351;2396;1392;1751;3658;3338
43381;2396;1397;1751;3654;3401
43421;2396;1400;1751;3612;3412
43461;2395;1402;1751;3670;3357
43501;2394;1403;1751;3672;3351
43531;2393;1403;1752;3690;3356
43571;2392;1403;1752;3675;3364
43611;2391;1403;1752;3683;3399
43651;2391;1403;1752;3700;3381
43681;2390;1403;1752;3687;3376
43721;2390;1402;1752;3691;3402
43761;2390;1402;1752;3679;3422
43801;2391;1402;1752;3641;3443
43831;2392;1403;1752;3669;3428
43871;2392;1404;1752;3683;3402
43911;2392;1404;1752;3719;3365
43951;2392;1404;1752;3737;3330
43981;2392;1404;1752;3763;3256
44021;2391;1404;1752;3779;3191
44061;2392;1404;1752;3789;3150
44101;2393;1404;1752;3814;3127
44131;2393;1403;1752;3846;3101
44171;2393;1402;1752;3851;3095
44181;2393;1401;1752;3847;3094
44221;2393;1401;1752;3857;3097
44261;2393;1401;1752;3866;3078
44321;2392;1401;1752;3862;3080
44361;2393;1402;1752;3871;3070
44401;2394;1402;1752;3877;3057
44431;2393;1402;1752;3887;3054
44471;2394;1402;1752;3891;3051
44511;2394;1402;1752;3893;3049
44551;2394;1402;1752;3898;3046
44581;2394;1401;1752;3902;3039
44621;2394;1401;1752;3903;3033
44661;2394;1401;1752;3905;3028
44701;2395;1402;1751;3906;3019
44731;2395;1402;1752;3914;3016
44771;2395;1402;1752;3919;3012
44811;2395;1402;1752;3922;2992
44851;2396;1403;1752;3923;2988
44881;2396;1403;1752;3927;2982
44921;2396;1403;1752;3931;2969
44961;2396;1403;1752;3937;2973
44991;2397;1403;1752;3935;2966
45001;2399;1403;1752;3939;2971
45031;2399;1403;1752;3940;2968
45071;2399;1403;1752;3940;2953
45111;2398;1402;1752;3938;2943
45151;2396;1402;1752;3943;2942
45181;2395;1402;1752;3945;2940
45211;2393;1402;1752;3946;2935
45221;2392;1402;1752;3945;2937
45261;2392;1401;1752;3946;2936
45301;2391;1401;1752;3947;2934
45331;2392;1401;1752;3947;2933
45371;2392;1401;1752;3947;2936
45411;2391;1401;1752;3951;2933
45451;2391;1401;1752;3952;2932
45481;2391;1401;1752;3952;2934
45521;2391;1401;1752;3955;2934
45561;2391;1401;1752;3956;2932
45601;2391;1401;1752;3960;2928
45631;2391;1401;1752;3967;2931
45671;2390;1401;1752;3966;2932
45711;2390;1401;1752;3969;2933
45751;2391;1401;1752;3967;2930
45781;2391;1401;1752;3971;2933
45821;2391;1401;1752;3975;2931
45861;2390;1401;1752;3971;2935
45901;2390;1401;1752;3973;2932
45931;2391;1401;1752;3979;2932
45971;2392;1401;1752;3978;2934
46011;2392;1401;1752;3980;2935
46051;2392;1401;1752;3978;2931
46081;2392;1402;1752;3989;2933
46121;2392;1402;1752;3999;2926
46161;2392;1401;1752;4004;2931
46211;2391;1401;1752;4014;2930