
20693;658;490;876;2476;1811
20773;987;736;1314;2475;1810
20813;1152;858;1533;2476;1810
20853;1235;919;1642;2477;1809
20883;1276;950;1697;2476;1811
20923;1296;966;1725;2477;1811
20963;1306;974;1738;2480;1813
21003;1311;978;1745;2477;1812
21033;1314;980;1749;2475;1811
21073;1315;981;1751;2476;1811
21113;1316;981;1751;2476;1810
21153;1316;981;1752;2476;1810
21183;1316;981;1752;2477;1812
21223;1316;981;1752;2477;1813
21263;1316;981;1752;2474;1813
21303;1316;981;1752;2477;1811
21333;1316;981;1752;2475;1812
21373;1316;981;1752;2474;1811
21413;1317;981;1752;2475;1812
21453;1317;981;1752;2476;1810
21483;1316;981;1752;2477;1812
21523;1316;981;1751;2479;1812
21563;1316;981;1751;2477;1812
21603;1316;981;1751;2476;1814
21633;1316;981;1752;2477;1814
21673;1316;981;1752;2476;1813
21713;1316;981;1752;2476;1812
21753;1316;981;1752;2476;1813
21783;1316;981;1752;2478;1817
21823;1316;981;1752;2478;1814
21863;1316;981;1752;2479;1816
21903;1316;981;1751;2481;1817
21933;1317;981;1751;2477;1815
21973;1317;981;1752;2478;1816
22013;1317;981;1752;2477;1814
22053;1316;981;1752;2479;1816
22083;1316;981;1752;2482;1817
22123;1316;981;1752;2481;1817
22163;1316;981;1752;2482;1817
22203;1316;981;1752;2485;1818
22243;1316;981;1752;2484;1819
22283;1315;981;1752;2486;1819
22323;1315;981;1752;2484;1826
22363;1316;981;1751;2487;1828
22403;1316;981;1751;2489;1827
22443;1316;981;1752;2488;1827
22483;1316;981;1752;2491;1828
22523;1316;981;1752;2492;1828
22603;1316;981;1752;2494;1828
22643;1316;981;1752;2494;1829
22683;1316;981;1752;2493;1831
22723;1316;981;1752;2496;1834
22763;1316;981;1752;2493;1835
22803;1316;981;1752;2491;1838
22833;1317;981;1752;2486;1830
22873;1317;981;1753;2468;1827
22913;1317;981;1753;2467;1829
22953;1317;981;1753;2460;1826
22983;1316;981;1752;2464;1826
23023;1316;981;1752;2458;1825
23063;1325;980;1752;2415;1812
23103;1329;980;1752;2390;1803
23133;1336;980;1752;2388;1801
23173;1388;1016;1752;2400;1798
23213;1489;1084;1752;2395;1802
23253;1615;1135;1752;2405;1803
23283;1682;1163;1752;2426;1815
23323;1737;1198;1752;2428;1824
23363;1860;1275;1752;2424;1825
23403;2022;1332;1752;2388;1827
23433;2102;1363;1753;2408;1850
23473;2142;1379;1753;2375;1877
23513;2190;1403;1753;2355;1917
23553;2233;1440;1754;2285;1920
23583;2255;1458;1753;2289;1901
23623;2264;1467;1753;2298;1899
23663;2269;1472;1753;2305;1899
23703;2273;1474;1754;2317;1897
23733;2278;1476;1754;2321;1898
23773;2285;1477;1754;2363;1898
23813;2278;1477;1754;2392;1896
23853;2263;1477;1754;2389;1877
23883;2247;1477;1754;2356;1840
23923;2232;1477;1754;2370;1782
23963;2201;1477;1753;2365;1803
24003;2083;1477;1736;2367;1812
24033;1986;1477;1709;2353;1800
24073;1883;1477;1664;2340;1794
24113;1818;1475;1626;2329;1810
24153;1725;1475;1583;2332;1802
24183;1622;1474;1547;2321;1803
24223;1538;1474;1516;2340;1806
24263;1474;1474;1487;2359;1798
24303;1426;1475;1464;2351;1783
24333;1394;1475;1443;2353;1783
24373;1366;1475;1424;2339;1777
24413;1347;1475;1410;2325;1777
24453;1336;1475;1402;2334;1777
24483;1331;1475;1398;2344;1786
24523;1329;1475;1396;2349;1785
24563;1328;1475;1395;2346;1784
24603;1328;1474;1395;2350;1791
24633;1346;1474;1395;2350;1793
24673;1390;1474;1423;2359;1795
24713;1455;1468;1473;2372;1808
24753;1604;1446;1541;2379;1799
24783;1700;1434;1593;2379;1796
24823;1779;1428;1638;2366;1793
24863;1847;1426;1677;2344;1788
24903;1915;1425;1710;2320;1777
24933;1952;1425;1727;2319;1776
24973;1971;1426;1736;2333;1773
25013;1982;1427;1740;2360;1792
25053;1988;1427;1742;2410;1810
25083;1990;1427;1743;2408;1815
25123;1991;1427;1744;2417;1815
25163;1987;1427;1744;2421;1819
25203;1972;1427;1744;2434;1822
25233;1925;1426;1744;2431;1823
25273;1837;1411;1732;2452;1829
25313;1666;1389;1701;2458;1832
25353;1565;1383;1668;2444;1831
25383;1506;1380;1642;2437;1828
25423;1438;1376;1608;2440;1829
25463;1373;1330;1581;2439;1827
25503;1318;1320;1559;2439;1830
25533;1291;1317;1548;2438;1834
25573;1278;1315;1542;2417;1828
25613;1272;1314;1539;2425;1825
25653;1269;1313;1537;2435;1828
25683;1267;1312;1537;2428;1818
25723;1263;1309;1537;2435;1824
25763;1260;1305;1536;2434;1830
25803;1259;1303;1536;2430;1828
25833;1257;1296;1536;2423;1827
25873;1280;1285;1536;2420;1819
25913;1306;1280;1539;2419;1818
25953;1334;1271;1550;2423;1818
25983;1357;1266;1564;2430;1818
26023;1378;1263;1574;2429;1816
26063;1387;1261;1584;2427;1818
26103;1416;1261;1599;2423;1813
26133;1444;1261;1613;2405;1808
26173;1513;1272;1645;2382;1797
26213;1646;1300;1674;2334;1780
26253;1742;1327;1697;2322;1780
26283;1794;1341;1709;2324;1782
26323;1837;1348;1718;2332;1780
26363;1880;1362;1732;2318;1779
26403;1941;1391;1745;2313;1778
26433;2060;1415;1755;2309;1771
26473;2139;1441;1761;2249;1824
26513;2207;1471;1770;2176;1878
26553;2242;1493;1774;2118;1852
26583;2267;1505;1776;2115;1881
26623;2284;1518;1776;2138;1906
26663;2291;1525;1776;2148;1890
26703;2294;1528;1777;2166;1888
26733;2295;1530;1778;2173;1874
26773;2295;1531;1779;2180;1874
26813;2296;1532;1779;2183;1848
26853;2294;1532;1779;2204;1840
26883;2292;1531;1779;2212;1779
26923;2254;1532;1779;2262;1704
26963;2087;1530;1737;2240;1719
27003;1959;1555;1678;2231;1715
27033;1886;1580;1630;2223;1715
27073;1824;1593;1581;2223;1719
27113;1742;1600;1538;2225;1717
27153;1632;1604;1506;2226;1719
27183;1560;1606;1473;2228;1721
27223;1501;1606;1432;2226;1722
27263;1473;1616;1399;2230;1721
27303;1439;1622;1376;2229;1721
27333;1427;1626;1363;2229;1721
27373;1414;1628;1351;2236;1709
27413;1407;1629;1344;2244;1706
27453;1402;1630;1341;2250;1708
27483;1399;1630;1339;2254;1711
27523;1395;1630;1338;2253;1721
27563;1394;1630;1338;2259;1723
27603;1395;1628;1338;2263;1733
27633;1396;1600;1338;2271;1736
27673;1399;1540;1381;2286;1740
27713;1401;1473;1431;2307;1745
27753;1363;1363;1493;2316;1754
27783;1287;1231;1526;2339;1759
27823;1184;1115;1543;2415;1791
27863;1133;1058;1551;2394;1774
27903;1103;1029;1556;2374;1776
27933;1088;1015;1558;2371;1771
27973;1078;1008;1559;2359;1768
28013;1073;1004;1559;2339;1763
28053;1071;1002;1560;2314;1755
28083;1076;1002;1560;2287;1757
28123;1105;1002;1560;2276;1738
28163;1131;1002;1569;2266;1729
28203;1163;1001;1590;2249;1711
28233;1200;1006;1613;2243;1712
28273;1255;1026;1635;2216;1706
28313;1306;1051;1657;2211;1707
28353;1368;1087;1674;2217;1710
28383;1439;1128;1689;2212;1714
28423;1581;1181;1706;2214;1718
28463;1696;1232;1724;2222;1718
28503;1825;1319;1739;2219;1715
28533;1896;1369;1747;2211;1711
28573;1927;1396;1751;2232;1720
28613;1973;1411;1758;2230;1716
28653;2075;1438;1762;2190;1708
28683;2125;1451;1764;2196;1713
28723;2150;1457;1765;2210;1719
28763;2164;1460;1765;2225;1726
28803;2170;1462;1766;2237;1728
28833;2172;1463;1766;2244;1725
28873;2065;1463;1766;2245;1726
28913;1975;1466;1752;2222;1720
28953;1894;1498;1707;2211;1717
28983;1827;1552;1648;2190;1703
29023;1767;1595;1583;2183;1704
29063;1741;1631;1527;2154;1706
29103;1689;1687;1472;2139;1714
29133;1655;1720;1434;2133;1717
29173;1644;1745;1407;2130;1722
29213;1578;1764;1380;2142;1713
29253;1539;1773;1356;2176;1724
29283;1520;1778;1340;2197;1729
29323;1510;1780;1331;2194;1731
29363;1508;1781;1326;2171;1733
29403;1506;1782;1323;2155;1728
29433;1495;1782;1322;2156;1723
29473;1563;1782;1322;2184;1708
29513;1651;1771;1368;2207;1726
29553;1636;1716;1411;2230;1729
29583;1576;1643;1449;2250;1733
29623;1535;1555;1491;2275;1740
29663;1497;1447;1536;2292;1748
29703;1448;1321;1578;2350;1757
29733;1395;1220;1603;2359;1753
29773;1366;1173;1617;2357;1778
29813;1322;1126;1624;2297;1742
29853;1276;1086;1628;2281;1746
29883;1254;1068;1629;2257;1747
29923;1242;1061;1630;2258;1748
29963;1244;1043;1631;2232;1732
30003;1288;1080;1632;2225;1735
30033;1349;1125;1645;2220;1735
30073;1438;1182;1675;2223;1747
30113;1634;1276;1698;2236;1751
30153;1756;1337;1715;2239;1748
30183;1854;1386;1728;2255;1747
30223;2015;1464;1739;2206;1779
30263;2097;1508;1745;2243;1769
30303;2137;1530;1751;2253;1777
30333;2160;1541;1754;2260;1780
30373;2171;1546;1756;2267;1777
30413;2175;1549;1757;2269;1778
30453;2179;1550;1758;2270;1766
30483;2180;1550;1758;2263;1760
30523;2177;1551;1757;2259;1754
30563;2182;1551;1756;2252;1750
30603;2156;1550;1756;2241;1727
30633;2142;1549;1757;2197;1726
30673;2136;1547;1757;2166;1718
30713;2134;1544;1758;2164;1715
30753;2135;1543;1758;2161;1718
30783;2135;1543;1757;2193;1729
30823;2135;1542;1757;2265;1765
30863;2068;1522;1757;2269;1765
30903;2015;1482;1758;2298;1770
30933;1970;1447;1760;2307;1762
30973;1949;1430;1761;2232;1735
31013;1939;1421;1762;2235;1733
31053;1933;1417;1763;2252;1730
31083;1922;1413;1762;2219;1735
31123;1870;1408;1762;2273;1749
31163;1809;1394;1759;2238;1743
31203;1679;1383;1743;2237;1748
31233;1604;1377;1731;2233;1740
31273;1536;1376;1701;2239;1736
31313;1462;1375;1658;2234;1739
31353;1405;1376;1618;2238;1733
31383;1369;1384;1585;2231;1724
31423;1351;1390;1555;2198;1726
31463;1333;1425;1516;2183;1729
31503;1323;1476;1460;2180;1730
31533;1318;1509;1423;2160;1735
31573;1315;1538;1405;2169;1740
31613;1313;1553;1394;2167;1730
31653;1312;1563;1385;2168;1727
31683;1312;1568;1380;2166;1737
31723;1313;1570;1377;2159;1724
31763;1312;1571;1376;2164;1725
31803;1312;1572;1375;2197;1725
31833;1314;1572;1375;2222;1734
31873;1340;1548;1392;2242;1734
31913;1354;1515;1422;2236;1736
31953;1360;1487;1447;2225;1729
31983;1372;1471;1470;2225;1735
32023;1408;1462;1502;2217;1732
32063;1448;1459;1541;2213;1728
32103;1486;1457;1574;2209;1732
32133;1503;1457;1592;2212;1726
32173;1614;1458;1613;2196;1720
32213;1701;1458;1639;2189;1722
32253;1771;1471;1663;2187;1727
32283;1847;1489;1684;2175;1725
32323;1907;1527;1699;2147;1717
32363;1962;1566;1707;2160;1726
32403;2071;1614;1711;2054;1757
32433;2125;1642;1714;2076;1761
32473;2152;1656;1716;2080;1769
32513;2167;1662;1716;2079;1773
32553;2183;1677;1716;2043;1772
32583;2191;1666;1716;2051;1773
32623;2195;1661;1716;2050;1785
32663;2197;1659;1715;2056;1789
32703;2198;1658;1715;2086;1785
32733;2198;1657;1715;2097;1784
32773;2196;1657;1715;2122;1779
32813;2195;1655;1715;2138;1771
32853;2193;1656;1715;2144;1767
32883;2192;1656;1715;2173;1750
32923;2192;1668;1715;2218;1738
32963;2183;1675;1715;2232;1745
32973;2178;1679;1715;2230;1746
33003;2151;1681;1715;2241;1748
33033;2064;1682;1715;2240;1746
33073;1986;1683;1710;2236;1751
33113;1891;1679;1674;2242;1749
33153;1713;1654;1630;2246;1751
33183;1596;1634;1584;2247;1753
33223;1520;1625;1541;2228;1756
33263;1460;1620;1506;2219;1754
33303;1414;1618;1466;2217;1746
33333;1374;1616;1438;2213;1741
33373;1353;1616;1411;2213;1743
33413;1336;1615;1391;2215;1742
33453;1328;1615;1381;2204;1747
33483;1324;1614;1376;2218;1744
33523;1322;1614;1373;2220;1744
33563;1320;1603;1372;2228;1745
33603;1317;1553;1371;2234;1753
33633;1319;1496;1402;2269;1753
33673;1320;1416;1456;2282;1760
33713;1318;1345;1500;2282;1759
33753;1307;1270;1534;2294;1756
33783;1302;1223;1555;2317;1768
33823;1299;1198;1566;2294;1765
33863;1298;1185;1572;2276;1757
33903;1296;1179;1578;2277;1754
33933;1307;1178;1593;2253;1747
33973;1333;1178;1607;2253;1751
34013;1375;1175;1628;2244;1740
34053;1444;1231;1650;2197;1725
34083;1521;1282;1661;2155;1719
34123;1621;1325;1666;2171;1723
34163;1693;1364;1669;2172;1720
34203;1766;1423;1675;2151;1713
34233;1823;1470;1680;2126;1711
34273;1858;1497;1684;2145;1724
34313;1894;1518;1694;2135;1720
34353;1959;1573;1706;2117;1717
34383;1993;1604;1713;2110;1717
34423;2011;1619;1716;2129;1722
34463;2095;1641;1718;2043;1743
34503;2138;1661;1720;1999;1768
34533;2162;1676;1722;1991;1767
34573;2174;1683;1723;2008;1771
34613;2188;1688;1723;2007;1773
34653;2194;1690;1723;2008;1772
34683;2196;1691;1723;2023;1773
34723;2196;1691;1723;2050;1761
34763;2194;1692;1723;2088;1731
34803;2176;1694;1723;2141;1709
34833;2079;1694;1723;2141;1716
34873;1991;1694;1707;2117;1717
34913;1894;1688;1668;2125;1724
34953;1792;1677;1631;2151;1721
34983;1702;1672;1602;2136;1725
35023;1596;1669;1570;2125;1726
35063;1538;1667;1543;2123;1729
35103;1504;1658;1527;2129;1726
35133;1483;1657;1513;2130;1728
35173;1463;1656;1496;2130;1723
35203;1440;1655;1479;2131;1729
35213;1423;1654;1469;2129;1726
35253;1405;1654;1454;2130;1728
35283;1387;1654;1435;2131;1725
35323;1359;1654;1415;2116;1724
35363;1348;1654;1397;2112;1723
35403;1340;1654;1384;2108;1722
35433;1337;1653;1378;2110;1725
35473;1335;1646;1374;2107;1728
35513;1333;1611;1373;2147;1740
35553;1336;1537;1413;2167;1739
35583;1349;1483;1453;2169;1739
35623;1356;1446;1484;2169;1744
35663;1362;1408;1511;2182;1734
35703;1389;1386;1547;2168;1727
35733;1441;1375;1586;2146;1721
35753;1484;1370;1608;2142;1710
35803;1507;1367;1622;2168;1720
35843;1519;1366;1630;2167;1728
35883;1589;1365;1647;2158;1726
35923;1628;1364;1658;2162;1731
35963;1647;1364;1664;2159;1726
36003;1688;1365;1671;2154;1727
36033;1710;1371;1678;2135;1737
36073;1741;1370;1686;2150;1733
36113;1771;1389;1693;2132;1743
36153;1830;1431;1701;2129;1744
36183;1877;1474;1704;2101;1751
36223;1935;1541;1709;2131;1763
36263;2054;1609;1713;2035;1740
36303;2111;1642;1716;2029;1751
36333;2145;1667;1718;2017;1751
36373;2183;1712;1719;1853;1694
36413;2223;1753;1720;1876;1751
36453;2244;1774;1720;1894;1750
36483;2254;1784;1720;1882;1757
36523;2259;1790;1720;1897;1734
36563;2261;1793;1720;1917;1700
36603;2255;1791;1720;1968;1631
36633;2224;1759;1720;2012;1613
36673;2086;1690;1720;2025;1624
36713;1950;1605;1720;2028;1638
36753;1722;1496;1713;2048;1632
36783;1545;1383;1704;2072;1638
36823;1418;1276;1697;2078;1634
36863;1354;1226;1692;2045;1634
36903;1318;1201;1686;2019;1630
36933;1300;1189;1682;2019;1626
36973;1291;1183;1680;2016;1631
37013;1278;1180;1671;2013;1629
37053;1266;1178;1663;2023;1632
37083;1260;1178;1659;1989;1632
37123;1257;1178;1657;1967;1623
37163;1258;1173;1656;1959;1621
37203;1274;1179;1656;1952;1621
37233;1303;1208;1656;1950;1619
37273;1352;1236;1656;1948;1617
37313;1397;1252;1656;1952;1620
37353;1437;1260;1656;1945;1622
37383;1484;1283;1666;1937;1629
37423;1634;1347;1678;1925;1634
37463;1772;1433;1688;1921;1629
37503;1853;1485;1697;1916;1629
37533;1904;1517;1703;1917;1627
37573;2042;1586;1713;1843;1604
37613;2119;1639;1718;1829;1645
37653;2161;1666;1721;1858;1657
37683;2206;1696;1722;1855;1730
37723;2242;1732;1723;1779;1787
37763;2261;1749;1723;1797;1760
37803;2270;1758;1725;1812;1760
37833;2274;1762;1726;1827;1747
37873;2279;1765;1727;1852;1712
37913;2281;1763;1728;1885;1673
37953;2254;1716;1728;1912;1522
37983;2191;1654;1728;2020;1609
38023;1998;1553;1728;2017;1613
38063;1738;1419;1728;2041;1620
38103;1568;1302;1728;2039;1616
38133;1484;1245;1728;2013;1599
38173;1443;1217;1727;2002;1599
38213;1422;1203;1725;2004;1598
38253;1411;1196;1725;2008;1603
38283;1406;1193;1724;2010;1604
38323;1403;1191;1724;2004;1601
38363;1401;1198;1724;1987;1603
38403;1407;1218;1724;1958;1596
38433;1417;1229;1724;1942;1593
38473;1441;1247;1724;1948;1593
38513;1524;1288;1724;1944;1593
38553;1677;1376;1724;1956;1584
38583;1796;1453;1724;1970;1577
38623;1981;1541;1724;1980;1586
38663;2100;1609;1724;1901;1655
38703;2181;1619;1724;1875;1711
38733;2227;1672;1724;1879;1755
38773;2250;1700;1724;1882;1741
38813;2262;1714;1724;1892;1748
38853;2268;1721;1724;1889;1723
38883;2271;1725;1724;1910;1670
38923;2257;1726;1724;1966;1602
38963;2228;1727;1724;1995;1576
39003;2092;1728;1705;1996;1582
39033;1998;1728;1678;1999;1584
39073;1908;1728;1633;1982;1582
39113;1829;1728;1581;1972;1576
39153;1726;1728;1532;1965;1569
39183;1627;1728;1489;1962;1565
39223;1560;1728;1453;1946;1564
39263;1522;1728;1433;1949;1568
39303;1502;1728;1422;1956;1568
39333;1491;1728;1417;1968;1571
39373;1482;1729;1410;1980;1572
39413;1474;1729;1406;1990;1581
39453;1471;1729;1404;1987;1583
39483;1470;1729;1402;1983;1584
39523;1473;1727;1402;1992;1601
39563;1478;1689;1407;2030;1607
39603;1479;1631;1440;2066;1609
39613;1480;1592;1462;2070;1607
39653;1481;1547;1491;2071;1611
39693;1481;1513;1516;2070;1615
39733;1481;1469;1540;2076;1620
39773;1470;1414;1559;2096;1631
39853;1458;1380;1576;2051;1617
39893;1469;1364;1598;2035;1623
39933;1497;1358;1616;1990;1616
39973;1615;1363;1639;1975;1612
40013;1710;1402;1659;1958;1608
40053;1772;1444;1670;1939;1602
40083;1810;1468;1675;1951;1599
40123;1845;1494;1678;1955;1592
40163;1877;1523;1682;1959;1596
40203;1900;1557;1684;1952;1590
40233;1918;1583;1685;1948;1602
40273;1964;1625;1687;1956;1605
40313;2072;1675;1692;1875;1610
40353;2137;1716;1695;1868;1641
40383;2193;1759;1698;1886;1708
40423;2254;1813;1702;1815;1837
40463;2286;1847;1704;1839;1896
40503;2310;1866;1705;1832;1918
40533;2338;1899;1706;1732;2075
40573;2362;1929;1706;1741;2136
40613;2378;1944;1707;1751;2158
40653;2393;1969;1707;1749;2271
40683;2400;1982;1707;1774;2193
40723;2403;1987;1707;1777;2096
40763;2399;1966;1707;1755;1843
40803;2360;1943;1707;1749;1592
40833;2311;1931;1707;1852;1480
40873;2230;1926;1685;1929;1493
40913;2072;1923;1647;1938;1515
40953;1972;1920;1607;1942;1515
40983;1919;1919;1581;1950;1520
41023;1880;1917;1554;1962;1518
41063;1849;1917;1537;1964;1518
41103;1829;1916;1528;1963;1523
41133;1823;1917;1520;1969;1524
41173;1810;1917;1514;1977;1524
41213;1803;1917;1510;1988;1525
41253;1785;1913;1508;1995;1529
41283;1774;1906;1507;1997;1530
41323;1765;1900;1507;2002;1532
41363;1761;1885;1507;2007;1535
41403;1760;1882;1507;2006;1538
41433;1761;1881;1507;2005;1539
41473;1766;1880;1507;1998;1541
41513;1804;1880;1507;1982;1543
41553;1864;1880;1535;1983;1541
41583;1910;1880;1563;1986;1545
41623;1967;1880;1592;1980;1548
41663;2079;1881;1623;1887;1573
41703;2146;1882;1640;1853;1604
41733;2182;1882;1652;1850;1608
41773;2205;1882;1659;1848;1622
41813;2231;1882;1674;1795;1678
41853;2253;1879;1684;1799;1707
41883;2265;1879;1691;1801;1716
41923;2271;1879;1693;1817;1720
41963;2275;1881;1694;1825;1720
42003;2278;1883;1695;1826;1721
42033;2278;1884;1696;1826;1717
42073;2278;1882;1697;1859;1682
42113;2281;1870;1696;1909;1627
42153;2235;1793;1696;1998;1540
42183;2073;1659;1696;2031;1543
42223;1875;1509;1696;2072;1545
42263;1767;1430;1696;2022;1536
42303;1708;1391;1696;2015;1544
42333;1686;1372;1696;2011;1543
42373;1673;1362;1696;2012;1541
42413;1655;1357;1696;1997;1539
42453;1657;1355;1696;1996;1549
42483;1656;1354;1695;2002;1543
42523;1653;1353;1695;1989;1543
42563;1601;1353;1695;1972;1551
42603;1538;1353;1688;1959;1547
42633;1482;1356;1665;1952;1539
42673;1425;1358;1629;1934;1530
42713;1368;1366;1584;1917;1531
42753;1321;1380;1539;1898;1530
42783;1290;1391;1509;1902;1532
42823;1275;1397;1493;1892;1538
42863;1269;1400;1485;1896;1541
42903;1286;1402;1482;1911;1545
42933;1322;1403;1493;1933;1551
42973;1369;1404;1532;1979;1554
43013;1428;1405;1576;1975;1560
43053;1459;1405;1601;1985;1559
43083;1492;1405;1617;2010;1560
43123;1603;1406;1642;1986;1563
43163;1688;1411;1666;1985;1567
43203;1757;1425;1682;1967;1573
43233;1821;1464;1691;1962;1574
43273;1900;1540;1699;1954;1575
43313;2035;1618;1707;1851;1618
43353;2140;1705;1710;1792;1732
43383;2216;1786;1712;1781;1822
43423;2265;1837;1714;1799;1895
43463;2291;1861;1714;1809;1918
43503;2304;1856;1715;1812;1915
43533;2312;1858;1715;1812;1899
43573;2315;1862;1715;1818;1893
43613;2316;1867;1715;1841;1870
43653;2318;1869;1715;1862;1811
43683;2316;1879;1715;1880;1745
43723;2312;1872;1715;1900;1684
43763;2288;1843;1715;1906;1601
43803;2253;1808;1714;1974;1570
43833;2233;1782;1714;1976;1569
43873;2222;1770;1714;1970;1572
43913;2216;1764;1714;1970;1563
43953;2214;1761;1714;1956;1566
43983;2212;1760;1714;1962;1568
44023;2211;1758;1714;1976;1570
44063;2213;1759;1714;1991;1569
44103;2207;1748;1714;1994;1566
44133;2192;1733;1713;2003;1565
44173;2088;1690;1714;1992;1563
44213;1979;1637;1713;1995;1565
44253;1901;1603;1713;1991;1566
44283;1862;1586;1713;1985;1570
44323;1842;1577;1712;1993;1569
44363;1832;1573;1712;1990;1569
44403;1827;1571;1712;1994;1567
44433;1825;1570;1713;1996;1569
44473;1824;1570;1713;1994;1576
44513;1824;1570;1713;1988;1577
44553;1824;1570;1712;1985;1577
44583;1824;1570;1712;1988;1575
44623;1824;1570;1712;1986;1574
44663;1820;1569;1712;1986;1575
44703;1672;1531;1692;1970;1566
44733;1571;1505;1665;1975;1567
44773;1509;1492;1642;1964;1567
44813;1469;1485;1626;1971;1567
44853;1428;1482;1602;1981;1556
44883;1383;1478;1579;1978;1558
44923;1350;1471;1553;1956;1569
44963;1333;1467;1536;1926;1572
45003;1324;1466;1528;1929;1574
45033;1320;1465;1524;1937;1576
45073;1318;1465;1522;1958;1571
45113;1317;1465;1521;1958;1573
45153;1316;1465;1520;1940;1578
45183;1316;1465;1520;1938;1577
45223;1315;1465;1520;1945;1577
45263;1315;1465;1520;1953;1581
45303;1315;1465;1520;1968;1580
45333;1315;1465;1520;1974;1583
45373;1315;1465;1520;1976;1583
45413;1315;1465;1520;1976;1587
45453;1315;1464;1520;1985;1586
45483;1315;1464;1520;1983;1586
45523;1315;1464;1520;1980;1584
45563;1315;1464;1520;1988;1586
45603;1316;1451;1520;2007;1580
45633;1321;1440;1520;2025;1576
45673;1370;1435;1537;2074;1588
45713;1421;1432;1565;2060;1582
45753;1447;1431;1581;2069;1589
45783;1463;1430;1594;2065;1586
45823;1591;1436;1621;2056;1582
45863;1657;1455;1636;2017;1593
45903;1722;1470;1650;2047;1582
45933;1783;1505;1663;2061;1583
45973;1839;1551;1671;2055;1582
46013;1881;1587;1676;2039;1586
46053;1922;1630;1679;2041;1587
46083;1972;1677;1684;2034;1588
46123;2070;1719;1687;1963;1598
46163;2119;1740;1689;1973;1614
46203;2157;1755;1690;1919;1638
46233;2184;1768;1690;1881;1679
46273;2216;1792;1692;1857;1759
46313;2249;1822;1694;1845;1799
46353;2268;1836;1695;1843;1840
46383;2294;1854;1701;1841;1948
46423;2317;1869;1703;1865;2003
46463;2327;1877;1705;1881;1979
46503;2332;1881;1707;1899;1977
46533;2335;1883;1711;1911;1977
46573;2338;1884;1716;1927;1921
46613;2338;1880;1719;1943;1825
46653;2330;1873;1721;1958;1774
46683;2311;1869;1721;1975;1675
46723;2271;1867;1722;2019;1581
46763;2223;1866;1723;2039;1578
46803;2069;1823;1708;2033;1580
46833;1918;1730;1688;2052;1583
46873;1723;1634;1666;2085;1584
46913;1603;1588;1637;2072;1576
46953;1532;1565;1609;2053;1578
46983;1489;1554;1590;2048;1579
47023;1453;1546;1571;2073;1576
47063;1409;1533;1551;2094;1578
47103;1373;1521;1535;2099;1578
47133;1356;1516;1526;2090;1577
47173;1348;1513;1521;2091;1584
47213;1342;1511;1515;2094;1579
47253;1340;1511;1512;2090;1578
47303;1337;1510;1511;2068;1584
47333;1337;1509;1511;2035;1583
47373;1333;1494;1510;2036;1585
47413;1401;1488;1520;1996;1582
47443;1556;1516;1564;2005;1592
47483;1684;1552;1595;1981;1577
47523;1807;1590;1637;1997;1577
47563;2008;1688;1671;1901;1603
47593;2124;1749;1688;1846;1711
47633;2192;1789;1697;1848;1745
47673;2251;1810;1709;1875;1846
47713;2285;1821;1717;1856;1898
47743;2307;1827;1720;1817;1898
47783;2322;1830;1722;1717;1907
47823;2348;1854;1723;1679;2234
47863;2370;1881;1724;1742;2336
47893;2379;1895;1724;1730;2286
47933;2383;1902;1724;1727;2209
47973;2387;1907;1724;1735;2177
48013;2383;1908;1724;1701;1848
48043;2344;1903;1724;1701;1569
48083;2260;1845;1725;1858;1519
48123;2055;1717;1724;1839;1514
48163;1765;1558;1715;1886;1521
48193;1566;1428;1703;1898;1524
48233;1451;1350;1691;1885;1530
48273;1394;1311;1685;1871;1533
48313;1365;1291;1681;1880;1536
48343;1352;1281;1679;1886;1535
48383;1345;1277;1678;1896;1538
48423;1341;1275;1676;1878;1536
48463;1337;1274;1672;1879;1538
48493;1334;1273;1669;1886;1548
48533;1334;1273;1667;1886;1549
48573;1334;1273;1666;1879;1546
48613;1332;1271;1665;1871;1549
48643;1332;1271;1665;1860;1553
48683;1332;1272;1665;1890;1545
48723;1333;1273;1665;1963;1561
48763;1332;1262;1665;1978;1561
48793;1331;1247;1665;1939;1555
48833;1305;1198;1664;1914;1554
48873;1275;1161;1665;1909;1563
48913;1262;1137;1665;1949;1575
48943;1256;1131;1665;1978;1572
48983;1252;1135;1665;1979;1574
49023;1250;1139;1665;1993;1574
49063;1246;1144;1665;1974;1577
49093;1250;1189;1665;1933;1577
49133;1290;1225;1665;1901;1586
49173;1344;1261;1665;1899;1575
49213;1414;1308;1665;1891;1575
49243;1601;1405;1675;1888;1580
49283;1743;1510;1684;1854;1582
49323;1836;1583;1691;1863;1579
49363;2012;1668;1706;1878;1618
49393;2133;1737;1715;1851;1729
49433;2199;1779;1719;1857;1745
49473;2236;1800;1722;1860;1773
49513;2255;1811;1723;1873;1753
49543;2264;1817;1724;1879;1740
49583;2268;1820;1727;1882;1750
49623;2271;1821;1730;1880;1736
49663;2277;1822;1734;1889;1706
49693;2279;1818;1735;1896;1668
49733;2270;1791;1736;1905;1573
49773;2224;1714;1736;1943;1558
49813;2061;1600;1737;1946;1565
49843;1913;1500;1738;1941;1569
49883;1714;1429;1738;1947;1568
49923;1607;1394;1738;1938;1569
49963;1555;1376;1738;1890;1571
49993;1530;1367;1738;1870;1579
50033;1516;1363;1738;1876;1569
50073;1510;1361;1738;1890;1566
50113;1505;1360;1738;1888;1571
50143;1495;1359;1730;1880;1573
50183;1488;1359;1726;1873;1576
50223;1484;1359;1725;1868;1581
50263;1466;1358;1715;1862;1580
50293;1445;1356;1706;1856;1585
50323;1430;1355;1698;1853;1585
50363;1400;1337;1680;1848;1582
50403;1349;1320;1662;1841;1583
50443;1300;1296;1644;1810;1582
50483;1264;1283;1627;1795;1588
50523;1228;1277;1601;1783;1594
50563;1200;1274;1581;1778;1600
50593;1187;1273;1571;1774;1601
50633;1180;1272;1566;1786;1604
50673;1177;1272;1564;1782;1600
50713;1175;1272;1562;1788;1606
50743;1176;1272;1562;1787;1589
50783;1200;1287;1562;1804;1578
50823;1266;1310;1562;1872;1578
50863;1370;1369;1586;1907;1580
50893;1489;1424;1606;1911;1588
50933;1658;1509;1633;1920;1582
50973;1802;1611;1650;1896;1587
51013;1899;1669;1664;1914;1587
51043;2040;1714;1675;1928;1561
51083;2129;1752;1682;1925;1689
51123;2174;1772;1686;1941;1680
51163;2198;1782;1688;1950;1689
51193;2210;1787;1688;1961;1682
51233;2215;1789;1688;1976;1660
51273;2218;1790;1688;2005;1576
51313;2180;1791;1689;2003;1579
51343;2081;1791;1682;2011;1578
51383;1979;1791;1649;1983;1583
51423;1879;1792;1605;1980;1584
51463;1788;1792;1559;1958;1584
51493;1696;1792;1517;1942;1588
51533;1597;1792;1472;1932;1588
51573;1537;1792;1437;1941;1586
51613;1492;1792;1408;1950;1584
51643;1470;1792;1388;1939;1586
51683;1449;1792;1372;1924;1588
51723;1433;1792;1361;1926;1585
51763;1417;1792;1350;1937;1583
51793;1408;1792;1345;1945;1583
51833;1403;1791;1343;1948;1585
51873;1401;1789;1341;1937;1587
51913;1401;1785;1341;1953;1590
51943;1401;1755;1341;1980;1586
51983;1402;1685;1372;1999;1589
52023;1400;1605;1419;2014;1587
52063;1409;1562;1461;2012;1586
52093;1426;1540;1490;2005;1593
52133;1435;1528;1506;2005;1588
52173;1438;1523;1514;2009;1592
52213;1459;1520;1534;2017;1591
52243;1472;1519;1549;1998;1584
52283;1483;1519;1563;1984;1586
52323;1536;1521;1579;1971;1585
52363;1652;1545;1599;1937;1587
52393;1731;1574;1610;1922;1586
52433;1798;1613;1618;1923;1586
52473;1872;1668;1633;1919;1585
52513;1946;1722;1646;1919;1587
52543;2058;1763;1662;1890;1602
52583;2134;1793;1671;1862;1673
52623;2186;1814;1681;1836;1736
52663;2216;1826;1686;1844;1737
52693;2231;1833;1689;1858;1736
52723;2237;1837;1690;1861;1738
52763;2241;1839;1691;1863;1735
52803;2242;1840;1692;1874;1720
52843;2243;1840;1692;1905;1701
52883;2242;1840;1692;1921;1680
52923;2242;1840;1692;1943;1640
52963;2234;1840;1692;1973;1582
52993;2232;1840;1692;1965;1574
53033;2190;1839;1692;1966;1582
53073;2071;1839;1678;1960;1583
53113;1986;1839;1652;1963;1583
53143;1924;1839;1629;1955;1592
53183;1868;1839;1599;1959;1586
53223;1815;1839;1564;1963;1581
53263;1750;1839;1533;1970;1581
53293;1684;1839;1506;1979;1580
53333;1604;1839;1478;1985;1582
53373;1551;1839;1450;1981;1581
53413;1518;1838;1429;1983;1582
53443;1499;1839;1410;1981;1582
53483;1487;1839;1398;1984;1582
53523;1474;1839;1386;1981;1582
53563;1460;1839;1368;1984;1582
53593;1452;1839;1358;1979;1585
53633;1447;1839;1348;1982;1584
53673;1440;1839;1343;1972;1584
53713;1437;1839;1341;1972;1590
53743;1436;1839;1340;1972;1589
53783;1439;1839;1340;1967;1590
53823;1443;1837;1339;1977;1587
53863;1444;1837;1339;1987;1588
53893;1445;1836;1338;2000;1595
53933;1445;1836;1338;2013;1598
53973;1451;1836;1339;2018;1600
54013;1461;1823;1355;2017;1599
54043;1467;1811;1370;2031;1601
54083;1474;1803;1388;2032;1597
54123;1470;1797;1403;2030;1600
54163;1485;1794;1413;2030;1602
54193;1495;1792;1419;2032;1604
54233;1508;1791;1425;2036;1602
54273;1552;1790;1441;2036;1601
54313;1593;1791;1453;2044;1602
54343;1617;1791;1459;2046;1601
54383;1627;1791;1462;2046;1597
54423;1622;1791;1464;2059;1600
54463;1626;1791;1465;2060;1602
54493;1619;1791;1465;2066;1603
54533;1612;1791;1465;2057;1599
54573;1609;1791;1466;2045;1598
54613;1610;1791;1466;2048;1596
54643;1598;1791;1466;2034;1598
54683;1647;1791;1474;2023;1599
54723;1705;1790;1495;2027;1602
54763;1759;1791;1523;2034;1600
54793;1800;1791;1550;2038;1598
54833;1857;1791;1582;2038;1598
54873;1916;1791;1616;2038;1600
54913;1975;1791;1651;2039;1606
54933;2066;1791;1668;2015;1609
54983;2117;1792;1678;2017;1615
55023;2151;1793;1684;1958;1636
55063;2178;1798;1691;1922;1650
55093;2205;1807;1697;1906;1726
55133;2225;1819;1701;1896;1759
55173;2236;1826;1706;1914;1751
55213;2240;1829;1712;1942;1738
55243;2245;1831;1716;1967;1721
55283;2248;1829;1718;1987;1669
55323;2237;1808;1719;2027;1602
55363;2207;1780;1720;2069;1591
55393;2169;1752;1719;2050;1595
55433;2047;1722;1719;2039;1598
55473;1931;1670;1709;2046;1600
55513;1723;1595;1691;2063;1602
55543;1605;1550;1670;2077;1598
55583;1542;1528;1653;2040;1598
55623;1494;1517;1634;2028;1598
55663;1455;1512;1618;2027;1596
55693;1432;1509;1607;2028;1598
55733;1414;1508;1594;2025;1592
55773;1404;1507;1582;2016;1592
55813;1399;1507;1576;2001;1594
55843;1397;1507;1573;1996;1590
55883;1397;1507;1572;1989;1589
55923;1397;1507;1571;1985;1593
55963;1397;1507;1571;1981;1588
55993;1398;1507;1571;1958;1599
56033;1437;1508;1571;1960;1595
56073;1505;1511;1586;1958;1603
56113;1621;1521;1603;1945;1599
56143;1703;1539;1620;1941;1590
56173;1772;1572;1635;1929;1591
56213;1830;1606;1646;1919;1594
56253;1894;1663;1657;1913;1592
56293;1956;1715;1667;1915;1597
56333;2062;1758;1676;1885;1591
56373;2115;1780;1680;1873;1607
56413;2143;1791;1683;1875;1605
56443;2160;1799;1684;1862;1618
56483;2172;1808;1685;1849;1630
56523;2178;1813;1685;1857;1627
56563;2181;1815;1686;1869;1621
56593;2182;1817;1685;1882;1621
56633;2182;1817;1686;1898;1613
56673;2183;1817;1686;1944;1608
56713;2182;1817;1686;1978;1601
56743;2179;1816;1685;2000;1588
56783;2179;1816;1685;2015;1592
56823;2175;1815;1685;2019;1592
56863;2149;1801;1686;2020;1593
56893;2057;1778;1685;2026;1597
56933;1992;1753;1685;2024;1598
56973;1934;1719;1685;2011;1603
57013;1870;1692;1682;2008;1603
57043;1824;1674;1670;2011;1601
57083;1763;1650;1657;2010;1602
57123;1621;1589;1642;2028;1607
57163;1537;1548;1631;2042;1600
57193;1493;1527;1626;2041;1601
57233;1463;1514;1618;2030;1605
57273;1431;1498;1613;2039;1603
57313;1400;1466;1611;2049;1600
57343;1359;1434;1610;2051;1607
57383;1322;1396;1609;2075;1605
57423;1303;1377;1609;2062;1602
57463;1293;1367;1610;2051;1600
57493;1288;1362;1609;2033;1597
57533;1285;1359;1610;2010;1602
57573;1285;1357;1610;2008;1605
57613;1284;1357;1610;2013;1606
57643;1283;1357;1610;2006;1601
57683;1285;1357;1610;1992;1597
57723;1287;1357;1611;1978;1595
57763;1308;1357;1611;1970;1596
57793;1354;1358;1611;1957;1595
57833;1403;1363;1613;1947;1602
57873;1453;1377;1629;1945;1593
57913;1552;1407;1642;1940;1595
57943;1641;1433;1650;1925;1598
57973;1677;1457;1654;1924;1595
58013;1723;1471;1657;1943;1597
58053;1764;1497;1662;1943;1592
58093;1787;1518;1664;1931;1598
58133;1809;1546;1666;1936;1593
58173;1849;1586;1668;1935;1595
58213;1885;1620;1672;1923;1596
58243;1908;1641;1675;1924;1593
58283;1923;1664;1677;1924;1593
58323;1940;1685;1678;1926;1599
58363;1958;1702;1679;1930;1593
58393;1967;1710;1679;1940;1589
58433;1972;1715;1679;1943;1593
58473;1973;1717;1679;1932;1602
58513;1974;1718;1679;1925;1601
58543;1985;1726;1681;1920;1598
58583;2003;1746;1680;1907;1602
58623;2012;1757;1681;1928;1598
58663;2017;1762;1681;1952;1592
58693;2019;1764;1680;1964;1593
58733;2020;1766;1682;1991;1601
58773;2021;1767;1683;2003;1607
58813;2021;1767;1684;2011;1607
58843;2019;1767;1684;2022;1609
58873;2012;1766;1685;2019;1609
58913;2011;1764;1685;2026;1601
58953;2010;1763;1685;2025;1610
58993;2010;1763;1685;2023;1606
59033;2010;1763;1684;2016;1604
59073;2010;1763;1684;2009;1607
59113;2010;1763;1685;1987;1606
59143;2011;1763;1685;1971;1600
59183;2011;1763;1685;2015;1617
59223;2011;1764;1685;1986;1594
59263;2011;1764;1685;2018;1600
59293;2011;1764;1685;2013;1600
59333;2011;1763;1685;2011;1604
59373;2011;1762;1685;2014;1606
59413;2009;1760;1685;2006;1604
59443;2010;1761;1685;2020;1611
59473;2009;1760;1685;2017;1604
59513;2008;1760;1685;2023;1607
59553;2001;1740;1684;2022;1598
59593;1964;1685;1684;2051;1608
59633;1886;1609;1684;2037;1601
59673;1793;1548;1685;2027;1600
59713;1721;1520;1685;1995;1594
59743;1687;1506;1686;1993;1589
59783;1672;1499;1686;1996;1592
59823;1663;1495;1686;1987;1596
59863;1656;1493;1685;1985;1583
59893;1642;1492;1685;1977;1589
59933;1623;1492;1685;1957;1587
59973;1596;1492;1681;1950;1588
60013;1550;1492;1668;1940;1587
60043;1526;1492;1659;1937;1585
60083;1506;1493;1643;1926;1590
60123;1480;1494;1627;1927;1582
60163;1462;1494;1610;1934;1585
60193;1429;1493;1585;1925;1588
60233;1398;1493;1564;1927;1589
60273;1384;1493;1553;1921;1582
60313;1377;1493;1548;1917;1590
60343;1374;1493;1546;1911;1585
60383;1372;1493;1545;1913;1585
60423;1371;1493;1544;1910;1584
60463;1371;1494;1543;1909;1583
60493;1370;1494;1543;1915;1585
60533;1370;1493;1543;1917;1587
60573;1370;1493;1543;1918;1587
60613;1369;1493;1543;1912;1586
60643;1368;1493;1543;1914;1583
60683;1368;1493;1543;1911;1583
60723;1365;1493;1543;1910;1585
60763;1366;1493;1543;1921;1585
60793;1367;1493;1543;1927;1588
60833;1367;1493;1543;1943;1591
60873;1367;1493;1543;1944;1591
60913;1367;1493;1543;1948;1590
60943;1367;1494;1543;1945;1590
60983;1368;1494;1543;1948;1590
61023;1368;1494;1543;1948;1591
61063;1366;1492;1543;1947;1592
61093;1372;1488;1543;1953;1595
61123;1376;1487;1543;1970;1595
61163;1409;1487;1551;1984;1591
61203;1440;1486;1566;1988;1604
61243;1455;1486;1574;2014;1594
61283;1505;1486;1597;1998;1592
61323;1623;1490;1624;1957;1600
61363;1681;1493;1640;1982;1588
61393;1724;1499;1657;1979;1589
61423;1783;1526;1671;1946;1594
61463;1819;1552;1678;1940;1600
61503;1837;1567;1682;1951;1586
61543;1885;1608;1686;1944;1594
61583;1929;1647;1690;1911;1598
61623;1975;1701;1692;1925;1596
61663;2081;1750;1693;1874;1644
61693;2148;1782;1694;1866;1693
61733;2180;1798;1695;1898;1686
61773;2198;1806;1696;1953;1676
61813;2206;1811;1696;1967;1667
61843;2209;1814;1696;1985;1645
61873;2211;1810;1696;2017;1629
61913;2194;1782;1696;2035;1594
61953;2093;1734;1696;2040;1597
61993;1994;1684;1696;2026;1602
62033;1892;1650;1695;2025;1603
62073;1845;1634;1690;2019;1603
62113;1805;1625;1680;2014;1597
62143;1777;1621;1664;2014;1595
62173;1736;1619;1650;2012;1597
62213;1701;1618;1634;2001;1593
62253;1608;1618;1620;1996;1591
62293;1550;1618;1600;1987;1588
62323;1517;1618;1580;1978;1585
62363;1488;1618;1554;1972;1589
62403;1466;1618;1532;1970;1587
62443;1441;1618;1514;1971;1588
62483;1420;1618;1500;1968;1587
62523;1392;1618;1481;1973;1584
62563;1371;1618;1466;1985;1584
62593;1359;1618;1458;1984;1588
62623;1340;1618;1455;1988;1585
62663;1336;1615;1451;2008;1589
62703;1328;1609;1447;2014;1593
62743;1320;1606;1443;2011;1593
62783;1316;1600;1441;2006;1589
62823;1315;1593;1440;2002;1592
62863;1314;1578;1439;2008;1594
62893;1313;1533;1439;2020;1598
62933;1313;1467;1454;2039;1599
62973;1311;1422;1479;2042;1603
63013;1310;1390;1499;2044;1607
63043;1313;1373;1514;2051;1606
63083;1332;1365;1544;2077;1607
63123;1359;1362;1570;2071;1616
63163;1372;1360;1585;2077;1612
63193;1386;1360;1593;2077;1613
63233;1431;1381;1607;2050;1609
63273;1458;1394;1616;2027;1606
63313;1524;1408;1626;2057;1609
63343;1645;1451;1641;2038;1605
63383;1720;1487;1649;1995;1617
63423;1757;1505;1653;2067;1604
63463;1799;1540;1656;2084;1611
63493;1844;1584;1661;2074;1611
63533;1883;1620;1664;2075;1612
63573;1940;1672;1671;2082;1614
63613;2053;1733;1677;2002;1629
63643;2113;1764;1680;1992;1652
63673;2149;1779;1682;1988;1678
63713;2195;1807;1686;1961;1772
63753;2220;1829;1688;1953;1789
63793;2233;1840;1689;1966;1769
63833;2239;1845;1689;1963;1773
63873;2242;1848;1690;1961;1764
63913;2244;1850;1690;1962;1755
63943;2244;1851;1691;1965;1740
63983;2245;1852;1692;1991;1707
64023;2247;1852;1692;2016;1704
64063;2248;1849;1692;2039;1675
64093;2247;1839;1692;2029;1643
64133;2238;1828;1691;2043;1618
64173;2218;1824;1691;2052;1597
64213;2182;1820;1691;2054;1601
64243;2151;1810;1691;2052;1602
64283;2046;1788;1691;2043;1604
64323;1952;1740;1691;2051;1606
64363;1885;1698;1684;2050;1605
64393;1828;1665;1668;2037;1602
64423;1788;1648;1655;2025;1602
64463;1748;1637;1643;2000;1601
64503;1706;1626;1636;1987;1604
64543;1658;1613;1631;1987;1608
64573;1587;1600;1626;1985;1605
64613;1543;1591;1615;1999;1597
64653;1510;1586;1597;1996;1597
64693;1478;1584;1577;1988;1601
64733;1438;1583;1548;1978;1604
64773;1412;1582;1527;1967;1603
64813;1395;1582;1516;1972;1604
64843;1383;1582;1511;1976;1603
64883;1378;1582;1508;1987;1609
64923;1375;1579;1507;1977;1612
64963;1373;1572;1506;1993;1622
64993;1369;1559;1505;1989;1623
65023;1378;1544;1506;2004;1623
65063;1384;1533;1512;1995;1628
65103;1402;1528;1530;1994;1629
65143;1444;1525;1559;2000;1635
65183;1514;1524;1589;2004;1636
65223;1625;1521;1608;1990;1624
65263;1708;1530;1628;1978;1614
65293;1782;1552;1647;1954;1602
65333;1839;1581;1659;1944;1605
65373;1885;1611;1668;1929;1588
65413;1942;1666;1674;1953;1588
65443;1981;1712;1678;1925;1588
65483;2066;1746;1679;1879;1594
65523;2113;1766;1680;1870;1600
27;2140;1784;1681;1854;1608
57;2153;1794;1681;1863;1611
97;2159;1799;1680;1859;1606
137;2162;1802;1680;1873;1605
177;2164;1803;1680;1872;1602
207;2165;1804;1681;1881;1589
247;2166;1805;1681;1895;1591
287;2166;1805;1681;1905;1595
327;2165;1805;1681;1917;1603
357;2166;1804;1683;1943;1603
397;2168;1800;1684;1983;1603
437;2171;1791;1685;2005;1596
477;2082;1744;1685;2014;1603
507;2024;1697;1686;2015;1602
547;1968;1643;1686;2012;1599
587;1916;1582;1686;2014;1602
627;1855;1524;1686;2019;1607
657;1802;1469;1686;2015;1618
687;1752;1436;1686;2025;1604
727;1685;1417;1686;2025;1608
767;1614;1407;1686;2005;1604
807;1579;1402;1686;1984;1608
847;1560;1400;1686;1982;1607
887;1535;1399;1686;1978;1607
927;1511;1399;1686;1981;1597
957;1495;1399;1683;1972;1595
997;1462;1399;1662;1972;1591
1037;1422;1401;1634;1957;1595
1077;1385;1403;1607;1934;1593
1107;1357;1404;1583;1932;1595
1147;1337;1413;1562;1905;1587
1187;1327;1418;1551;1908;1592
1227;1323;1422;1546;1889;1591
1257;1326;1424;1543;1897;1592
1287;1348;1424;1542;1906;1591
1327;1373;1427;1542;1908;1593
1367;1386;1430;1541;1916;1593
1407;1386;1435;1541;1926;1590
1447;1361;1438;1541;1931;1584
1487;1320;1446;1510;1909;1592
1527;1290;1466;1471;1886;1598
1557;1267;1486;1431;1875;1602
1597;1247;1505;1390;1880;1593
1637;1220;1521;1351;1886;1601
1677;1199;1535;1313;1879;1606
1707;1185;1542;1287;1882;1599
1747;1178;1545;1274;1888;1597
1787;1175;1547;1268;1900;1605
1827;1174;1548;1264;1879;1605
1857;1173;1548;1262;1902;1605
1897;1182;1548;1261;1918;1601
1937;1206;1548;1285;1950;1603
1977;1217;1542;1304;1966;1611
2007;1238;1525;1342;1987;1613
2047;1280;1517;1399;1995;1618
2087;1318;1513;1444;1989;1622
2127;1366;1511;1482;1992;1625
2157;1404;1510;1511;1991;1627
2197;1439;1509;1539;1976;1619
2237;1480;1515;1560;1959;1631
2277;1602;1536;1578;1935;1621
2307;1707;1588;1593;1942;1597
2347;1814;1673;1607;1910;1603
2387;1902;1732;1618;1922;1589
2427;2039;1800;1636;1847;1630
2457;2111;1838;1646;1851;1623
2497;2147;1857;1651;1872;1631
2537;2171;1866;1656;1853;1648
2577;2184;1871;1661;1864;1658
2607;2191;1874;1665;1868;1644
2647;2194;1875;1668;1866;1650
2687;2196;1876;1669;1852;1652
2727;2197;1876;1669;1843;1651
2757;2197;1876;1670;1847;1654
2797;2197;1876;1670;1852;1654
2837;2197;1876;1670;1849;1648
2877;2197;1876;1670;1867;1643
2907;2197;1876;1671;1883;1631
2947;2198;1877;1671;1896;1627
2987;2198;1877;1671;1906;1626
3027;2199;1877;1671;1935;1636
3057;2201;1876;1671;1949;1632
3097;2197;1873;1671;1991;1625
3137;2195;1867;1671;2035;1617
3177;2189;1861;1671;2032;1605
3207;2170;1845;1671;2039;1605
3247;2059;1816;1672;2042;1608
3287;1961;1760;1672;2038;1611
3327;1876;1712;1667;2040;1626
3357;1821;1688;1659;2028;1620
3397;1785;1676;1640;2016;1630
3437;1744;1670;1622;2018;1623
3477;1682;1667;1608;2013;1626
3507;1612;1666;1595;2012;1625
3547;1554;1666;1578;2017;1626
3587;1519;1666;1560;2018;1623
3627;1490;1665;1540;2023;1625
3657;1467;1665;1523;2026;1627
3697;1433;1665;1501;2027;1629
3737;1405;1665;1480;2040;1624
3777;1363;1664;1454;2044;1625
3807;1348;1663;1435;2045;1622
3847;1341;1662;1425;2039;1623
3887;1337;1661;1421;2030;1630
3927;1335;1658;1419;2037;1633
3957;1334;1642;1418;2055;1635
3997;1329;1579;1429;2085;1635
4037;1350;1539;1470;2087;1630
4077;1362;1512;1498;2105;1649
4107;1374;1494;1523;2089;1649
4147;1395;1484;1546;2101;1633
4187;1404;1479;1560;2152;1657
4227;1435;1477;1583;2152;1647
4257;1460;1476;1599;2167;1644
4297;1558;1476;1624;2183;1650
4337;1613;1476;1637;2150;1648
4377;1641;1476;1644;2115;1631
4407;1655;1476;1648;2090;1628
4447;1660;1476;1650;2043;1640
4487;1690;1478;1651;2018;1617
4527;1707;1484;1651;2008;1602
4557;1718;1487;1651;2007;1619
4597;1715;1498;1652;1985;1604
4637;1728;1504;1652;1975;1603
4677;1775;1526;1664;1968;1605
4707;1830;1563;1676;1966;1599
4747;1854;1584;1684;1919;1606
4787;1936;1650;1699;1919;1599
4827;2071;1718;1711;1791;1662
4857;2137;1754;1716;1811;1668
4897;2175;1772;1719;1825;1700
4937;2226;1811;1721;1787;1780
4977;2250;1829;1722;1773;1797
5007;2262;1838;1722;1782;1785
5047;2269;1843;1725;1830;1782
5087;2273;1847;1728;1869;1704
5127;2245;1796;1729;1899;1588
5157;2080;1692;1730;1898;1595
5197;1787;1539;1728;1900;1612
5237;1584;1429;1709;1877;1584
5277;1457;1367;1688;1887;1599
5317;1378;1326;1673;1887;1595
5387;1338;1305;1666;1895;1598
5427;1318;1295;1662;1889;1602
5457;1308;1290;1660;1893;1602
5497;1302;1287;1660;1893;1602
5537;1300;1286;1659;1898;1604
5577;1299;1285;1659;1898;1601
5607;1299;1285;1659;1893;1603
5637;1298;1285;1658;1902;1603
5677;1297;1285;1658;1889;1604
5717;1298;1284;1658;1890;1597
5757;1298;1284;1658;1894;1603
5797;1298;1284;1658;1904;1609
5837;1297;1284;1658;1907;1610
5877;1296;1285;1658;1909;1609
5907;1296;1286;1658;1901;1609
5947;1297;1286;1658;1892;1608
5987;1298;1287;1658;1895;1608
6027;1298;1293;1659;1899;1610
6057;1298;1298;1659;1892;1609
6097;1299;1301;1658;1911;1604
6137;1301;1302;1658;1919;1606
6177;1314;1302;1659;1914;1606
6207;1340;1318;1659;1904;1609
6247;1369;1326;1659;1909;1606
6287;1406;1331;1659;1928;1608
6327;1457;1361;1659;1912;1620
6357;1483;1390;1659;1903;1621
6387;1513;1406;1659;1912;1623
6427;1591;1416;1663;1947;1619
6467;1707;1468;1677;1974;1621
6507;1781;1519;1684;1942;1620
6547;1822;1545;1687;1953;1614
6587;1921;1607;1689;1971;1622
6627;2052;1688;1691;1888;1642
6657;2118;1728;1691;1890;1651
6687;2151;1749;1692;1895;1632
6727;2168;1759;1692;1914;1639
6767;2176;1764;1692;1909;1634
6807;2180;1767;1692;1899;1641
6847;2182;1768;1692;1904;1636
6887;2183;1769;1692;1912;1638
6927;2183;1769;1692;1935;1632
6957;2182;1769;1691;1940;1637
6997;2182;1769;1691;1975;1627
7027;2183;1769;1691;1975;1626
7037;2183;1769;1691;1983;1622
7077;2187;1769;1691;1985;1623
7107;2185;1769;1692;1979;1625
7147;2169;1769;1692;1971;1619
7187;2082;1769;1692;1958;1615
7227;2016;1769;1692;1955;1613
7257;1965;1769;1688;1940;1625
7297;1921;1769;1673;1924;1622
7337;1872;1769;1651;1917;1617
7377;1834;1769;1630;1915;1613
7407;1795;1770;1613;1912;1614
7447;1766;1770;1595;1891;1610
7487;1755;1770;1581;1889;1609
7527;1731;1770;1568;1891;1611
7557;1714;1770;1548;1868;1608
7597;1614;1770;1527;1850;1610
7637;1568;1770;1510;1847;1609
7677;1538;1770;1494;1829;1618
7707;1516;1770;1480;1841;1618
7737;1502;1769;1471;1844;1614
7777;1491;1769;1465;1849;1613
7817;1484;1769;1458;1846;1606
7857;1467;1769;1448;1853;1601
7897;1456;1768;1438;1869;1607
7937;1435;1765;1427;1892;1605
7977;1424;1764;1420;1897;1610
8007;1411;1763;1414;1902;1608
8037;1406;1762;1409;1899;1609
8077;1404;1761;1406;1905;1610
8117;1403;1762;1405;1913;1612
8157;1402;1762;1404;1935;1621
8197;1402;1761;1404;1958;1633
8237;1396;1741;1404;1983;1626
8277;1355;1657;1405;1998;1631
8307;1307;1560;1405;2015;1623
8347;1267;1475;1405;2038;1625
8387;1247;1432;1405;2006;1626
8427;1229;1411;1406;1974;1625
8457;1220;1400;1405;1939;1621
8497;1216;1394;1405;1920;1625
8537;1214;1391;1404;1920;1627
8577;1212;1389;1405;1936;1619
8597;1211;1389;1405;1936;1613
8637;1220;1388;1428;1923;1627
8677;1243;1388;1460;1914;1627
8717;1271;1388;1490;1929;1627
8757;1318;1388;1530;1956;1631
8797;1355;1389;1556;1976;1634
8837;1385;1389;1575;2003;1628
8877;1422;1390;1597;2009;1621
8907;1450;1397;1612;2004;1639
8937;1470;1401;1621;2000;1638
8977;1483;1404;1628;2013;1636
9017;1496;1406;1632;2012;1638
9057;1511;1414;1635;1998;1637
9097;1561;1425;1638;1994;1632
9137;1635;1449;1641;1979;1631
9177;1673;1475;1645;1977;1631
9207;1693;1489;1647;1977;1628
9237;1729;1502;1648;1980;1630
9277;1749;1518;1649;1984;1626
9317;1761;1528;1649;1976;1633
9357;1771;1533;1649;1977;1630
9397;1788;1553;1649;1982;1625
9437;1813;1582;1649;1979;1632
9477;1847;1617;1649;1990;1632
9507;1891;1667;1650;1966;1632
9537;1911;1693;1650;1971;1642
9577;1921;1705;1652;1986;1620
9617;1935;1712;1655;2032;1639
9657;1955;1719;1663;1993;1638
9697;1986;1741;1671;1995;1642
9737;2085;1785;1678;1943;1703
9777;2165;1822;1684;1897;1817
9807;2224;1875;1689;1906;1896
9837;2264;1909;1691;1917;1922
9877;2290;1936;1693;1927;2029
9917;2332;1975;1697;1888;2156
9957;2359;1998;1699;1863;2262
9997;2374;2072;1700;1860;2260
10037;2381;2110;1700;1860;2219
10137;2384;2128;1703;1837;2197
10177;2386;2137;1705;1831;2198
10217;2387;2141;1706;1835;2150
10257;2388;2143;1706;1849;2105
10297;2388;2143;1706;1849;2069
10337;2386;2143;1706;1858;1946
10377;2390;2143;1706;1868;1912
10407;2382;2140;1707;1871;1803
10437;2369;2137;1707;1862;1748
10477;2351;2135;1706;1863;1729
10517;2341;2134;1706;1853;1736
10557;2338;2133;1706;1857;1741
10597;2335;2133;1706;1858;1744
10637;2333;2133;1706;1859;1743
10677;2333;2133;1707;1861;1749
10707;2333;2134;1707;1858;1746
10747;2334;2134;1707;1857;1746
10787;2333;2134;1707;1854;1749
10827;2332;2134;1707;1855;1747
10857;2331;2134;1707;1854;1755
10887;2331;2134;1707;1853;1753
10927;2331;2134;1707;1852;1757
10967;2331;2134;1707;1853;1762
11007;2331;2134;1707;1850;1762
11047;2331;2134;1707;1849;1759
11087;2331;2134;1707;1852;1757
11127;2331;2134;1707;1851;1758
11157;2331;2134;1707;1842;1760
11197;2330;2134;1707;1848;1748
11237;2330;2134;1707;1840;1762
11277;2330;2134;1707;1840;1761
11307;2330;2134;1707;1837;1753
11337;2330;2134;1707;1834;1756
11377;2330;2134;1706;1830;1753
11417;2330;2134;1706;1839;1751
11457;2330;2134;1706;1840;1751
11497;2329;2134;1706;1841;1746
11537;2329;2134;1706;1839;1746
11577;2329;2134;1706;1833;1743
11607;2329;2134;1707;1831;1751
11637;2329;2134;1707;1829;1752
11677;2329;2134;1707;1825;1760
11717;2328;2134;1707;1831;1763
11757;2328;2135;1707;1833;1767
11797;2328;2135;1707;1832;1777
11837;2328;2135;1707;1830;1779
11877;2327;2135;1707;1829;1777
11907;2328;2135;1707;1828;1780
11937;2328;2135;1707;1827;1783
11977;2327;2135;1707;1824;1785
12017;2327;2135;1707;1828;1784
12057;2327;2135;1707;1835;1782
12097;2327;2135;1707;1836;1784
12137;2327;2135;1708;1831;1782
12177;2327;2135;1707;1832;1784
12207;2328;2135;1707;1835;1785
12237;2328;2135;1707;1831;1786
12277;2328;2135;1707;1834;1784
12317;2328;2135;1707;1832;1786
12357;2328;2135;1707;1829;1784
12397;2328;2135;1707;1837;1785
12437;2328;2135;1707;1836;1786
12447;2329;2135;1707;1836;1783
12487;2330;2135;1707;1830;1786
12527;2330;2135;1707;1818;1785
12587;2330;2135;1707;1822;1788
12627;2329;2135;1707;1814;1789
12657;2329;2135;1707;1804;1786
12687;2329;2135;1707;1783;1794
12727;2329;2135;1708;1778;1794
12767;2329;2135;1708;1781;1795
12807;2329;2135;1708;1778;1796
12847;2328;2135;1708;1773;1796
12887;2328;2135;1708;1773;1796
12927;2327;2135;1708;1776;1792
12957;2327;2135;1708;1776;1792
12987;2327;2135;1708;1778;1790
13027;2327;2135;1708;1779;1786
13067;2327;2135;1708;1781;1787
13107;2327;2135;1708;1782;1785
13147;2327;2135;1707;1783;1780
13187;2327;2135;1707;1785;1788
13227;2327;2135;1707;1788;1782
13257;2327;2135;1707;1795;1786
13287;2327;2135;1707;1801;1787
13327;2329;2135;1707;1812;1781
13367;2333;2135;1707;1820;1777
13407;2326;2135;1707;1833;1740
13447;2322;2135;1707;1847;1699
13487;2314;2135;1707;1856;1693
13527;2310;2135;1707;1854;1699
13557;2307;2135;1707;1856;1700
13587;2306;2135;1707;1854;1702
13627;2305;2135;1707;1852;1702
13667;2304;2136;1708;1854;1699
13707;2302;2136;1708;1853;1700
13747;2302;2136;1707;1850;1698
13787;2301;2137;1707;1850;1698
13827;2300;2137;1707;1850;1700
13857;2299;2137;1707;1851;1698
13887;2299;2137;1707;1850;1698
13927;2300;2137;1707;1852;1697
13967;2301;2138;1707;1858;1678
14007;2291;2074;1707;1869;1637
14047;2287;2041;1707;1875;1637
14087;2284;2025;1707;1868;1639
14127;2283;2017;1707;1862;1640
14157;2282;2013;1707;1865;1644
14187;2282;2011;1707;1866;1635
14227;2282;2010;1707;1868;1638
14267;2282;2009;1707;1867;1638
14307;2282;2009;1707;1868;1639
14347;2281;2009;1707;1867;1632
14387;2281;2009;1707;1864;1637
14427;2281;2009;1707;1863;1638
14457;2281;2009;1707;1863;1636
14487;2280;2009;1707;1864;1636
14527;2280;2009;1707;1862;1639
14537;2280;2009;1707;1862;1640
14567;2280;2009;1707;1859;1636
14607;2280;2009;1707;1859;1640
14697;2280;2009;1707;1863;1639
14717;2280;2008;1707;1863;1640
14727;2280;2008;1707;1863;1638