
51909;1229;734;935;2508;2010
52029;1844;1101;1402;2509;2010
52069;2152;1285;1636;2510;2010
52099;2305;1377;1753;2508;2010
52139;2382;1423;1812;2508;2011
52179;2420;1446;1841;2509;2009
52219;2439;1457;1855;2509;2014
52249;2449;1463;1863;2511;2013
52289;2455;1466;1866;2511;2015
52329;2457;1468;1868;2510;2014
52369;2458;1469;1869;2519;2012
52399;2459;1469;1869;2509;2012
52439;2459;1469;1870;2512;2007
52479;2459;1469;1870;2510;2008
52519;2459;1469;1870;2510;2010
52549;2459;1469;1870;2514;2012
52589;2459;1469;1870;2510;2007
52629;2459;1469;1870;2508;2009
52669;2459;1469;1870;2511;2008
52699;2458;1469;1870;2511;2007
52739;2459;1469;1870;2510;2008
52779;2459;1469;1870;2512;2008
52819;2459;1469;1870;2516;2009
52849;2459;1469;1870;2512;2009
52889;2459;1469;1870;2522;2008
52929;2459;1469;1870;2506;2007
52959;2459;1469;1870;2516;2006
52969;2459;1469;1870;2518;2009
52999;2459;1469;1870;2514;2006
53039;2459;1469;1871;2518;2008
53079;2459;1469;1871;2514;2008
53119;2458;1469;1871;2519;2010
53149;2458;1469;1870;2499;2008
53189;2459;1470;1870;2518;2003
53229;2461;1471;1869;2510;1993
53269;2461;1471;1869;2528;1994
53299;2462;1471;1870;2503;1991
53339;2462;1471;1871;2565;1988
53379;2462;1471;1871;2573;1988
53419;2462;1471;1870;2625;2001
53449;2463;1471;1870;2631;2011
53489;2464;1472;1870;3336;3697
53529;2464;1471;1869;3558;3907
53569;2461;1471;1869;4095;4095
53619;2460;1471;1869;4095;4095
53659;2458;1470;1868;4095;4095
53699;2456;1470;1868;4095;4095
53739;2457;1470;1868;4095;4095
53819;2458;1471;1869;2426;2899
53859;2458;1471;1870;2448;2882
53899;2458;1471;1870;2131;2489
53939;2459;1472;1870;2169;2516
53979;2460;1472;1869;2200;2595
54019;2461;1472;1870;2231;2659
54049;2460;1472;1870;2337;2811
54079;2460;1473;1870;2438;2945
54089;2457;1473;1870;2439;2954
54129;2454;1473;1871;2263;2749
54169;2453;1474;1871;2256;2743
54199;2452;1474;1871;2384;2907
54239;2452;1474;1871;2536;3062
54279;2451;1475;1871;3333;4014
54319;2454;1475;1871;3283;3942
54349;2456;1475;1870;3111;3666
54389;2452;1475;1870;2688;3182
54429;2448;1475;1870;2590;3157
54469;2444;1475;1870;2419;2999
54499;2442;1475;1870;2436;2979
54539;2437;1476;1870;2594;3159
54579;2433;1476;1870;2700;3256
54619;2430;1476;1870;2641;3078
54649;2428;1476;1869;2690;3207
54689;2427;1476;1870;2435;2971
54729;2426;1476;1870;2022;2454
54769;2425;1476;1870;1955;2263
54799;2424;1476;1870;1959;2109
54839;2426;1476;1870;1908;2117
54879;2431;1474;1871;1915;2222
54919;2431;1474;1871;1897;2072
54949;2428;1474;1871;1885;2044
54989;2429;1474;1870;1924;1894
55029;2427;1475;1870;2013;2147
55069;2428;1475;1870;2507;2615
55099;2427;1475;1871;2463;2315
55129;2426;1475;1870;2428;2269
55139;2425;1475;1869;2410;2239
55179;2425;1475;1870;2397;2127
55219;2426;1475;1870;2357;2070
55249;2425;1475;1870;2216;1828
55289;2424;1475;1870;2220;1857
55329;2423;1475;1870;2225;1858
55369;2423;1475;1869;2233;1853
55399;2424;1475;1869;2229;1852
55439;2423;1476;1870;2227;1852
55479;2424;1476;1871;2227;1855
55519;2425;1476;1871;2239;1861
55549;2425;1476;1871;2238;1866
55589;2424;1476;1870;2236;1864
55629;2424;1476;1870;2242;1861
55659;2424;1476;1870;2248;1853
55699;2424;1476;1870;2255;1852
55739;2424;1476;1871;2252;1854
55779;2423;1476;1871;2250;1853
55819;2425;1476;1871;2248;1854
55849;2426;1476;1870;2247;1858
55889;2427;1476;1870;2236;1860
55929;2427;1476;1870;2235;1861
55969;2424;1476;1870;2239;1860
55999;2423;1475;1870;2239;1860
56039;2422;1475;1870;2245;1869
56079;2422;1475;1870;2243;1871
56119;2422;1476;1870;2244;1874
56149;2421;1476;1870;2247;1874
56189;2420;1476;1870;2245;1874
56229;2420;1476;1870;2243;1878
56269;2420;1476;1870;2248;1875
56299;2420;1476;1870;2247;1878
56339;2420;1476;1871;2251;1879
56379;2420;1475;1870;2249;1881
56419;2420;1475;1870;2249;1882
56449;2420;1475;1870;2252;1884
56489;2420;1475;1871;2252;1886
56529;2420;1476;1871;2251;1886
56569;2420;1476;1871;2252;1885
56599;2420;1476;1871;2252;1890
56639;2419;1476;1871;2254;1890
56679;2419;1476;1871;2258;1889
56719;2419;1476;1871;2256;1891
56749;2419;1476;1871;2261;1892
56789;2419;1476;1870;2261;1890
56829;2419;1476;1870;2261;1892
56869;2419;1476;1870;2260;1893
56899;2419;1476;1870;2258;1892
56939;2419;1476;1870;2258;1892
56979;2419;1476;1870;2261;1891
57019;2419;1476;1870;2262;1892
57049;2419;1476;1870;2263;1893
57089;2419;1476;1870;2262;1893
57129;2419;1476;1870;2264;1895
57169;2419;1476;1870;2261;1896
57199;2419;1476;1870;2263;1893
57239;2419;1476;1870;2263;1896
57279;2419;1476;1870;2261;1898
57319;2419;1476;1870;2263;1895
57349;2419;1476;1870;2264;1898
57389;2419;1476;1870;2265;1898
57429;2419;1476;1870;2264;1898
57469;2419;1476;1870;2265;1898
57499;2419;1476;1870;2264;1897
57539;2419;1475;1870;2264;1898
57579;2419;1475;1870;2266;1899
57609;2418;1475;1869;2263;1900
57619;2418;1475;1870;2264;1897
57649;2419;1475;1870;2268;1899
57689;2418;1475;1870;2266;1900
57729;2418;1475;1870;2263;1902
57769;2418;1475;1870;2265;1902
57809;2418;1476;1870;2266;1902
57849;2419;1476;1869;2265;1901
57889;2418;1476;1869;2266;1903
57919;2419;1476;1869;2265;1901
57959;2419;1476;1869;2266;1902
57999;2419;1476;1869;2270;1903
58039;2418;1476;1869;2271;1902
58069;2419;1475;1870;2269;1900
58099;2419;1475;1870;2272;1900
58139;2419;1476;1870;2273;1898
58229;2419;1476;1870;2275;1903
58289;2419;1476;1870;2277;1900
58329;2420;1476;1870;2276;1904
58409;2420;1476;1870;2276;1903
58449;2419;1476;1871;2276;1903
58489;2419;1476;1871;2280;1903
58519;2419;1476;1871;2277;1902
58559;2419;1476;1871;2281;1903
58599;2419;1476;1871;2281;1904
58639;2419;1476;1870;2281;1901
58669;2419;1476;1870;2283;1906
58709;2419;1476;1869;2283;1906
58749;2420;1476;1869;2284;1904
58789;2420;1476;1869;2283;1904
58819;2420;1476;1870;2287;1907
58859;2420;1476;1870;2288;1900
58899;2418;1476;1870;2289;1906
58939;2414;1475;1870;2289;1899
58969;2408;1472;1870;2305;1892
59009;2398;1461;1870;2360;1897
59049;2394;1457;1869;2413;1916
59089;2392;1455;1869;2429;1955
59119;2391;1454;1869;2467;1995
59159;2391;1454;1870;2536;2032
59199;2390;1454;1870;2724;2217
59239;2390;1454;1870;2862;2344
59269;2390;1454;1870;2878;2342
59309;2389;1454;1870;2908;2352
59349;2389;1455;1870;3097;2493
59389;2389;1455;1870;3090;2501
59419;2389;1455;1870;3071;2489
59519;2388;1456;1870;3240;2617
59569;2388;1456;1870;3189;2613
59609;2388;1457;1869;3218;2596
59649;2387;1457;1870;3239;2607
59689;2388;1457;1870;3262;2633
59719;2391;1455;1870;3306;2662
59759;2386;1454;1870;3539;2850
59799;2373;1435;1870;4032;3271
59839;2360;1424;1870;4095;3750
59879;2355;1417;1870;4095;3995
59909;2337;1401;1869;4095;4095
59949;2323;1386;1869;4095;4095
59989;2316;1380;1869;4095;4095
60029;2313;1378;1868;4095;4095
60059;2312;1377;1869;4095;4095
60099;2311;1376;1868;4095;4095
60139;2310;1375;1868;4095;4095
60179;2309;1375;1868;4095;4095
60209;2308;1375;1869;4095;4095
60249;2308;1374;1869;4095;4095
60289;2308;1374;1868;4095;4095
60319;2308;1374;1869;4095;4095
60359;2308;1374;1868;4095;4095
60399;2306;1374;1868;4095;4095
60439;2304;1374;1868;4095;4095
60479;2292;1367;1868;4095;4095
60509;2272;1351;1868;4095;4095
60549;2223;1303;1867;4095;4095
60589;2120;1261;1867;4095;4095
60629;2055;1232;1866;4095;4095
60659;2015;1219;1866;4095;4095
60699;1997;1213;1867;4095;4095
60739;1986;1209;1867;4095;4095
60769;1975;1201;1867;4095;4095
60809;1970;1191;1867;4095;4095
60849;1968;1186;1866;4095;4095
60889;1966;1182;1866;4095;4095
60919;1965;1176;1866;4095;4095
60959;1963;1171;1867;4095;4095
60999;1942;1161;1867;4095;4095
61039;1901;1136;1866;4095;4095
61079;1841;1095;1866;4095;4095
61109;1806;1068;1866;4095;4095
61149;1773;1045;1866;4095;4095
61189;1647;1008;1866;4095;4095
61219;1588;986;1866;4095;4095
61259;1559;975;1866;4095;4095
61299;1545;969;1866;4095;4095
61339;1538;966;1866;4095;4095
61379;1535;965;1867;4095;4095
61409;1533;965;1867;4095;4095
61449;1531;965;1867;4095;4095
61489;1531;965;1867;4095;4095
61519;1531;965;1867;4095;4095
61559;1531;964;1867;4095;4095
61599;1528;964;1867;4095;4095
61639;1520;964;1867;4095;4095
61679;1518;964;1867;4095;4095
61709;1517;965;1867;4095;4095
61749;1516;965;1866;4095;4095
61789;1516;965;1866;4095;4095
61829;1520;966;1867;4095;4095
61859;1552;967;1868;4095;4095
61899;1577;967;1869;4095;4095
61939;1596;967;1869;4095;4081
61969;1617;967;1869;4095;3902
62009;1683;976;1869;4095;3954
62049;1740;1010;1869;4095;3893
62089;1798;1051;1869;4095;3528
62119;1851;1088;1869;4095;3368
62159;1887;1115;1870;4095;3379
62199;1905;1128;1870;4095;3593
62239;1914;1134;1870;4095;3602
62269;1920;1140;1870;4095;3631
62309;1925;1148;1870;4095;3721
62349;1928;1152;1870;4095;3845
62389;1929;1160;1870;4095;3920
62419;1944;1166;1870;4095;3900
62459;1954;1179;1869;4095;3905
62499;1980;1207;1869;4095;3915
62539;2002;1235;1869;4095;3877
62569;2011;1249;1868;4095;3794
62609;2018;1255;1868;4095;3742
62649;2123;1295;1868;4095;3543
62689;2227;1360;1868;4095;3316
62719;2279;1394;1868;4095;3313
62759;2306;1411;1868;4095;3361
62799;2319;1420;1868;4095;3427
62839;2325;1424;1868;4095;3564
62869;2329;1426;1868;4095;3669
62909;2325;1428;1868;4095;3790
62949;2322;1428;1868;4095;3907
62989;2316;1427;1867;4095;4095
63029;2292;1414;1854;4095;4095
63059;2255;1397;1846;4095;4095
63099;2209;1367;1833;4095;4095
63139;2181;1353;1819;4095;4095
63179;2068;1346;1800;4095;4095
63209;1995;1343;1780;4095;4095
63239;1952;1341;1766;4095;4095
63279;1895;1337;1743;4095;4095
63319;1796;1332;1696;4095;4095
63359;1643;1333;1655;4095;4095
63399;1567;1334;1631;4095;4095
63439;1529;1334;1620;4095;4095
63469;1500;1335;1613;4095;4095
63509;1484;1335;1600;4095;4095
63549;1453;1335;1578;4095;4095
63579;1422;1335;1557;4095;4095
63609;1399;1335;1542;4095;4095
63649;1385;1335;1531;4095;4073
63689;1343;1335;1503;4095;3988
63729;1313;1336;1474;4095;3837
63769;1298;1336;1458;4095;3789
63799;1287;1336;1444;4095;3789
63839;1278;1337;1433;4095;3713
63879;1274;1337;1428;4095;3642
63919;1272;1337;1425;4095;3538
63949;1297;1337;1436;4095;3326
63979;1331;1337;1465;3601;2829
64019;1378;1336;1505;2988;2262
64059;1446;1334;1554;2882;2174
64109;1603;1333;1604;2790;2165
64149;1712;1334;1646;2681;2093
64189;1809;1335;1683;2504;1979
64229;1909;1335;1715;2491;1948
64239;1966;1336;1733;2525;1961
64289;2060;1336;1743;2590;1990
64329;2110;1336;1748;2601;2014
64359;2138;1336;1751;2627;2014
64399;2160;1336;1753;2627;2034
64439;2170;1337;1754;2652;2048
64479;2174;1338;1754;2698;2058
64519;2176;1340;1755;2691;2072
64559;2177;1341;1755;2709;2086
64599;2174;1342;1755;2730;2111
64639;2170;1342;1754;2849;2175
64669;2167;1342;1754;3020;2345
64709;2068;1342;1754;3062;2403
64739;1974;1342;1754;3043;2359
64779;1875;1343;1740;3029;2373
64819;1697;1344;1701;3027;2386
64849;1592;1344;1668;3017;2369
64859;1531;1345;1648;3016;2366
64899;1483;1345;1628;3017;2370
64939;1459;1345;1615;3037;2383
64969;1443;1345;1607;3055;2389
65009;1416;1345;1592;3050;2392
65049;1397;1345;1579;3042;2383
65089;1381;1345;1568;3053;2395
65119;1373;1345;1561;3062;2408
65159;1349;1345;1544;3047;2385
65199;1322;1345;1529;3053;2389
65239;1306;1345;1518;3069;2412
65269;1281;1344;1499;3078;2407
65419;1245;1344;1472;3081;2412
65459;1228;1344;1459;3056;2397
65489;1219;1343;1452;3039;2382
65529;1215;1341;1449;2967;2322
33;1238;1341;1452;2709;2108
73;1266;1340;1473;2522;1984
113;1302;1339;1502;2419;1914
153;1350;1338;1538;2424;1921
183;1385;1338;1565;2446;1938
223;1427;1338;1592;2487;1947
263;1562;1337;1635;2503;1956
303;1690;1337;1677;2486;1960
333;1765;1337;1699;2478;1957
373;1827;1337;1717;2470;1964
413;1887;1337;1732;2479;1968
453;1942;1337;1744;2499;1978
493;2062;1337;1763;2500;1966
523;2138;1337;1775;2522;1966
563;2174;1338;1784;2505;1962
603;2195;1338;1788;2501;1963
633;2204;1338;1790;2508;1971
673;2212;1339;1791;2526;1982
703;2224;1339;1792;2544;1975
743;2246;1339;1793;2541;1982
783;2278;1358;1793;2586;1998
823;2313;1393;1793;2393;2021
863;2341;1422;1793;2353;2034
903;2356;1437;1793;2353;2035
933;2364;1446;1793;2362;2053
973;2368;1452;1793;2360;2042
1013;2374;1460;1793;2235;1973
1053;2388;1484;1793;2049;1927
1083;2401;1498;1793;2016;1946
1123;2421;1505;1793;1962;2002
1153;2440;1508;1793;1968;2020
1203;2455;1510;1793;2010;2070
1263;2466;1511;1793;2028;2109
1303;2471;1512;1794;2034;2087
1343;2473;1512;1794;2055;2080
1383;2475;1513;1795;2054;2076
1423;2475;1513;1795;2068;2083
1453;2476;1512;1794;2072;2082
1493;2474;1513;1793;2076;2006
1533;2471;1513;1793;2027;1909
1573;2450;1513;1793;2081;1835
1613;2386;1512;1793;2241;1862
1653;2262;1513;1788;2258;1872
1683;2069;1513;1755;2251;1875
1723;1890;1506;1705;2243;1875
1763;1688;1478;1667;2256;1877
1823;1577;1462;1641;2276;1891
1863;1522;1454;1628;2268;1890
1903;1495;1450;1621;2278;1897
1943;1482;1448;1618;2272;1897
1983;1473;1447;1616;2278;1904
2023;1471;1447;1615;2293;1895
2063;1469;1447;1615;2295;1898
2103;1460;1445;1613;2280;1897
2143;1457;1444;1612;2304;1901
2173;1451;1440;1612;2302;1903
2203;1443;1414;1612;2297;1900
2243;1410;1391;1612;2297;1903
2283;1389;1376;1612;2306;1909
2323;1377;1369;1611;2294;1898
2363;1383;1365;1610;2284;1902
2403;1425;1362;1609;2282;1898
2413;1455;1360;1614;2277;1902
2463;1583;1360;1644;2235;1897
2503;1681;1360;1671;2233;1903
2543;1788;1359;1705;2217;1922
2573;1886;1359;1730;2214;1917
2613;1956;1359;1748;2212;1922
2653;2053;1357;1764;2244;1932
2693;2121;1355;1775;2245;1923
2733;2169;1365;1783;2240;1927
2773;2194;1369;1788;2237;1929
2813;2207;1372;1790;2251;1931
2853;2213;1373;1790;2217;1943
2883;2220;1374;1791;2232;1938
2923;2234;1368;1793;2243;1932
2953;2259;1383;1802;2219;1930
2993;2289;1389;1810;2201;1930
3033;2331;1407;1819;2015;1874
3063;2357;1419;1823;1973;1881
3103;2374;1425;1825;1948;1888
3143;2381;1427;1827;1954;1895
3183;2388;1428;1828;1964;1883
3223;2392;1430;1829;1992;1869
3263;2397;1431;1829;2006;1877
3293;2394;1430;1829;2094;1893
3333;2362;1432;1829;2119;1874
3393;2290;1432;1830;2143;1895
3443;2122;1431;1813;2137;1881
3483;1988;1430;1787;2137;1870
3523;1841;1415;1745;2131;1881
3563;1631;1371;1710;2150;1874
3603;1499;1338;1681;2155;1876
3643;1432;1322;1667;2173;1876
3673;1399;1314;1658;2176;1877
3703;1382;1310;1654;2167;1878
3743;1374;1308;1651;2152;1886
3783;1370;1308;1650;2152;1888
3823;1369;1307;1649;2157;1886
3863;1369;1307;1649;2162;1885
3903;1369;1307;1649;2173;1887
3943;1367;1307;1642;2168;1890
3973;1355;1306;1636;2167;1902
4013;1335;1301;1631;2180;1912
4053;1295;1265;1628;2191;1909
4083;1250;1237;1623;2202;1894
4123;1198;1198;1615;2210;1896
4163;1162;1175;1608;2225;1895
4203;1145;1164;1604;2229;1896
4243;1136;1159;1602;2225;1897
4273;1132;1156;1601;2215;1902
4313;1130;1155;1598;2216;1904
4353;1129;1154;1596;2222;1908
4383;1130;1154;1597;2221;1902
4413;1157;1155;1598;2216;1897
4463;1213;1160;1600;2205;1897
4543;1321;1195;1622;2211;1911
4603;1472;1222;1656;2228;1918
4643;1657;1260;1693;2237;1921
4723;1901;1302;1734;2232;1925
4763;2047;1328;1760;2234;1926
4803;2180;1373;1784;2242;1926
4833;2249;1394;1794;2224;1924
4873;2283;1405;1801;2214;1923
4913;2314;1415;1806;2161;1929
4953;2328;1420;1810;2165;1932
4993;2345;1425;1814;2142;1913
5023;2363;1427;1817;2079;1919
5063;2376;1435;1819;2050;1917
5103;2388;1435;1821;2035;1958
5133;2407;1454;1821;2040;2038
5173;2417;1465;1822;2053;2023
5203;2422;1471;1822;2046;2002
5243;2424;1474;1823;2043;1947
5283;2427;1475;1824;2040;1875
5323;2408;1475;1824;2068;1869
5363;2400;1476;1824;2101;1894
5433;2390;1476;1823;2134;1891
5473;2384;1476;1824;2135;1895
5513;2382;1476;1824;2145;1901
5553;2380;1476;1824;2138;1902
5583;2379;1476;1825;2132;1901
5623;2379;1476;1825;2131;1901
5663;2377;1476;1825;2152;1896
5703;2372;1476;1825;2167;1898
5733;2361;1476;1825;2163;1900
5773;2343;1473;1824;2170;1898
5813;2333;1470;1824;2165;1901
5853;2331;1468;1824;2164;1900
5893;2326;1467;1824;2170;1901
5923;2322;1467;1824;2172;1902
5953;2319;1467;1824;2172;1904
5993;2319;1467;1823;2177;1904
6033;2318;1467;1823;2178;1902
6123;2258;1446;1824;2188;1901
6183;2131;1424;1824;2185;1911
6223;2058;1412;1824;2179;1902
6263;1986;1407;1814;2168;1917
6303;1902;1404;1795;2164;1918
6333;1827;1389;1778;2161;1924
6373;1675;1355;1759;2162;1927
6413;1579;1339;1741;2167;1927
6453;1531;1331;1730;2171;1928
6493;1494;1327;1716;2158;1924
6523;1469;1320;1706;2160;1921
6563;1437;1300;1696;2164;1922
6603;1385;1271;1686;2176;1926
6643;1341;1235;1676;2176;1927
6673;1318;1220;1669;2179;1924
6703;1306;1213;1665;2180;1928
6743;1300;1209;1662;2176;1930
6783;1297;1208;1660;2168;1933
6823;1296;1207;1660;2168;1937
6863;1295;1207;1660;2168;1940
6903;1295;1206;1661;2169;1937
6943;1297;1206;1661;2165;1935
6973;1307;1161;1661;2168;1940
7013;1345;1195;1661;2170;1941
7053;1408;1226;1662;2174;1941
7083;1556;1265;1672;2177;1932
7123;1718;1334;1694;2175;1935
7163;1855;1387;1714;2169;1932
7203;2059;1425;1737;2170;1915
7243;2195;1438;1756;2123;1926
7273;2284;1469;1768;2051;1920
7313;2336;1485;1777;2018;1919
7353;2356;1495;1781;2022;1918
7383;2365;1501;1784;2026;1919
7423;2369;1503;1786;2025;1917
7453;2371;1504;1787;2031;1916
7493;2372;1505;1788;2041;1916
7533;2373;1506;1788;2080;1894
7563;2374;1507;1788;2086;1906
7613;2376;1507;1788;2117;1922
7653;2362;1507;1788;2177;1924
7693;2313;1486;1788;2192;1930
7723;2237;1443;1789;2197;1917
7763;2122;1410;1789;2197;1911
7793;2064;1394;1788;2208;1921
7833;2013;1381;1788;2190;1936
7893;1933;1311;1788;2191;1920
7943;1831;1291;1789;2219;1930
7983;1748;1273;1789;2222;1932
8023;1682;1265;1789;2222;1940
8063;1603;1256;1789;2218;1921
8103;1536;1244;1779;2219;1913
8143;1478;1225;1770;2237;1919
8173;1439;1209;1763;2239;1922
8203;1417;1200;1760;2246;1920
8243;1404;1196;1759;2244;1916
8283;1391;1190;1757;2244;1912
8323;1380;1181;1754;2249;1914
8363;1361;1177;1747;2253;1919
8403;1345;1176;1739;2249;1916
8443;1337;1175;1734;2253;1916
8473;1333;1175;1732;2253;1916
8513;1331;1175;1730;2255;1915
8553;1327;1175;1729;2246;1918
8593;1311;1175;1725;2250;1919
8623;1297;1176;1721;2244;1918
8663;1272;1169;1710;2257;1917
8703;1251;1163;1698;2251;1916
8743;1222;1159;1683;2263;1917
8773;1198;1156;1668;2260;1917
8813;1180;1141;1660;2263;1918
8853;1168;1135;1656;2261;1920
8893;1162;1133;1653;2262;1916
8923;1160;1132;1651;2260;1915
8963;1160;1132;1648;2249;1919
9003;1161;1131;1647;2229;1918
9043;1166;1131;1647;2240;1922
9073;1185;1131;1647;2234;1935
9113;1258;1146;1648;2237;1948
9153;1337;1161;1662;2239;1950
9163;1392;1169;1673;2240;1949
9213;1551;1185;1697;2249;1954
9253;1706;1226;1725;2239;1954
9303;1833;1256;1752;2241;1953
9343;1922;1279;1767;2234;1952
9373;2033;1303;1776;2232;1953
9413;2090;1323;1781;2228;1951
9453;2119;1333;1783;2226;1953
9483;2145;1345;1784;2222;1954
9523;2179;1370;1785;2222;1954
9563;2208;1386;1785;2220;1955
9603;2226;1394;1786;2223;1955
9643;2236;1398;1787;2219;1956
9663;2243;1397;1788;2222;1955
9713;2246;1401;1788;2220;1955
9753;2248;1404;1788;2228;1957
9793;2248;1406;1788;2233;1955
9823;2235;1404;1789;2237;1951
9863;2203;1384;1790;2243;1954
9903;2104;1347;1790;2244;1941
9943;2034;1333;1791;2249;1938
9973;1960;1317;1790;2258;1941
10013;1862;1281;1790;2268;1942
10063;1782;1257;1790;2274;1940
10103;1712;1245;1790;2275;1939
10153;1621;1238;1789;2276;1936
10193;1571;1234;1789;2276;1934
10233;1536;1230;1790;2279;1936
10273;1510;1212;1790;2279;1937
10313;1482;1208;1782;2282;1935
10353;1441;1191;1776;2283;1933
10393;1404;1173;1770;2285;1928
10423;1386;1164;1766;2283;1926
10463;1377;1160;1764;2273;1925
10503;1373;1158;1763;2285;1927
10543;1370;1156;1762;2278;1923
10573;1352;1155;1755;2283;1921
10613;1309;1150;1739;2282;1928
10653;1270;1140;1722;2290;1927
10693;1244;1136;1712;2291;1921
10723;1231;1134;1707;2288;1925
10763;1218;1133;1702;2293;1920
10803;1200;1129;1693;2288;1927
10843;1187;1126;1686;2292;1918
10873;1180;1124;1682;2294;1922
10913;1173;1118;1680;2288;1921
10953;1162;1112;1679;2295;1916
10993;1154;1106;1679;2290;1919
11023;1140;1096;1679;2297;1914
11063;1123;1083;1678;2299;1920
11103;1115;1077;1678;2294;1916
11143;1111;1074;1677;2279;1917
11173;1109;1073;1676;2271;1919
11213;1111;1072;1674;2263;1913
11233;1129;1072;1673;2264;1912
11283;1166;1073;1673;2255;1908
11313;1213;1080;1673;2256;1914
11353;1313;1135;1672;2266;1920
11393;1460;1204;1674;2263;1917
11433;1674;1299;1689;2271;1925
11473;1829;1359;1705;2263;1924
11513;1914;1390;1715;2259;1927
11553;1966;1402;1722;2261;1926
11593;2077;1427;1731;2265;1927
11673;2156;1442;1739;2258;1926
11713;2217;1459;1745;2257;1930
11753;2264;1472;1750;2260;1927
11833;2312;1492;1753;2115;1944
11843;2341;1501;1755;2114;1949
11893;2356;1506;1756;2117;1945
11963;2364;1509;1758;2127;1937
12013;2367;1511;1758;2146;1936
12133;2368;1511;1758;2215;1918
12173;2347;1512;1758;2229;1943
12213;2306;1512;1759;2233;1925
12253;2248;1512;1759;2228;1941
12293;2088;1479;1759;2225;1951
12323;1933;1412;1759;2240;1946
12363;1726;1337;1759;2235;1949
12413;1599;1299;1754;2229;1947
12453;1495;1259;1745;2234;1930
12493;1412;1224;1732;2250;1930
12523;1358;1207;1718;2245;1938
12563;1319;1191;1707;2232;1950
12603;1284;1184;1698;2251;1951
12643;1256;1168;1691;2264;1946
12673;1230;1151;1685;2262;1945
12713;1217;1143;1681;2253;1948
12753;1211;1139;1679;2256;1951
12793;1206;1136;1678;2267;1948
12823;1199;1135;1677;2267;1946
12863;1195;1136;1676;2249;1943
12903;1192;1138;1676;2250;1943
12943;1191;1138;1675;2253;1943
12973;1190;1137;1675;2259;1944
13013;1190;1137;1673;2257;1944
13053;1190;1137;1673;2241;1944
13093;1238;1131;1675;2248;1947
13173;1327;1152;1676;2224;1941
13213;1427;1087;1690;2228;1946
13253;1593;1168;1707;2240;1941
13293;1711;1217;1724;2236;1940
13333;1782;1242;1734;2239;1942
13373;1844;1269;1744;2247;1943
13413;1922;1294;1758;2256;1943
13453;2049;1300;1771;2249;1943
13493;2148;1335;1784;2252;1941
13523;2217;1367;1795;2237;1932
13563;2264;1384;1801;2230;1940
13603;2310;1406;1807;2149;1956
13643;2335;1420;1810;2139;1954
13673;2355;1430;1811;2143;1954
13713;2366;1435;1812;2155;1964
13753;2372;1437;1812;2172;1947
13793;2374;1438;1812;2202;1923
13823;2374;1440;1812;2202;1917
13863;2373;1441;1813;2264;1908
13903;2350;1442;1813;2265;1918
13943;2280;1434;1813;2267;1919
13973;2123;1401;1813;2259;1920
14013;1948;1332;1812;2263;1925
14053;1801;1283;1803;2270;1934
14093;1705;1259;1796;2283;1932
14123;1617;1247;1788;2280;1945
14163;1550;1240;1780;2264;1957
14203;1504;1235;1771;2259;1961
14243;1463;1198;1764;2269;1958
14273;1441;1197;1759;2272;1959
14313;1419;1202;1753;2279;1962
14353;1408;1205;1748;2272;1964
14393;1404;1206;1746;2260;1964
14423;1404;1207;1745;2246;1963
14463;1415;1187;1745;2249;1959
14503;1455;1212;1745;2245;1950
14543;1580;1243;1745;2238;1961
14573;1695;1236;1744;2235;1965
14613;1813;1329;1744;2236;1964
14653;1921;1357;1744;2233;1969
14693;2084;1407;1752;2235;1963
14723;2196;1440;1761;2233;1961
14763;2262;1457;1768;2233;1951
14803;2295;1466;1772;2222;1951
14843;2310;1471;1774;2226;1947
14873;2317;1473;1774;2233;1952
14913;2320;1475;1775;2235;1954
14953;2321;1475;1775;2255;1960
14993;2322;1475;1775;2252;1965
15023;2322;1475;1776;2256;1960
15063;2325;1476;1776;2259;1960
15103;2319;1476;1776;2263;1957
15143;2288;1476;1776;2267;1957
15173;2254;1476;1776;2274;1959
15213;2222;1476;1775;2282;1961
15253;2092;1469;1775;2279;1959
15293;1942;1416;1775;2278;1965
15323;1771;1367;1768;2279;1962
15363;1683;1343;1761;2278;1954
15403;1637;1331;1757;2280;1957
15443;1582;1325;1752;2276;1963
15473;1548;1322;1746;2277;1971
15513;1523;1315;1744;2284;1970
15553;1510;1308;1742;2289;1964
15593;1491;1303;1732;2288;1966
15623;1471;1302;1726;2283;1964
15663;1460;1301;1724;2284;1963
15703;1456;1301;1723;2288;1964
15743;1454;1301;1723;2282;1960
15773;1452;1300;1723;2280;1962
15813;1453;1300;1723;2276;1959
15853;1453;1300;1723;2274;1956
15893;1462;1301;1723;2276;1955
15923;1476;1303;1723;2270;1955
15963;1542;1312;1723;2275;1958
16003;1654;1223;1724;2272;1954
16043;1759;1298;1724;2273;1958
16073;1843;1339;1732;2275;1959
16113;2006;1372;1744;2286;1953
16153;2147;1403;1759;2289;1951
16193;2239;1431;1772;2228;1936
16223;2285;1446;1780;2208;1942
16263;2317;1458;1783;2189;1944
16303;2333;1464;1785;2188;1946
16343;2341;1468;1786;2183;1954
16373;2352;1470;1787;2172;1950
16413;2356;1472;1787;2186;1947
16453;2359;1473;1787;2183;1950
16493;2362;1473;1787;2189;1952
16523;2363;1474;1787;2188;1946
16573;2363;1474;1787;2203;1943
16613;2362;1475;1787;2254;1921
16653;2350;1475;1787;2295;1936
16693;2308;1476;1788;2293;1940
16723;2269;1475;1788;2291;1940
16763;2231;1474;1788;2297;1940
16803;2191;1474;1788;2289;1941
16843;2083;1474;1788;2287;1946
16923;1993;1473;1782;2290;1946
16963;1925;1472;1770;2289;1946
17013;1879;1471;1757;2293;1947
17053;1848;1471;1746;2297;1946
17103;1798;1460;1734;2292;1944
17143;1702;1438;1718;2309;1946
17173;1613;1418;1708;2306;1950
17213;1548;1395;1698;2310;1949
17253;1511;1382;1691;2307;1950
17293;1479;1367;1684;2306;1950
17323;1450;1349;1680;2305;1954
17363;1436;1341;1678;2296;1955
17403;1429;1338;1677;2290;1954
17443;1426;1337;1676;2289;1946
17473;1434;1336;1677;2291;1943
17513;1448;1335;1677;2260;1957
17553;1457;1334;1677;2253;1970
17593;1471;1285;1676;2256;1976
17663;1531;1315;1677;2259;1935
17703;1628;1335;1677;2261;1931
17743;1692;1353;1677;2254;1927
17773;1731;1365;1677;2239;1935
17813;1784;1383;1679;2246;1942
17853;1853;1395;1691;2258;1935
17893;1913;1414;1707;2255;1925
17923;1958;1425;1714;2243;1923
17963;2063;1433;1719;2238;1931
18003;2127;1456;1725;2254;1946
18043;2159;1467;1728;2242;1944
18073;2179;1472;1729;2249;1948
18113;2196;1474;1731;2253;1946
18153;2207;1476;1733;2248;1945
18193;2221;1473;1734;2247;1948
18273;2261;1498;1736;2241;1938
18313;2281;1512;1737;2237;1934
18353;2294;1519;1738;2259;1944
18393;2301;1522;1739;2254;1949
18423;2308;1522;1739;2229;1947
18473;2316;1516;1740;2239;1950
18513;2329;1471;1741;2209;1962
18553;2337;1519;1741;2214;1957
18593;2340;1544;1741;2213;1958
18623;2343;1556;1741;2214;1957
18663;2344;1562;1742;2216;1954
18703;2344;1566;1742;2218;1949
18743;2345;1568;1742;2267;1929
18773;2340;1568;1742;2267;1934
18813;2319;1568;1742;2266;1940
18853;2279;1568;1742;2264;1941
18893;2224;1568;1742;2274;1943
18923;2115;1569;1736;2275;1943
18963;2024;1569;1720;2271;1945
19003;1947;1569;1700;2257;1956
19043;1876;1569;1677;2249;1979
19073;1828;1569;1663;2257;1981
19113;1804;1569;1656;2270;1981
19133;1793;1569;1651;2274;1979
19183;1784;1569;1648;2274;1964
19223;1775;1569;1646;2266;1943
19263;1761;1569;1636;2266;1941
19303;1689;1496;1626;2256;1953
19343;1608;1495;1621;2274;1955
19373;1556;1493;1618;2291;1948
19413;1529;1486;1617;2293;1946
19453;1506;1482;1616;2297;1952
19493;1477;1457;1613;2271;1954
19523;1429;1423;1612;2275;1937
19563;1397;1392;1611;2289;1951
19603;1381;1376;1611;2296;1950
19643;1373;1368;1611;2297;1949
19673;1370;1364;1611;2292;1957
19713;1374;1362;1611;2277;1957
19753;1391;1361;1611;2275;1959
19793;1410;1361;1611;2275;1961
19823;1432;1361;1611;2280;1956
19863;1461;1364;1611;2263;1957
19903;1583;1375;1623;2261;1960
19943;1696;1388;1646;2259;1961
19973;1772;1396;1665;2257;1967
20013;1816;1399;1681;2259;1963
20053;1850;1401;1692;2272;1961
20093;1890;1406;1706;2275;1958
20123;1927;1398;1715;2265;1961
20163;1956;1404;1726;2264;1958
20193;1980;1406;1734;2274;1954
20243;1993;1397;1738;2272;1953
20273;2003;1400;1739;2276;1951
20323;2075;1374;1743;2264;1953
20363;2129;1410;1747;2270;1952
20403;2158;1429;1750;2274;1953
20443;2172;1439;1751;2273;1954
20473;2179;1444;1752;2277;1956
20513;2183;1446;1752;2282;1958
20553;2185;1447;1753;2282;1959
20573;2185;1448;1753;2282;1959
20623;2186;1449;1753;2286;1955
20663;2186;1450;1753;2283;1958
20703;2186;1450;1754;2289;1957
20743;2186;1450;1754;2288;1950
20773;2183;1450;1754;2291;1953
20813;2096;1450;1754;2290;1956
20853;2028;1449;1753;2292;1956
20893;1968;1449;1753;2293;1957
20923;1923;1450;1753;2294;1957
20963;1873;1450;1746;2294;1953
21003;1825;1450;1735;2303;1951
21043;1795;1450;1728;2299;1952
21073;1757;1437;1716;2299;1958
21113;1704;1410;1708;2304;1955
21123;1680;1405;1704;2299;1953
21173;1662;1396;1701;2300;1954
21213;1629;1386;1699;2306;1955
21253;1577;1401;1694;2308;1956
21293;1525;1381;1690;2315;1956
21333;1486;1350;1685;2315;1957
21373;1453;1294;1680;2316;1957
21413;1430;1309;1676;2312;1955
21453;1399;1305;1671;2311;1962
21493;1367;1284;1667;2313;1963
21523;1353;1278;1665;2315;1962
21563;1346;1275;1664;2314;1962
21603;1343;1274;1664;2314;1971
21643;1341;1274;1663;2309;1970
21673;1340;1274;1662;2313;1965
21713;1342;1274;1662;2299;1960
21753;1353;1273;1662;2302;1961
21793;1380;1275;1663;2290;1957
21823;1395;1276;1663;2275;1956
21863;1424;1290;1663;2273;1954
21903;1458;1304;1664;2282;1948
21943;1531;1333;1664;2272;1954
21973;1637;1355;1664;2265;1950
22013;1724;1378;1666;2266;1955
22053;1787;1390;1674;2279;1959
22093;1821;1397;1678;2287;1956
22123;1840;1400;1684;2289;1956
22163;1864;1402;1692;2301;1954
22203;1885;1403;1698;2289;1953
22243;1904;1404;1701;2288;1952
22273;1917;1416;1707;2290;1953
22313;1933;1424;1711;2283;1951
22353;1943;1427;1714;2288;1952
22393;1948;1430;1716;2295;1954
22423;1951;1431;1717;2300;1951
22463;1952;1432;1718;2296;1953
22503;1953;1432;1718;2287;1956
22543;1976;1430;1718;2293;1947
22573;2083;1448;1729;2291;1955
22613;2183;1461;1742;2293;1955
22653;2232;1468;1749;2292;1955
22693;2256;1472;1753;2305;1949
22723;2268;1475;1754;2317;1950
22763;2275;1476;1755;2318;1952
22803;2278;1476;1756;2306;1953
22843;2279;1476;1756;2312;1951
22873;2281;1476;1756;2326;1955
22913;2255;1477;1756;2333;1956
22953;2208;1478;1756;2336;1956
22993;2095;1478;1756;2334;1952
23023;2028;1478;1756;2339;1951
23053;1976;1471;1756;2339;1954
23103;1896;1436;1756;2331;1952
23133;1844;1417;1756;2334;1953
23163;1805;1386;1757;2338;1951
23203;1713;1355;1757;2333;1952
23243;1606;1315;1757;2325;1953
23283;1548;1297;1754;2323;1958
23323;1518;1288;1752;2320;1959
23363;1507;1283;1750;2315;1958
23403;1502;1281;1748;2315;1956
23433;1499;1280;1746;2318;1959
23463;1498;1279;1746;2316;1955
23503;1491;1279;1745;2325;1949
23543;1482;1277;1745;2325;1949
23583;1479;1277;1744;2312;1957
23623;1477;1277;1744;2304;1957
23663;1473;1277;1743;2301;1964
23703;1473;1275;1743;2295;1958
23743;1495;1285;1743;2292;1956
23773;1541;1294;1744;2299;1950
23813;1591;1300;1743;2287;1950
23853;1657;1313;1743;2293;1947
23893;1750;1337;1744;2296;1950
23923;1811;1358;1744;2293;1945
23963;1858;1367;1744;2283;1946
24003;1930;1394;1744;2281;1947
24043;2048;1403;1744;2287;1952
24073;2108;1406;1746;2289;1952
24113;2146;1397;1747;2294;1950
24153;2168;1401;1749;2292;1951
24193;2191;1406;1751;2297;1951
24223;2213;1409;1754;2301;1952
24263;2249;1434;1759;2301;1960
24303;2283;1452;1767;2313;1958
24333;2299;1460;1771;2318;1959
24363;2307;1465;1774;2318;1956
24403;2311;1467;1775;2312;1952
24443;2309;1468;1775;2313;1949
24483;2283;1469;1775;2316;1951
24523;2260;1469;1775;2322;1949
24563;2211;1469;1775;2320;1949
24603;2069;1464;1775;2324;1952
24643;1963;1445;1775;2339;1950
24673;1891;1424;1775;2347;1953
24713;1858;1413;1775;2349;1956
24753;1837;1407;1775;2347;1955
24793;1803;1394;1770;2336;1949
24823;1772;1378;1766;2334;1949
24863;1733;1347;1761;2339;1948
24903;1671;1329;1756;2338;1950
24943;1632;1320;1753;2328;1948
24973;1615;1316;1750;2322;1953
25013;1576;1315;1745;2331;1952
25053;1547;1296;1740;2334;1955
25093;1523;1260;1731;2332;1953
25123;1502;1240;1726;2331;1951
25163;1481;1286;1716;2323;1958
25203;1464;1304;1711;2321;1956
25243;1450;1310;1708;2316;1958
25273;1442;1313;1706;2320;1962
25313;1439;1315;1705;2314;1961
25353;1438;1315;1705;2313;1964
25393;1438;1316;1705;2315;1962
25423;1442;1316;1705;2314;1962
25463;1445;1316;1705;2309;1961
25503;1457;1316;1705;2308;1962
25543;1461;1317;1706;2306;1961
25573;1469;1317;1706;2305;1963
25613;1494;1321;1706;2302;1961
25633;1545;1319;1706;2299;1962
25683;1658;1335;1706;2292;1951
25723;1731;1346;1706;2285;1955
25763;1777;1354;1706;2290;1949
25803;1818;1363;1706;2298;1950
25843;1863;1366;1713;2294;1949
25873;1907;1384;1718;2292;1954
25913;1966;1400;1729;2294;1950
25953;2066;1396;1737;2296;1952
25993;2116;1395;1742;2298;1955
26033;2141;1395;1744;2302;1955
26093;2154;1396;1745;2304;1951
26133;2160;1397;1746;2305;1950
26173;2163;1398;1746;2306;1955
26213;2164;1399;1746;2308;1956
26253;2165;1400;1746;2304;1953
26293;2149;1400;1746;2298;1954
26323;2064;1402;1747;2301;1954
26363;1997;1403;1747;2314;1955
26403;1952;1403;1747;2307;1953
26443;1912;1403;1747;2294;1964
26523;1860;1403;1734;2293;1953
26563;1832;1404;1728;2291;1952
26603;1805;1404;1720;2279;1956
26643;1795;1404;1712;2275;1952
26683;1788;1404;1709;2265;1954
26723;1775;1405;1704;2274;1953
26763;1753;1405;1690;2275;1955
26803;1709;1405;1675;2279;1955
26843;1660;1405;1664;2282;1957
26873;1595;1405;1654;2280;1957
26913;1539;1403;1640;2284;1955
26953;1506;1403;1629;2296;1955
26993;1485;1404;1623;2310;1954
27023;1470;1407;1621;2312;1952
27063;1458;1411;1620;2302;1952
27103;1440;1405;1619;2298;1952
27143;1428;1403;1618;2314;1953
27173;1420;1401;1618;2319;1955
27213;1416;1400;1618;2320;1953
27373;1422;1400;1618;2309;1956
27413;1428;1400;1618;2307;1954
27453;1439;1400;1617;2312;1957
27493;1446;1399;1617;2308;1956
27523;1450;1400;1618;2309;1958
27563;1456;1400;1618;2316;1956
27603;1472;1400;1618;2322;1957
27633;1532;1399;1619;2319;1960
27673;1627;1400;1636;2312;1958
27713;1684;1400;1649;2298;1960
27753;1747;1401;1666;2291;1959
27793;1801;1401;1682;2291;1961
27823;1858;1401;1700;2285;1963
27863;1921;1409;1712;2281;1953
27903;1963;1406;1721;2288;1955
27943;1985;1406;1726;2292;1961
27973;1995;1402;1728;2299;1963
28013;2003;1403;1729;2301;1963
28053;2010;1403;1729;2299;1964
28093;2015;1397;1729;2302;1965
28123;2088;1422;1730;2311;1962
28163;2188;1465;1736;2311;1962
28203;2248;1489;1744;2302;1969
28243;2277;1501;1748;2306;1971
28273;2292;1507;1750;2325;1972
28313;2299;1510;1751;2349;1980
28353;2290;1511;1752;2350;1978
28393;2255;1512;1752;2347;1975
28423;2194;1500;1752;2341;1975
28463;2023;1452;1752;2354;1975
28503;1912;1425;1752;2353;1967
28543;1839;1412;1752;2359;1974
28573;1723;1392;1743;2345;1970
28613;1597;1355;1731;2340;1970
28653;1505;1315;1718;2347;1971
28683;1459;1296;1712;2347;1974
28723;1435;1286;1707;2357;1972
28763;1422;1281;1703;2337;1969
28803;1416;1279;1700;2336;1971
28843;1413;1278;1699;2346;1969
28873;1407;1277;1694;2341;1971
28913;1393;1277;1689;2345;1971
28923;1385;1276;1687;2344;1969
28973;1344;1262;1676;2336;1967
29013;1300;1234;1666;2347;1971
29053;1278;1222;1661;2355;1965
29093;1270;1215;1659;2329;1965
29133;1300;1189;1657;2296;1962
29173;1409;1234;1659;2306;1963
29213;1615;1307;1675;2291;1966
29253;1736;1341;1690;2264;1973
29293;1860;1377;1705;2277;1970
29323;2038;1428;1723;2278;1968
29363;2143;1449;1736;2283;1970
29403;2196;1461;1742;2306;1972
29443;2222;1466;1745;2325;1972
29473;2235;1468;1747;2330;1976
29513;2241;1470;1747;2326;1977
29553;2244;1470;1748;2318;1978
29583;2246;1470;1748;2315;1979
29623;2247;1471;1749;2322;1980
29663;2240;1470;1749;2325;1978
29693;2229;1470;1749;2326;1978
29733;2206;1471;1748;2331;1981
29773;2183;1471;1748;2332;1975
29813;2093;1471;1748;2332;1974
29853;2031;1471;1748;2333;1973
29893;1981;1472;1748;2330;1976
29923;1945;1473;1748;2328;1976
29963;1900;1473;1739;2325;1974
30003;1866;1474;1729;2326;1977
30043;1842;1474;1717;2326;1976
30073;1806;1475;1703;2327;1979
30113;1789;1475;1691;2327;1979
30153;1770;1474;1682;2332;1979
30193;1740;1474;1668;2336;1977
30223;1635;1473;1660;2336;1979
30263;1553;1440;1654;2336;1978
30303;1496;1421;1647;2343;1978
30343;1452;1396;1641;2342;1974
30373;1410;1350;1637;2341;1971
30413;1387;1334;1634;2336;1974
30443;1375;1326;1633;2349;1974
30483;1369;1322;1633;2346;1975
30523;1367;1320;1633;2338;1971
30563;1366;1320;1632;2340;1973
30603;1364;1320;1633;2342;1974
30643;1364;1320;1633;2339;1974
30673;1364;1319;1633;2341;1976
30713;1364;1319;1633;2337;1976
30753;1365;1319;1633;2339;1978
30793;1365;1319;1632;2335;1976
30823;1365;1319;1632;2336;1975
30863;1369;1319;1632;2334;1975
30903;1387;1320;1633;2327;1975
30943;1418;1317;1634;2328;1975
30973;1446;1324;1634;2321;1975
31013;1468;1328;1634;2318;1976
31053;1499;1330;1643;2312;1974
31093;1619;1331;1662;2315;1972
31123;1694;1331;1679;2321;1970
31163;1730;1332;1690;2316;1962
31193;1747;1333;1696;2313;1960
31233;1775;1333;1705;2322;1965
31273;1806;1333;1713;2325;1972
31313;1822;1333;1718;2311;1966
31353;1833;1333;1720;2293;1964
31393;1842;1334;1720;2297;1966
31423;1856;1269;1722;2292;1960
31463;1882;1319;1725;2300;1957
31533;1923;1358;1730;2310;1960
31563;1945;1378;1732;2292;1965
31603;1956;1388;1733;2298;1968
31643;1979;1396;1734;2299;1963
31673;2064;1421;1736;2284;1965
31723;2139;1448;1738;2273;1959
31753;2195;1469;1739;2270;1962
31793;2261;1495;1743;2236;1970
31833;2295;1509;1746;2246;1969
31873;2313;1511;1748;2234;1973
31913;2322;1518;1749;2240;1981
31943;2327;1519;1750;2237;1983
31983;2329;1521;1750;2243;1979
32023;2330;1521;1751;2250;1975
32063;2331;1523;1751;2259;1975
32103;2330;1524;1751;2278;1971
32133;2330;1525;1750;2299;1971
32163;2330;1526;1751;2306;1970
32203;2311;1526;1751;2311;1971
32253;2257;1526;1751;2312;1972
32283;2206;1526;1751;2316;1974
32373;2056;1527;1735;2329;1975
32423;1945;1527;1716;2335;1976
32463;1878;1527;1701;2335;1978
32503;1839;1528;1690;2336;1978
32543;1780;1526;1675;2337;1972
32583;1746;1482;1664;2337;1973
32623;1727;1472;1658;2350;1973
32663;1667;1485;1654;2342;1971
32693;1598;1468;1652;2343;1975
32733;1539;1454;1650;2351;1971
32773;1493;1428;1649;2354;1975
32813;1437;1386;1646;2353;1975
32853;1382;1339;1640;2348;1972
32893;1338;1304;1635;2342;1973
32923;1316;1285;1633;2348;1972
32963;1305;1275;1632;2345;1973
33003;1300;1270;1630;2338;1974
33043;1297;1268;1629;2332;1972
33073;1296;1267;1629;2332;1974
33113;1295;1266;1629;2335;1975
33153;1295;1266;1628;2328;1971
33193;1294;1266;1628;2323;1966
33223;1294;1267;1628;2319;1965
33263;1303;1271;1628;2313;1969
33303;1322;1270;1629;2305;1969
33333;1343;1272;1629;2301;1969
33373;1397;1292;1628;2295;1962
33403;1443;1277;1628;2294;1960
33473;1598;1325;1640;2287;1961
33513;1729;1367;1662;2287;1962
33563;1808;1390;1676;2282;1958
33603;1853;1399;1685;2285;1959
33643;1890;1403;1695;2290;1960
33673;1911;1404;1700;2287;1963
33713;1921;1404;1703;2286;1964
33753;1944;1403;1712;2298;1964
33783;1953;1405;1717;2295;1962
33813;1958;1403;1720;2298;1962
33853;1961;1403;1721;2296;1964
33893;1963;1404;1722;2292;1970
33933;1964;1405;1722;2297;1970
33973;1964;1407;1722;2299;1970
34013;1947;1407;1722;2297;1970
34053;1919;1408;1722;2296;1977
34093;1879;1409;1723;2303;1969
34123;1841;1409;1723;2300;1972
34163;1788;1410;1714;2302;1976
34203;1692;1410;1695;2309;1978
34273;1535;1372;1670;2311;1981
34313;1449;1345;1650;2308;1974
34353;1387;1333;1634;2312;1973
34393;1342;1313;1625;2300;1984
34423;1300;1284;1620;2298;1988
34463;1263;1252;1618;2312;1979
34503;1226;1222;1616;2314;1980
34543;1207;1207;1614;2320;1976
34573;1194;1199;1612;2318;1980
34613;1187;1195;1611;2311;1980
34653;1184;1193;1610;2308;1971
34693;1184;1193;1609;2306;1962
34723;1187;1193;1610;2299;1964
34763;1195;1193;1610;2298;1964
34803;1215;1193;1610;2290;1965
34833;1239;1197;1610;2293;1970
34843;1255;1199;1610;2292;1968
34873;1278;1202;1610;2293;1972
34913;1326;1210;1614;2292;1972
34953;1379;1217;1630;2292;1972
34993;1453;1236;1656;2282;1978
35023;1600;1267;1680;2285;1973
35063;1701;1290;1699;2280;1961
35103;1768;1297;1711;2280;1954
35143;1832;1331;1717;2270;1955
35173;1899;1367;1727;2283;1957
35213;1957;1397;1737;2283;1960
35253;1989;1412;1742;2281;1956
35293;2069;1408;1746;2285;1956
35323;2115;1404;1749;2284;1959
35363;2140;1403;1750;2280;1957
35403;2176;1423;1753;2263;1953
35433;2194;1435;1755;2264;1967
35473;2204;1441;1756;2284;1967
35513;2208;1445;1757;2300;1963
35563;2210;1447;1758;2307;1972
35603;2202;1448;1758;2310;1971
35653;2179;1448;1758;2314;1969
35693;2092;1448;1758;2308;1965
35733;2012;1443;1758;2306;1971
35773;1917;1421;1758;2312;1966
35813;1762;1360;1758;2313;1965
35853;1619;1307;1755;2327;1958
35893;1547;1281;1753;2327;1956
35923;1512;1269;1752;2327;1957
35963;1494;1263;1751;2314;1963
36003;1485;1260;1750;2315;1960
36033;1479;1258;1749;2316;1963
36043;1476;1257;1749;2312;1962
36073;1475;1256;1748;2321;1962
36113;1461;1249;1747;2323;1961
36153;1441;1238;1745;2322;1959
36193;1432;1233;1743;2325;1961
36223;1427;1231;1742;2315;1962
36263;1436;1239;1741;2297;1961
36303;1475;1257;1741;2276;1968
36343;1504;1260;1741;2275;1959
36373;1555;1264;1741;2276;1969
36413;1697;1307;1741;2308;1964
36433;1797;1337;1741;2314;1963
36483;1861;1355;1741;2298;1965
36513;1895;1361;1741;2282;1977
36553;1946;1384;1741;2293;1965
36593;2065;1415;1746;2291;1974
36633;2130;1432;1750;2281;1989
36673;2170;1441;1752;2279;1988
36713;2193;1448;1753;2283;1989
36753;2203;1452;1753;2286;1978
36793;2214;1454;1753;2264;1976
36823;2223;1462;1754;2256;1973
36863;2231;1467;1754;2251;1967
36903;2246;1469;1754;2253;1973
36943;2255;1475;1754;2247;1971
36973;2259;1478;1754;2243;1959
37013;2261;1479;1754;2279;1970
37053;2243;1481;1754;2301;1966
37093;2218;1481;1754;2306;1970
37123;2196;1481;1754;2276;1965
37163;2088;1477;1754;2265;1973
37203;1991;1454;1754;2273;1974
37243;1920;1423;1754;2293;1961
37273;1876;1412;1754;2284;1974
37313;1839;1407;1753;2267;1972
37353;1789;1404;1748;2258;1961
37393;1687;1374;1744;2276;1972
37423;1593;1347;1736;2292;1973
37463;1534;1321;1729;2302;1971
37503;1504;1309;1725;2291;1985
37543;1489;1303;1723;2281;1993
37573;1469;1300;1722;2275;1994
37613;1460;1297;1721;2273;1991
37653;1455;1296;1721;2282;1986
37693;1452;1295;1721;2286;1986
37773;1433;1284;1720;2284;1977
37813;1409;1263;1719;2262;1978
37853;1388;1248;1718;2257;1989
37893;1370;1238;1712;2261;1993
37933;1360;1235;1708;2267;1985
37973;1356;1233;1707;2256;1982
38013;1358;1233;1706;2248;1976
38053;1361;1233;1706;2221;1967
38093;1373;1234;1705;2206;1960
38133;1385;1235;1705;2196;1958
38163;1395;1234;1705;2192;1960
38203;1427;1250;1706;2206;1970
38243;1470;1287;1706;2219;1960
38273;1498;1309;1706;2213;1961
38313;1603;1338;1706;2210;1967
38343;1719;1364;1706;2234;1965
38393;1809;1412;1706;2235;1973
38433;1868;1436;1706;2233;1973
38463;1903;1448;1706;2244;1971
38503;1920;1454;1706;2246;1974
38543;1939;1456;1706;2247;1970
38573;1951;1460;1706;2251;1973
38613;1966;1465;1706;2243;1973
38653;1975;1468;1706;2247;1972
38693;1980;1470;1706;2248;1972
38733;1982;1471;1706;2249;1972
38763;1983;1471;1707;2243;1977
38803;1984;1471;1706;2248;1972
38843;1984;1472;1706;2233;1970
38873;1984;1471;1706;2223;1973
38913;1985;1469;1706;2216;1968
38953;1995;1487;1706;2216;1978
38993;2124;1532;1706;2230;1967
39033;2201;1570;1706;2221;1973
39063;2239;1590;1706;2216;1974
39103;2281;1599;1713;2222;1973
39143;2305;1604;1724;2241;1968
39173;2317;1606;1730;2238;1969
39213;2314;1607;1733;2221;1979
39253;2274;1608;1735;2230;1974
39293;2138;1604;1735;2233;1977
39333;2030;1601;1728;2236;1976
39363;1962;1599;1716;2228;1980
39403;1866;1563;1696;2205;1976
39443;1789;1528;1675;2213;1974
39483;1689;1508;1653;2224;1979
39513;1587;1493;1635;2210;1975
39553;1502;1413;1623;2214;1975
39593;1461;1420;1617;2240;1972
39633;1439;1422;1614;2249;1973
39663;1421;1413;1612;2239;1980
39703;1401;1401;1611;2233;1979
39743;1389;1392;1610;2254;1977
39783;1377;1385;1605;2226;1979
39813;1371;1382;1600;2225;1976
39853;1372;1381;1598;2206;1974
39893;1405;1388;1597;2201;1972
39923;1461;1399;1598;2208;1975
39963;1558;1419;1603;2202;1972
40003;1606;1429;1606;2199;1979
40033;1671;1432;1608;2208;1978
40073;1740;1456;1617;2229;1972
40113;1776;1464;1622;2205;1974
40153;1804;1467;1624;2215;1975
40193;1820;1465;1626;2240;1971
40233;1828;1466;1627;2234;1975
40263;1835;1465;1627;2240;1971
40303;1858;1486;1627;2235;1965
40343;1877;1498;1632;2229;1963
40373;1913;1505;1644;2240;1970
40413;2050;1536;1667;2247;1967
40453;2121;1553;1687;2248;1968
40493;2180;1562;1702;2245;1970
40523;2235;1566;1716;2253;1964
40563;2281;1568;1729;2247;1969
40603;2306;1569;1738;2250;1970
40643;2324;1569;1743;2259;1976
40673;2332;1570;1745;2256;1973
40713;2338;1570;1746;2258;1971
40753;2340;1570;1747;2261;1973
40793;2341;1570;1747;2257;1964
40823;2342;1570;1748;2258;1964
40863;2342;1570;1748;2258;1965
40903;2342;1570;1748;2260;1964
40943;2342;1570;1748;2258;1962
40983;2322;1570;1748;2258;1965
41013;2295;1570;1749;2259;1967
41053;2222;1570;1746;2259;1968
41093;2073;1570;1718;2256;1970
41123;1981;1570;1695;2254;1966
41163;1910;1571;1674;2251;1971
41203;1854;1571;1653;2250;1971
41243;1791;1571;1636;2248;1975
41283;1750;1571;1624;2243;1976
41313;1717;1571;1616;2236;1981
41353;1617;1555;1597;2236;1977
41393;1530;1519;1580;2209;1976
41423;1490;1495;1570;2229;1980
41463;1469;1480;1565;2242;1979
41503;1459;1471;1562;2229;1972
41543;1452;1468;1561;2230;1971
41583;1435;1473;1559;2226;1974
41613;1417;1470;1556;2232;1972
41653;1367;1432;1547;2241;1976
41693;1312;1362;1539;2256;1976
41733;1284;1311;1535;2266;1978
41763;1270;1288;1533;2257;1978
41803;1263;1285;1532;2245;1976
41843;1260;1296;1532;2255;1978
41873;1264;1302;1532;2252;1981
41913;1267;1305;1533;2243;1981
41953;1269;1308;1532;2232;1978
41993;1291;1296;1533;2226;1970
42023;1334;1323;1538;2213;1975
42063;1392;1346;1555;2215;1977
42103;1458;1379;1573;2194;1978
42143;1626;1424;1597;2201;1978
42173;1722;1449;1614;2200;1981
42213;1779;1461;1627;2202;1986
42253;1834;1470;1644;2218;1979
42293;1898;1482;1664;2223;1973
42333;1933;1488;1676;2220;1976
42363;1950;1490;1682;2215;1976
42403;1960;1492;1686;2217;1977
42443;1971;1492;1690;2214;1975
42473;1979;1492;1693;2214;1977
42523;1991;1492;1696;2213;1978
42563;1998;1493;1697;2210;1977
42603;2001;1494;1698;2218;1979
42643;1945;1495;1698;2218;1972
42673;1881;1496;1698;2237;1975
42713;1759;1475;1676;2244;1974
42753;1624;1461;1650;2256;1969
42793;1536;1455;1629;2250;1964
42823;1479;1446;1616;2241;1964
42863;1440;1434;1607;2247;1964
42903;1403;1403;1603;2261;1965
42943;1368;1380;1599;2268;1972
42973;1344;1362;1597;2274;1974
43013;1332;1349;1595;2264;1972
43053;1327;1343;1594;2254;1973
43093;1332;1340;1594;2234;1971
43123;1335;1339;1594;2240;1963
43163;1336;1339;1594;2240;1967
43203;1351;1339;1594;2240;1968
43243;1387;1346;1594;2228;1970
43273;1427;1350;1601;2221;1972
43313;1488;1353;1618;2219;1971
43353;1603;1362;1648;2209;1977
43393;1723;1368;1677;2215;1976
43423;1827;1371;1709;2209;1975
43463;1913;1374;1732;2208;1978
43503;1969;1375;1745;2214;1980
43543;2079;1372;1760;2227;1976
43573;2142;1378;1772;2222;1980
43613;2174;1382;1779;2216;1986
43653;2194;1385;1782;2226;1979
43693;2216;1392;1784;2213;1982
43723;2226;1395;1785;2216;1985
43763;2252;1413;1785;2218;1982
43803;2290;1443;1785;2181;1970
43843;2309;1458;1785;2191;1962
43873;2318;1466;1786;2200;1970
43913;2320;1470;1786;2241;1965
43953;2315;1472;1786;2252;1967
43993;2289;1473;1786;2230;1974
44023;2250;1473;1786;2227;1977
44063;2194;1470;1786;2232;1979
44103;2088;1468;1786;2246;1978
44143;2010;1465;1786;2244;1978
44173;1963;1464;1784;2238;1976
44233;1899;1451;1770;2242;1982
44273;1857;1446;1761;2259;1980
44313;1819;1409;1756;2264;1977
44353;1783;1403;1753;2264;1983
44393;1715;1378;1751;2272;1987
44433;1621;1346;1750;2273;1997
44473;1570;1323;1750;2274;2006
44513;1534;1312;1749;2270;2005
44553;1510;1293;1748;2261;2011
44593;1496;1287;1747;2264;1994
44673;1489;1292;1747;2223;1978
44713;1497;1297;1744;2222;1988
44753;1488;1301;1724;2230;1980
44793;1453;1304;1698;2251;1971
44833;1410;1305;1674;2259;1980
44873;1389;1306;1654;2258;1983
44913;1366;1307;1640;2244;1983
44953;1341;1307;1626;2243;1986
44993;1318;1302;1616;2261;1983
45023;1290;1289;1602;2263;1983
45053;1247;1263;1588;2261;1988
45063;1216;1245;1579;2259;1993
45103;1189;1226;1572;2263;1986
45143;1176;1217;1569;2264;1987
45173;1169;1213;1567;2245;1987
45213;1167;1210;1566;2247;1987
45253;1185;1206;1566;2247;1984
45293;1230;1209;1566;2223;1981
45323;1270;1220;1571;2216;1982
45363;1343;1248;1589;2219;1984
45403;1490;1310;1619;2219;1982
45433;1602;1348;1641;2215;1985
45443;1683;1371;1656;2214;1990
45473;1760;1380;1669;2218;1990
45513;1828;1408;1683;2217;1986
45553;1864;1423;1691;2229;1987
45593;1884;1431;1696;2242;1989
45623;1903;1434;1699;2245;1986
45663;1922;1452;1702;2202;1990
45703;1932;1462;1704;2212;1991
45753;1938;1467;1705;2245;1994
45783;1947;1470;1705;2242;1992
45823;1964;1459;1705;2224;1980
45863;2055;1489;1705;2208;1980
45903;2196;1564;1714;2179;1969
45943;2292;1618;1719;2194;2132
45973;2340;1645;1721;2199;2115
46013;2364;1659;1723;2179;1928
46053;2364;1666;1723;2236;1948
46093;2343;1670;1723;2235;1955
46173;2274;1675;1724;2195;1957
46213;2138;1648;1724;2209;1963
46243;2049;1625;1724;2216;1962
46253;1989;1616;1724;2211;1962
46293;1918;1593;1715;2215;1961
46333;1847;1581;1692;2213;1961
46373;1727;1530;1672;2201;1961
46413;1600;1478;1661;2204;1957
46453;1523;1437;1653;2220;1951
46493;1485;1417;1650;2225;1950
46523;1466;1407;1647;2208;1949
46563;1443;1401;1645;2206;1955
46603;1412;1375;1643;2219;1961
46643;1373;1338;1642;2230;1968
46673;1353;1321;1638;2229;1968
46713;1342;1312;1635;2229;1973
46753;1335;1308;1632;2224;1970
46793;1325;1306;1627;2225;1975
46823;1317;1303;1623;2223;1975
46863;1308;1286;1621;2228;1972
46903;1298;1272;1619;2222;1976
46943;1285;1258;1617;2220;1976
46983;1278;1251;1617;2215;1967
47013;1275;1248;1617;2204;1963
47053;1274;1247;1617;2188;1960
47093;1287;1253;1617;2201;1958
47123;1301;1256;1617;2204;1960
47163;1315;1257;1617;2204;1959
47203;1322;1258;1617;2207;1962
47243;1327;1259;1617;2215;1962
47273;1342;1260;1617;2217;1965
47313;1362;1262;1617;2212;1965
47353;1408;1263;1621;2213;1964
47393;1502;1279;1637;2212;1965
47423;1661;1341;1661;2212;1971
47463;1776;1377;1683;2198;1969
47503;1836;1396;1695;2195;1966
47553;1897;1415;1708;2207;1972
47583;1955;1448;1714;2221;1964
47623;1991;1465;1719;2198;1972
47663;2071;1474;1721;2203;1973
47703;2141;1492;1726;2213;1968
47743;2178;1504;1731;2197;1972
47773;2197;1511;1735;2197;1974
47813;2206;1514;1737;2203;1974
47853;2211;1516;1738;2200;1968
47883;2215;1517;1738;2196;1963
47923;2175;1517;1739;2204;1966
47963;2046;1498;1739;2212;1952
48003;1932;1451;1739;2212;1954
48043;1849;1427;1739;2217;1952
48073;1783;1413;1733;2209;1951
48113;1665;1387;1728;2214;1951
48153;1599;1373;1726;2234;1962
48193;1562;1364;1724;2229;1962
48223;1535;1357;1721;2224;1958
48263;1521;1355;1721;2222;1955
48303;1497;1350;1713;2214;1956
48343;1472;1339;1702;2222;1953
48373;1426;1321;1690;2236;1969
48413;1372;1284;1682;2233;1972
48453;1337;1259;1676;2236;1972
48493;1321;1247;1672;2233;1976
48523;1313;1241;1670;2232;1975
48563;1309;1238;1669;2233;1976
48603;1307;1237;1668;2225;1975
48643;1305;1236;1667;2225;1976
48673;1305;1236;1666;2214;1970
48713;1306;1236;1666;2194;1972
48753;1315;1235;1666;2198;1973
48793;1339;1227;1666;2202;1968
48823;1376;1243;1666;2207;1971
48863;1432;1262;1666;2206;1971
48903;1496;1281;1671;2200;1974
48943;1629;1312;1679;2203;1970
48973;1740;1342;1698;2202;1975
49013;1833;1372;1713;2194;1972
49053;1907;1387;1728;2195;1974
49093;2043;1404;1742;2213;1976
49123;2130;1418;1753;2209;1972
49153;2193;1430;1761;2205;1969
49163;2231;1440;1767;2200;1968
49203;2273;1461;1773;2175;1982
49243;2307;1477;1779;2181;1966
49273;2330;1485;1782;2168;1977
49313;2344;1490;1784;2173;1986
49353;2350;1493;1784;2177;1986
49393;2353;1495;1785;2178;1984
49423;2355;1494;1785;2181;1984
49463;2356;1493;1786;2181;1977
49503;2356;1494;1786;2200;1953
49543;2343;1495;1785;2205;1963
49573;2304;1491;1786;2200;1963
49613;2217;1462;1786;2194;1973
49653;2091;1433;1785;2207;1969
49693;1990;1428;1785;2203;1973
49723;1900;1396;1785;2197;1967
49763;1756;1347;1776;2193;1961
49803;1637;1325;1763;2203;1958
49843;1559;1314;1750;2200;1956
49873;1517;1308;1736;2184;1964
49913;1485;1305;1727;2180;1962
49953;1467;1304;1716;2180;1965
49993;1457;1304;1707;2175;1968
50023;1453;1304;1699;2172;1965
50063;1441;1304;1690;2163;1961
50103;1432;1303;1675;2159;1958
50143;1407;1303;1652;2142;1962
50173;1387;1303;1635;2137;1963
50213;1375;1303;1623;2157;1957
50253;1338;1304;1596;2145;1963
50293;1303;1304;1573;2150;1964
50323;1275;1304;1557;2156;1962
50363;1255;1297;1549;2161;1960
50403;1245;1294;1546;2168;1961
50443;1238;1290;1544;2161;1961
50473;1222;1278;1543;2165;1962
50513;1203;1263;1542;2180;1958
50553;1194;1255;1542;2185;1961
50593;1193;1252;1542;2170;1954
50623;1201;1249;1542;2161;1960
50663;1236;1256;1542;2159;1963
50703;1307;1288;1555;2182;1969
50743;1375;1313;1570;2175;1967
50773;1422;1328;1585;2185;1960
50843;1580;1378;1606;2202;1960
50883;1684;1391;1627;2195;1957
50923;1772;1427;1645;2198;1963
50953;1849;1461;1664;2200;1963
50963;1907;1478;1675;2200;1961
51003;1940;1486;1685;2197;1961
51043;1961;1491;1692;2198;1960
51073;1974;1494;1696;2200;1961
51103;1988;1495;1700;2198;1960
51113;1994;1495;1702;2201;1961
51153;2074;1503;1704;2201;1951
51193;2126;1509;1711;2200;1960
51223;2153;1512;1716;2203;1962
51263;2170;1514;1720;2204;1962
51303;2188;1513;1721;2208;1962
51343;2197;1513;1721;2202;1958
51423;2202;1514;1722;2204;1959
51463;2204;1514;1723;2199;1963
51503;2186;1514;1723;2203;1966
51543;2072;1516;1723;2204;1967
51583;1981;1517;1723;2214;1971
51623;1881;1505;1710;2208;1968
51663;1697;1459;1695;2197;1975
51713;1530;1366;1683;2211;1973
51753;1434;1316;1669;2217;1969
51793;1388;1291;1661;2193;1962
51823;1366;1279;1657;2181;1974
51863;1355;1272;1655;2182;1973
51903;1345;1269;1655;2194;1976
51943;1340;1267;1654;2236;1973
52023;1333;1266;1654;2192;1975
52063;1331;1266;1653;2195;1973
52103;1328;1265;1653;2227;1970
52143;1336;1265;1653;2187;1977
52183;1339;1267;1654;2166;1966
52223;1343;1271;1654;2179;1973
52263;1346;1273;1654;2187;1977
52303;1357;1273;1654;2172;1978
52353;1362;1275;1654;2156;1970
52383;1365;1276;1654;2157;1966
52423;1366;1276;1654;2182;1977
52463;1366;1276;1654;2174;1977
52503;1371;1272;1654;2162;1971
52533;1388;1268;1654;2160;1969
52543;1402;1281;1654;2160;1967
52573;1417;1293;1654;2160;1971
52613;1468;1327;1655;2166;1975
52653;1626;1384;1655;2167;1971
52693;1719;1415;1655;2168;1969
52773;1840;1452;1672;2184;1962
52813;1925;1475;1688;2172;1969
52853;2054;1490;1704;2154;1973
52893;2142;1473;1713;2159;1967
52923;2211;1522;1724;2174;1970
52933;2260;1546;1732;2171;1969
52973;2294;1559;1738;2170;1978
53013;2322;1570;1742;2169;1973
53053;2355;1584;1745;2151;2047
53093;2368;1592;1746;2155;2035
53123;2374;1596;1747;2154;2038
53163;2378;1598;1748;2162;2035
53173;2380;1599;1748;2162;2037
53223;2380;1600;1748;2161;2021
53263;2381;1600;1748;2168;2010
53303;2381;1600;1749;2145;1964
53343;2363;1600;1748;2139;1957
53383;2306;1600;1748;2149;1962
53423;2232;1600;1746;2135;1997
53463;2095;1600;1727;2123;1994
53503;1972;1593;1701;2124;1964
53543;1887;1595;1674;2130;1953
53573;1829;1596;1657;2115;1956
53593;1805;1596;1646;2114;1970
53643;1757;1590;1631;2088;1977
53683;1637;1544;1624;2122;1953
53723;1578;1521;1620;2166;1958
53763;1548;1511;1617;2124;1960
53803;1535;1507;1615;2086;1960
53843;1532;1505;1615;2097;1966
53873;1632;1503;1615;2129;1960
53913;1683;1506;1615;2155;1960
53953;1714;1508;1615;2143;1953
53993;1745;1507;1616;2135;1961
54023;1781;1507;1615;2135;1958
54063;1870;1511;1646;2164;1964
54103;2010;1540;1676;2162;1957
54143;2127;1556;1705;2163;1961
54173;2213;1576;1724;2170;1957
54213;2261;1586;1736;2182;1970
54253;2286;1592;1742;2188;1971
54293;2306;1594;1746;2178;1982
54323;2315;1596;1747;2155;1989
54363;2319;1596;1748;2153;1985
54403;2322;1597;1748;2184;1953
54443;2293;1597;1749;2185;1959
54473;2138;1586;1749;2175;1961
54513;1977;1519;1736;2124;1979
54553;1793;1460;1727;2114;1979
54593;1621;1389;1720;2150;1959
54623;1520;1347;1712;2165;1954
54663;1453;1311;1705;2104;1957
54703;1419;1294;1700;2095;1957
54743;1402;1286;1698;2086;1960
54773;1395;1282;1696;2103;1966
54813;1386;1280;1695;2115;1967
54853;1383;1276;1692;2103;1967
54893;1376;1275;1691;2094;1968
54923;1369;1274;1690;2105;1977
54963;1346;1256;1690;2131;1965
55003;1310;1221;1691;2142;1972
55043;1288;1199;1690;2135;1973
55073;1282;1187;1689;2125;1988
55113;1302;1198;1688;2161;1995
55153;1314;1204;1688;2163;1996
55193;1323;1207;1687;2147;1993
55223;1328;1208;1687;2175;1967
55263;1331;1209;1687;2169;1955
55303;1333;1209;1687;2169;1974
55343;1337;1209;1687;2148;1984
55373;1352;1206;1688;2146;1986
55413;1385;1220;1687;2151;1986
55453;1440;1257;1687;2140;1983
55483;1590;1305;1687;2124;1972
55493;1680;1339;1687;2117;1972
55523;1785;1383;1695;2105;1979
55563;1972;1443;1708;2111;1971
55603;2111;1503;1724;2114;1980
55643;2231;1549;1736;2162;2012
55673;2302;1584;1744;2147;2071
55713;2337;1602;1748;2138;2080
55753;2354;1610;1750;2153;2073
55793;2363;1615;1751;2165;2041
55823;2367;1617;1751;2167;2007
55863;2371;1618;1752;2145;1978
55903;2358;1619;1753;2137;1958
55943;2330;1617;1753;2136;1954
55973;2297;1611;1754;2129;1957
56013;2272;1609;1753;2131;1953
56053;2258;1609;1753;2133;1960
56093;2251;1608;1753;2135;1959
56123;2247;1608;1752;2139;1964
56163;2245;1608;1753;2133;1964
56203;2240;1608;1753;2125;1966
56243;2225;1608;1753;2129;1964
56273;2197;1607;1753;2131;1962
56313;2088;1600;1753;2131;1961
56353;1993;1585;1744;2136;1964
56393;1896;1539;1733;2150;1963
56423;1745;1470;1719;2140;1976
56463;1580;1397;1704;2135;1972
56503;1441;1313;1692;2133;1961
56543;1353;1250;1684;2131;1958
56573;1308;1220;1679;2109;1968
56613;1286;1205;1677;2125;1973
56653;1275;1197;1676;2151;1970
56693;1270;1193;1675;2156;1975
56723;1267;1191;1674;2146;1972
56763;1265;1190;1674;2121;1982
56803;1263;1190;1674;2104;1970
56833;1259;1187;1674;2153;1964
56843;1257;1185;1674;2171;1956
56873;1256;1185;1673;2151;1960
56913;1256;1185;1673;2112;1974
56953;1264;1189;1673;2091;1965
56993;1296;1204;1673;2136;1962
57023;1383;1254;1673;2165;1968
57063;1561;1325;1673;2164;1965
57103;1666;1363;1673;2136;1976
57143;1771;1412;1675;2153;1968
57173;1856;1444;1681;2159;1978
57213;1923;1470;1690;2176;1996
57253;1962;1483;1698;2182;1977
57293;1992;1489;1702;2185;2005
57323;2007;1493;1704;2195;2002
57363;2014;1495;1705;2211;1998
57403;2017;1496;1705;2218;2002
57443;2019;1497;1705;2217;2006
57473;2016;1498;1705;2195;2004
57513;2010;1499;1706;2188;1998
57553;2007;1499;1706;2195;1995
57593;1980;1499;1706;2192;1982
57623;1944;1499;1706;2192;1990
57663;1918;1499;1705;2195;1996
57703;1879;1499;1701;2199;1980
57733;1826;1499;1690;2193;1971
57743;1785;1499;1682;2195;1972
57793;1693;1499;1662;2188;1973
57823;1587;1486;1641;2175;1977
57863;1462;1423;1625;2169;1973
57903;1343;1324;1614;2153;1957
57943;1260;1266;1606;2173;1960
57973;1219;1237;1598;2205;1962
58003;1195;1222;1592;2201;1961
58013;1182;1214;1588;2194;1970
58053;1165;1203;1583;2156;1974
58093;1145;1187;1579;2169;1974
58123;1130;1175;1578;2205;1978
58163;1110;1160;1575;2203;1986
58203;1086;1145;1567;2206;1985
58243;1071;1136;1563;2220;1986
58273;1064;1132;1561;2218;1984
58313;1060;1130;1560;2178;1975
58353;1059;1129;1560;2167;1969
58393;1087;1128;1560;2114;1978
58473;1154;1138;1564;2099;1983
58513;1205;1147;1573;2132;1973
58553;1244;1154;1587;2159;1981
58593;1266;1158;1595;2163;1973
58633;1282;1166;1599;2133;1966
58673;1313;1164;1604;2130;1966
58713;1368;1218;1607;2149;1955
58753;1414;1262;1611;2158;1949
58793;1471;1274;1618;2159;1958
58823;1619;1348;1628;2170;1952
58863;1745;1411;1644;2186;1969
58903;1813;1442;1656;2172;1972
58943;1856;1457;1665;2174;1969
58973;1915;1485;1674;2185;1980
59013;2049;1525;1687;2177;1992
59053;2114;1545;1697;2174;1997
59093;2147;1556;1701;2180;1987
59123;2164;1561;1704;2194;1981
59163;2175;1563;1705;2195;1989
59203;2180;1564;1705;2173;1983
59243;2181;1565;1706;2173;1980
59273;2179;1566;1706;2178;1961
59313;2065;1566;1706;2173;1967
59353;1948;1544;1706;2184;1975
59393;1821;1507;1694;2189;1978
59423;1675;1472;1679;2175;1987
59463;1585;1456;1663;2168;1980
59503;1515;1443;1641;2181;1986
59543;1451;1421;1625;2159;1985
59573;1410;1402;1612;2164;1982
59613;1389;1393;1600;2137;1975
59653;1378;1389;1594;2117;1968
59693;1373;1387;1591;2115;1970
59723;1370;1386;1589;2121;1977
59763;1358;1380;1588;2127;1972
59803;1327;1357;1585;2142;1972
59843;1292;1329;1579;2107;1986
59873;1261;1296;1574;2093;1977
59913;1216;1257;1571;2091;1967
59953;1171;1213;1569;2077;1978
59993;1142;1190;1568;2077;1981
60023;1124;1175;1568;2082;1981
60063;1110;1163;1568;2083;1979
60103;1103;1158;1568;2083;1975
60143;1100;1155;1567;2079;1968
60173;1098;1154;1568;2079;1973
60213;1098;1153;1568;2103;1973
60253;1102;1153;1568;2122;1965
60293;1150;1165;1568;2128;1970
60323;1214;1186;1569;2126;1973
60363;1270;1207;1576;2140;1975
60403;1323;1229;1590;2161;1975
60443;1408;1270;1603;2179;1971
60473;1469;1314;1615;2193;1971
60513;1602;1343;1625;2175;1974
60553;1701;1375;1639;2179;1976
60593;1779;1406;1656;2185;1975
60623;1838;1425;1671;2192;1977
60663;1911;1455;1684;2200;1973
60703;1968;1469;1695;2201;1970
60743;2080;1486;1707;2190;1978
60773;2182;1526;1715;2196;1966
60813;2250;1549;1727;2185;1985
60853;2288;1561;1735;2168;1994
60893;2306;1567;1739;2171;1991
60923;2315;1570;1741;2170;1969
60963;2301;1572;1742;2156;1984
61003;2247;1572;1743;2171;1983
61043;2088;1572;1733;2162;1983
61073;1965;1571;1715;2150;1979
61113;1869;1569;1689;2151;1976
61153;1730;1521;1668;2137;1971
61193;1600;1453;1654;2123;1970
61223;1515;1420;1645;2126;1978
61263;1444;1390;1635;2130;1974
61303;1390;1347;1627;2125;1972
61343;1348;1324;1622;2122;1977
61373;1327;1312;1620;2123;1977
61413;1310;1297;1619;2122;1979
61453;1292;1281;1618;2122;1978
61493;1264;1257;1618;2122;1975
61523;1247;1232;1617;2121;1977
61563;1239;1220;1617;2121;1974
61603;1236;1214;1617;2120;1982
61643;1234;1211;1617;2116;1978
61673;1234;1210;1618;2120;1977
61713;1235;1210;1618;2116;1985
61753;1257;1220;1618;2114;1991
61793;1298;1226;1618;2106;1994
61823;1347;1229;1622;2109;1997
61863;1414;1247;1642;2127;1991
61903;1565;1284;1664;2134;2002
61943;1708;1332;1691;2127;1999
61973;1818;1370;1709;2123;1981
62013;1889;1393;1725;2129;1978
62053;1924;1406;1734;2118;1980
62093;1963;1429;1738;2120;1978
62123;2077;1462;1740;2116;1978
62163;2161;1515;1741;2109;1976
62203;2203;1542;1742;2108;1984
62243;2234;1556;1743;2118;1979
62273;2270;1573;1743;2112;1996
62313;2294;1585;1743;2107;2011
62353;2309;1585;1743;2073;2038
62393;2334;1605;1744;2082;2083
62423;2345;1615;1744;2095;2073
62463;2351;1620;1743;2116;1968
62503;2336;1622;1743;2132;1959
62543;2289;1623;1743;2141;1959
62573;2217;1620;1743;2126;1961
62613;2069;1608;1733;2113;1959
62653;1981;1602;1722;2131;1971
62693;1908;1597;1703;2121;1970
62733;1841;1582;1679;2123;1975
62743;1800;1555;1666;2127;1975
62833;1628;1492;1648;2114;1957
62883;1532;1457;1634;2106;1950
62923;1451;1414;1625;2097;1953
62963;1367;1341;1618;2111;1952
62993;1300;1285;1614;2111;1953
63033;1250;1202;1612;2121;1957
63073;1225;1175;1608;2117;1967
63113;1212;1163;1605;2107;1971
63153;1207;1155;1604;2110;1971
63193;1203;1156;1603;2110;1973
63273;1201;1154;1603;2100;1974
63313;1201;1150;1603;2123;1967
63353;1210;1150;1604;2116;1969
63393;1215;1152;1604;2128;1972
63433;1219;1151;1605;2137;1978
63473;1227;1149;1605;2151;1982
63513;1232;1148;1605;2153;1983
63553;1235;1147;1605;2159;1984
63593;1242;1147;1605;2162;1985
63623;1266;1184;1605;2174;1979
63663;1303;1209;1605;2172;1974
63703;1340;1227;1606;2171;1975
63743;1435;1270;1627;2181;1975
63773;1596;1317;1650;2188;1974
63813;1685;1340;1665;2175;1975
63853;1727;1352;1673;2170;1973
63893;1773;1360;1686;2188;1974
63923;1831;1378;1696;2184;1971
63963;1860;1389;1705;2169;1977
64003;1875;1394;1711;2167;1972
64043;1884;1396;1714;2171;1972
64073;1889;1398;1716;2167;1974
64113;1892;1398;1717;2163;1970
64153;1893;1399;1718;2166;1970
64193;1894;1399;1719;2163;1971
64223;1894;1399;1719;2158;1973
64263;1863;1399;1718;2160;1975
64303;1738;1347;1718;2141;1961
64343;1604;1317;1718;2152;1960
64373;1535;1302;1718;2166;1960
64413;1492;1295;1718;2163;1966
64453;1458;1291;1712;2142;1973
64493;1433;1283;1705;2160;1967
64523;1419;1280;1699;2171;1968
64563;1394;1278;1687;2158;1974
64603;1362;1272;1670;2160;1975
64643;1326;1261;1660;2152;1973
64673;1302;1248;1655;2159;1968
64713;1288;1241;1652;2171;1970
64753;1281;1237;1650;2159;1965
64793;1277;1235;1649;2155;1965
64823;1275;1234;1649;2154;1966
64863;1274;1234;1649;2152;1966
64903;1301;1234;1649;2145;1969
64943;1342;1236;1649;2144;1978
64973;1378;1237;1650;2125;1972
65013;1432;1231;1664;2106;1972
65053;1608;1271;1691;2118;1967
65093;1726;1297;1710;2102;1970
65123;1808;1310;1728;2099;1975
65163;1902;1317;1749;2110;1972
65203;2027;1329;1763;2114;1979
65243;2122;1341;1776;2117;1982
65273;2204;1372;1793;2069;1988
65313;2256;1391;1803;2083;1988
65353;2282;1401;1808;2091;1989
65393;2302;1400;1810;2091;2000
65423;2309;1410;1811;2106;1993
65463;2312;1417;1812;2110;1987
65503;2314;1421;1812;2140;1976
7;2316;1423;1812;2150;1979
27;2301;1424;1812;2161;1979
77;2152;1389;1813;2158;1977
117;1982;1327;1813;2182;1979
157;1866;1285;1813;2205;1986
187;1749;1267;1802;2210;1986
227;1628;1246;1792;2191;1990
267;1545;1238;1783;2184;1991
307;1493;1213;1773;2191;1990
337;1454;1199;1764;2197;1991
377;1419;1202;1757;2203;1990
417;1393;1194;1752;2215;1998
457;1373;1184;1749;2226;1996
487;1360;1179;1747;2227;2004
527;1352;1177;1746;2232;1999
567;1348;1176;1745;2233;2003
607;1346;1175;1743;2218;1999
637;1345;1175;1743;2202;1994
677;1345;1175;1743;2206;1990
717;1345;1175;1743;2182;1989
757;1354;1177;1743;2178;1988
787;1366;1177;1743;2187;1984
827;1404;1192;1742;2190;1987
867;1441;1211;1743;2181;1982
907;1577;1238;1743;2175;1992
937;1709;1269;1744;2163;1990
977;1818;1327;1744;2164;1989
1017;1875;1362;1744;2143;1993
1057;1922;1382;1744;2144;1989
1087;1968;1395;1744;2154;1986
1127;2003;1403;1744;2149;1990
1167;2081;1419;1744;2153;1995
1207;2131;1440;1744;2152;1999
1237;2176;1461;1746;2156;1998
1277;2202;1468;1747;2148;1996
1317;2216;1473;1748;2146;2000
1357;2223;1475;1749;2158;1997
1387;2225;1476;1748;2153;1998
1427;2226;1476;1748;2144;1993
1467;2227;1476;1748;2140;1994
1507;2227;1477;1749;2144;1994
1537;2226;1477;1749;2146;1992
1567;2213;1477;1748;2153;1992
1607;2103;1477;1748;2152;1992
1647;2005;1477;1748;2159;1990
1687;1929;1478;1746;2163;1986
1727;1870;1477;1733;2150;1993
1767;1812;1469;1719;2144;1990
1807;1703;1437;1708;2148;1988
1837;1646;1428;1699;2153;1988
1877;1566;1424;1689;2158;1984
1917;1518;1411;1677;2150;1983
1957;1467;1374;1666;2148;1985
1987;1406;1335;1659;2157;1983
2027;1337;1283;1645;2178;1993
2067;1288;1238;1632;2195;1997
2107;1262;1215;1625;2192;1994
2137;1250;1204;1621;2175;1991
2177;1243;1198;1619;2180;1991
2217;1240;1194;1618;2182;1991
2257;1238;1192;1618;2174;1992
2287;1237;1192;1618;2152;1993
2327;1249;1207;1618;2141;1992
2367;1308;1222;1618;2149;1987
2407;1390;1245;1629;2151;1989
2437;1439;1259;1641;2155;1988
2477;1552;1282;1663;2149;1987
2517;1696;1322;1690;2144;1987
2557;1787;1347;1706;2132;1992
2587;1851;1367;1717;2133;1994
2627;1926;1388;1731;2139;1988
2667;1971;1396;1739;2125;1988
2707;2059;1415;1744;2132;1993
2737;2122;1446;1746;2142;1990
2777;2154;1464;1747;2133;1993
2817;2170;1473;1748;2146;1990
2857;2179;1477;1749;2155;1991
2887;2188;1480;1749;2146;1993
2927;2192;1481;1749;2141;1996
2967;2195;1483;1749;2141;1995
3007;2197;1483;1748;2133;1995
3037;2199;1484;1748;2139;1987
3077;2199;1484;1748;2134;1994
3117;2199;1484;1748;2139;1991
3157;2199;1485;1748;2142;1994
3187;2192;1484;1748;2157;1991
3227;2065;1462;1748;2167;1989
3267;1944;1430;1748;2181;1986
3307;1835;1402;1748;2184;1988
3337;1737;1380;1745;2177;1985
3377;1604;1347;1734;2164;1989
3417;1498;1298;1719;2187;1987
3457;1414;1223;1708;2214;1996
3487;1354;1213;1697;2210;2001
3527;1311;1193;1689;2213;2002
3567;1282;1179;1683;2215;2004
3607;1263;1177;1680;2218;2004
3637;1250;1177;1678;2217;2001
3677;1239;1176;1674;2219;2002
3717;1224;1169;1671;2220;2001
3757;1213;1164;1666;2217;2002
3787;1202;1160;1660;2222;2004
3827;1196;1158;1657;2220;2002
3867;1193;1157;1656;2212;1999
3907;1191;1157;1654;2199;1993
3937;1191;1157;1654;2156;1987
3977;1213;1159;1654;2144;1983
4017;1246;1161;1654;2145;1985
4057;1293;1168;1654;2160;1982
4087;1353;1187;1654;2171;1990
4127;1420;1210;1665;2172;1991
4167;1592;1239;1685;2168;1991
4207;1742;1242;1711;2160;1991
4237;1829;1279;1727;2155;1986
4277;1895;1319;1738;2164;1988
4317;1962;1360;1747;2167;1990
4357;2068;1390;1753;2152;1988
4387;2121;1404;1756;2147;1992
4427;2157;1421;1757;2149;1991
4467;2200;1445;1759;2149;1991
4507;2248;1462;1767;2092;1998
4537;2291;1469;1772;2068;2005
4577;2319;1485;1775;2044;2034
4617;2332;1494;1777;2038;2033
4657;2345;1497;1778;2035;2041
4687;2356;1508;1778;2018;2042
4727;2362;1511;1779;2001;2045
4767;2368;1519;1779;1989;2095
4807;2377;1531;1778;2000;2088
4837;2381;1538;1779;2030;2022
4877;2372;1541;1779;2079;1965
4917;2330;1543;1779;2090;1995
4957;2240;1544;1779;2105;1997
4987;2084;1541;1766;2110;2000
5027;1963;1535;1742;2107;2003
5067;1853;1527;1709;2094;1998
5107;1735;1494;1681;2087;1999
5137;1633;1489;1659;2090;1998
5177;1554;1465;1643;2101;2002
5217;1482;1434;1625;2089;2004
5257;1425;1394;1613;2089;2002
5287;1372;1358;1595;2082;2007
5327;1323;1330;1584;2081;2008
5367;1283;1296;1575;2081;2008
5407;1251;1266;1568;2094;2007
5437;1221;1248;1563;2094;2007
5477;1192;1216;1560;2098;2004
5517;1176;1198;1557;2101;2009
5557;1168;1190;1556;2104;2008
5587;1164;1185;1555;2101;2012
5627;1162;1182;1555;2106;2007
5667;1158;1181;1555;2105;2017
5707;1163;1180;1556;2105;2015
5737;1170;1180;1556;2112;2007
5777;1189;1181;1556;2108;2019
5817;1229;1181;1566;2116;2021
5857;1285;1175;1591;2102;2026
5887;1338;1189;1612;2104;2027
5927;1392;1187;1633;2102;2028
5967;1452;1098;1660;2109;2029
6007;1601;1160;1689;2108;2028
6037;1707;1196;1708;2110;2025
6077;1801;1212;1729;2102;2028
6117;1870;1234;1744;2096;2025
6157;2008;1279;1759;2100;2024
6187;2108;1317;1768;2099;2027
6227;2164;1346;1773;2087;2025
6267;2202;1374;1776;2102;2010
6307;2222;1388;1777;2102;2012
6337;2232;1396;1778;2101;2007
6377;2238;1399;1779;2099;2008
6417;2240;1401;1778;2098;2009
6457;2241;1402;1778;2100;2005
6487;2241;1403;1779;2102;2010
6527;2240;1404;1779;2115;2008
6567;2229;1404;1779;2144;2011
6607;2190;1405;1779;2179;2004
6637;2092;1395;1779;2177;2005
6677;2026;1385;1780;2174;2004
6717;1992;1379;1780;2181;2006
6757;1961;1368;1780;2185;2008
6787;1934;1353;1779;2196;2007
6827;1913;1341;1779;2200;2010
6847;1903;1335;1779;2196;2010
6897;1899;1332;1779;2197;2009
6937;1895;1332;1779;2197;2008
6977;1893;1330;1779;2207;2011
7017;1890;1320;1779;2213;2012
7057;1870;1315;1780;2212;2014
7087;1865;1315;1780;2207;2011
7127;1837;1305;1779;2174;2013
7167;1789;1279;1779;2178;2007
7207;1770;1268;1779;2172;2011
7237;1754;1263;1779;2164;2008
7277;1736;1260;1779;2135;2014
7317;1668;1253;1779;2126;2019
7357;1638;1247;1779;2126;2017
7387;1629;1243;1779;2128;2018
7427;1587;1241;1778;2123;2018
7467;1565;1241;1778;2122;2023
7497;1554;1242;1778;2116;2026
7537;1548;1242;1778;2121;2025
7577;1546;1242;1778;2118;2028
7617;1544;1242;1778;2123;2026
7657;1540;1243;1778;2124;2024
7687;1537;1242;1778;2135;2019
7727;1532;1241;1778;2155;2010
7767;1498;1235;1768;2181;2010
7807;1467;1230;1759;2171;2015
7837;1446;1225;1753;2162;2011
7877;1430;1200;1747;2160;2012
7917;1405;1188;1740;2154;2014
7957;1370;1184;1730;2144;2023
7987;1332;1176;1724;2139;2025
8027;1300;1171;1710;2124;2048
8067;1269;1164;1697;2104;2065
8107;1255;1161;1688;2065;2029
8137;1294;1173;1684;2050;2027
8177;1388;1226;1682;1992;2016
8217;1455;1264;1681;1982;2021
8267;1642;1302;1702;2023;2000
8297;1785;1350;1722;2039;1995
8337;1872;1374;1734;2025;2000
8377;1915;1386;1741;2023;2012
8417;1937;1392;1744;2044;2004
8457;1947;1395;1745;2069;1996
8487;1952;1397;1746;2061;2002
8527;1955;1398;1746;2070;2003
8577;1957;1399;1747;2050;2006
8617;1958;1399;1747;2059;2003
8677;1957;1401;1748;2055;1998
8717;1962;1402;1748;2046;2000
8757;1977;1398;1748;2053;1990
8797;1991;1393;1748;2052;1993
8837;2083;1434;1748;2053;1990
8877;2133;1458;1748;2054;2007
8917;2159;1470;1748;2069;2007
8957;2189;1475;1749;2092;2001
8997;2203;1478;1751;2090;2000
9037;2209;1481;1752;2090;1997
9077;2208;1482;1753;2099;1994
9117;2104;1483;1753;2092;2000
9157;2016;1483;1753;2092;2007
9187;1923;1463;1753;2085;2002
9227;1757;1408;1738;2063;2014
9267;1616;1370;1718;2069;2013
9307;1515;1317;1686;2074;2018
9337;1441;1325;1657;2070;2018
9377;1393;1329;1634;2069;2016
9417;1354;1313;1614;2072;2017
9457;1323;1313;1597;2079;2016
9487;1302;1307;1586;2077;2017
9527;1269;1286;1571;2073;2026
9567;1225;1258;1561;2078;2028
9607;1182;1215;1557;2087;2030
9647;1154;1192;1556;2093;2033
9677;1141;1181;1555;2089;2031
9717;1134;1176;1554;2088;2032
9757;1130;1173;1554;2097;2033
9797;1129;1172;1554;2097;2033
9837;1128;1172;1554;2094;2035
9877;1128;1172;1554;2088;2034
9917;1128;1172;1554;2090;2035
9957;1147;1171;1554;2082;2038
10037;1192;1171;1566;2083;2030
10077;1237;1172;1585;2089;2029
10117;1301;1178;1612;2088;2032
10157;1393;1215;1645;2090;2031
10197;1469;1239;1668;2076;2027
10237;1586;1248;1687;2051;2028
10277;1675;1272;1705;2078;2011
10317;1745;1288;1715;2074;2022
10357;1780;1300;1719;2061;2022
10387;1797;1294;1722;2066;2023
10427;1823;1299;1724;2074;2024
10467;1843;1325;1726;2070;2020
10507;1866;1339;1729;2057;2020
10537;1881;1349;1733;2061;2017
10577;1895;1353;1738;2067;2021
10617;1904;1356;1741;2073;2018
10647;1909;1357;1741;2076;2021
10657;1912;1358;1742;2080;2022
10687;1911;1358;1742;2096;2015
10727;1886;1359;1742;2104;2021
10767;1834;1359;1742;2113;2022
10807;1717;1358;1732;2108;2023
10837;1593;1340;1718;2109;2021
10877;1507;1323;1698;2116;2020
10917;1439;1313;1674;2116;2019
10957;1384;1286;1650;2110;2025
10987;1339;1271;1632;2108;2026
11027;1297;1249;1621;2115;2030
11067;1249;1213;1611;2127;2031
11107;1212;1209;1593;2127;2034
11137;1187;1207;1580;2122;2033
11177;1170;1204;1570;2122;2035
11217;1161;1203;1564;2119;2032
11257;1157;1202;1561;2111;2031
11287;1154;1201;1559;2111;2029
11327;1153;1201;1558;2109;2021
11367;1168;1202;1558;2099;2021
11407;1205;1204;1558;2089;2008
11437;1239;1204;1567;2089;2007
11477;1269;1190;1581;2088;2007
11517;1339;1226;1597;2087;2004
11557;1411;1262;1615;2080;2005
11587;1505;1308;1634;2075;2002
11627;1628;1340;1649;2072;2011
11667;1721;1373;1665;2084;2008
11707;1813;1412;1681;2088;2007
11737;1890;1443;1697;2075;2010
11777;2018;1471;1709;2070;2010
11817;2100;1489;1718;2068;2011
11857;2162;1504;1729;2085;2008
11887;2214;1502;1736;2079;2009
11927;2256;1496;1744;2037;2011
11967;2290;1533;1748;2015;2029
12007;2323;1564;1751;1954;2097
12037;2351;1581;1754;1926;2104
12077;2364;1589;1755;1929;2112
12117;2377;1591;1756;1957;2121
12157;2382;1589;1757;1966;2097
12187;2384;1588;1758;2020;1953
12227;2341;1588;1757;2045;1973
12267;2246;1588;1757;2090;1967
12307;2068;1588;1721;2077;1975
12337;1943;1588;1684;2075;1973
12377;1842;1588;1649;2077;1983
12417;1779;1589;1619;2078;1983
12457;1750;1589;1597;2080;1978
12487;1717;1589;1577;2050;1988
12527;1661;1589;1554;2038;1997
12567;1604;1602;1536;2034;1995
12607;1569;1609;1527;2049;1994
12637;1547;1613;1518;2052;1993
12677;1522;1615;1513;2031;1993
12717;1486;1604;1505;2038;1993
12757;1409;1541;1500;2043;1997
12787;1353;1491;1497;2073;1997
12827;1309;1446;1491;2076;1998
12867;1254;1388;1488;2074;1999
12907;1217;1345;1486;2078;2000
12937;1191;1306;1485;2078;1998
12977;1157;1266;1484;2076;2001
13017;1127;1233;1484;2079;2003
13057;1105;1205;1484;2089;2006
13087;1088;1191;1483;2101;2008
13127;1078;1176;1483;2108;2012
13167;1061;1138;1483;2122;2018
13207;1049;1131;1483;2160;2023
13237;1043;1106;1483;2183;2028
13277;1039;1106;1483;2199;2031
13317;1037;1095;1484;2211;2031
13357;1037;1087;1491;2211;2034
13387;1036;1074;1499;2211;2034
13427;1036;1065;1507;2225;2037
13467;1052;1063;1531;2219;2032
13507;1100;1062;1567;2188;2009
13537;1168;1062;1608;2177;2010
13577;1252;1062;1653;2145;2016
13617;1336;1062;1688;2146;1998
13657;1410;1061;1715;2144;2005
13687;1450;1060;1729;2145;2002
13727;1474;1059;1737;2152;1991
13767;1497;1055;1741;2151;1993
13807;1551;1080;1743;2155;1985
13837;1635;1124;1744;2155;1982
13877;1729;1185;1745;2138;1989
13917;1792;1250;1745;2118;1993
13957;1824;1309;1745;2091;2001
13987;1839;1381;1745;2091;1995
14027;1845;1475;1705;2031;1999
14067;1847;1548;1661;2023;1991
14107;1848;1585;1635;2020;1996
14137;1847;1614;1615;2014;1992
14177;1833;1628;1590;2032;1996
14217;1795;1636;1559;2036;1995
14257;1760;1641;1528;2018;1994
14287;1679;1642;1500;2022;1994
14327;1580;1643;1459;2028;1992
14367;1498;1643;1433;2035;1993
14407;1430;1627;1418;2065;1990
14437;1371;1592;1409;2077;1987
14477;1336;1560;1405;2076;1985
14517;1305;1505;1404;2072;1986
14557;1270;1464;1403;2074;1989
14587;1247;1423;1403;2082;1993
14627;1233;1396;1402;2101;2000
14667;1217;1356;1408;2108;2008
14707;1201;1292;1433;2122;2010
14737;1186;1248;1458;2172;2015
14777;1179;1201;1487;2199;2025
14817;1174;1177;1510;2199;2029
14857;1176;1165;1540;2196;2016
14887;1191;1159;1567;2178;2029
14927;1224;1156;1591;2170;2022
14967;1261;1154;1611;2159;2012
15007;1301;1153;1627;2145;2013
15037;1340;1167;1637;2127;2013
15077;1410;1195;1653;2095;2027
15117;1523;1227;1672;2089;2023
15157;1647;1242;1692;2071;2038
15187;1742;1268;1706;2052;2023
15227;1813;1285;1716;2038;2034
15267;1851;1301;1722;2036;2032
15307;1882;1316;1725;2033;2034
15337;1913;1335;1728;2031;2031
15377;1943;1352;1731;2023;2036
15417;1985;1378;1735;2010;2037
15457;2082;1400;1738;2003;2044
15487;2148;1421;1742;1993;2039
15527;2203;1450;1745;1982;2035
15567;2255;1473;1750;1964;2041
15607;2300;1501;1753;1865;2032
15637;2332;1533;1755;1808;2042
15677;2354;1553;1756;1871;2090
15717;2365;1563;1756;1850;2050
15757;2369;1568;1757;1866;2005
15787;2372;1571;1757;1879;1979
15827;2373;1572;1757;1882;1914
15867;2361;1573;1757;1896;1944
15907;2299;1573;1756;1916;1949
15937;2137;1542;1756;1928;1940
15977;1994;1512;1757;1952;1924
16017;1886;1497;1740;1953;1941
16057;1798;1489;1714;1939;1947
16087;1664;1486;1688;1946;1944
16127;1583;1481;1665;1949;1944
16167;1531;1474;1645;1943;1940
16207;1492;1470;1625;1947;1944
16237;1468;1468;1616;1939;1946
16277;1458;1467;1610;1943;1946
16317;1439;1467;1599;1943;1951
16357;1424;1467;1588;1952;1951
16387;1411;1467;1576;1950;1955
16427;1390;1455;1563;1949;1949
16467;1352;1435;1546;1950;1951
16507;1316;1408;1537;1958;1952
16537;1300;1395;1533;1955;1948
16577;1298;1389;1530;1959;1943
16617;1298;1386;1529;1954;1930
16657;1358;1393;1543;1956;1937
16697;1480;1413;1575;1950;1941
16737;1617;1425;1613;1950;1946
16777;1746;1442;1650;1949;1945
16817;1844;1458;1678;1947;1953
16857;1905;1467;1700;1947;1950
16887;1955;1471;1711;1947;1954
16927;2050;1474;1725;1946;1953
16967;2112;1475;1733;1946;1949
17007;2152;1477;1739;1943;1950
17047;2180;1478;1743;1946;1955
17147;2193;1479;1747;1962;1954
17187;2186;1480;1749;1972;1948
17227;2077;1480;1749;1992;1941
17267;1948;1480;1744;1989;1944
17307;1726;1457;1699;1983;1945
17347;1552;1412;1656;1981;1944
17387;1441;1385;1622;1983;1937
17427;1370;1361;1599;1978;1944
17467;1313;1330;1586;1969;1952
17507;1269;1290;1580;1977;1956
17547;1246;1269;1576;1993;1946
17587;1228;1254;1574;1994;1961
17627;1217;1248;1573;1988;1961
17667;1212;1245;1572;1991;1954
17707;1209;1243;1572;1993;1956
17737;1208;1239;1572;1991;1959
17777;1208;1236;1572;1994;1962
17817;1204;1234;1573;2001;1953
17857;1207;1234;1574;2005;1935
17887;1232;1233;1574;2004;1937
17927;1272;1233;1591;1996;1946
17967;1318;1234;1604;1993;1941
18007;1380;1247;1627;1990;1935
18037;1438;1265;1648;1982;1943
18077;1592;1288;1676;1980;1939
18117;1739;1319;1707;1977;1943
18157;1860;1349;1732;1970;1948
18187;1931;1366;1745;1963;1954
18227;2054;1384;1753;1964;1946
18267;2131;1409;1758;1957;1955
18307;2173;1422;1761;1955;1958
18337;2193;1429;1763;1958;1953
18377;2203;1433;1764;1964;1951
18417;2207;1434;1765;1965;1951
18457;2211;1435;1765;1967;1950
18487;2212;1436;1765;1964;1950
18527;2214;1436;1765;1970;1949
18567;2196;1436;1764;1983;1942
18607;2100;1437;1764;1986;1944
18637;2037;1427;1765;1988;1939
18677;1981;1427;1765;1988;1937
18717;1916;1405;1765;1987;1938
18757;1830;1354;1765;1994;1928
18787;1715;1305;1765;2018;1913
18827;1617;1283;1765;2027;1921
18867;1540;1270;1757;2023;1928
18907;1484;1258;1741;2023;1931
18937;1443;1250;1731;2022;1932
18977;1395;1240;1717;2029;1931
19017;1338;1222;1701;2025;1936
19057;1283;1192;1686;2022;1950
19087;1243;1174;1675;2028;1949
19127;1221;1164;1669;2035;1953
19157;1208;1159;1662;2033;1955
19207;1196;1155;1658;2032;1961
19247;1190;1154;1656;2032;1963
19287;1187;1153;1655;2029;1963
19327;1186;1152;1654;2019;1960
19367;1185;1152;1654;2013;1955
19397;1184;1152;1654;2010;1944
19437;1194;1152;1654;1996;1942
19477;1247;1164;1655;1986;1934
19517;1307;1186;1654;1985;1935
19557;1360;1209;1654;1985;1931
19597;1443;1270;1655;1978;1931
19637;1596;1336;1666;1968;1935
19647;1695;1376;1673;1965;1936
19697;1774;1408;1679;1966;1933
19737;1851;1449;1684;1974;1937
19777;1914;1474;1692;1955;1945
19817;2028;1514;1699;1953;1941
19857;2110;1544;1709;1948;1949
19887;2149;1560;1714;1952;1949
19927;2169;1568;1717;1954;1952
19967;2194;1579;1720;1953;1947
20007;2212;1587;1721;1949;1962
20037;2222;1592;1721;1956;1956
20077;2226;1595;1722;1957;1941
20117;2228;1595;1722;1957;1944
20157;2204;1595;1722;1956;1943
20197;2104;1596;1722;1959;1947
20237;2021;1596;1720;1956;1944
20277;1939;1596;1687;1955;1949
20317;1856;1596;1649;1954;1953
20357;1801;1596;1615;1955;1954
20397;1760;1596;1588;1956;1957
20437;1650;1596;1559;1957;1955
20477;1575;1597;1536;1958;1957
20517;1530;1597;1522;1961;1958
20557;1502;1597;1515;1961;1951
20587;1485;1597;1511;1971;1953
20627;1466;1595;1509;1971;1956
20667;1458;1592;1509;1971;1959
20707;1452;1591;1508;1975;1955
20737;1448;1588;1507;1980;1953
20767;1432;1565;1507;1979;1955
20807;1399;1521;1507;1980;1953
20847;1362;1475;1507;1991;1950
20887;1330;1415;1507;1997;1960
20927;1288;1334;1507;2014;1966
20967;1255;1236;1511;2047;1972
21007;1229;1206;1520;2057;1977
21037;1214;1190;1524;2062;1978
21077;1203;1182;1527;2058;1979
21117;1198;1177;1528;2053;1979
21157;1194;1173;1529;2059;1978
21187;1191;1168;1529;2060;1968
21227;1189;1166;1529;2042;1967
21267;1188;1165;1529;2013;1957
21307;1216;1168;1553;2010;1953
21337;1292;1108;1589;2005;1953
21377;1361;1170;1616;1978;1972
21417;1418;1214;1636;1979;1961
21457;1474;1254;1656;1986;1956
21487;1559;1279;1668;1985;1970
21527;1648;1306;1678;1973;1978
21567;1719;1332;1686;1961;1972
21607;1766;1354;1691;1958;1974
21637;1794;1361;1694;1953;1980
21677;1816;1374;1696;1950;1977
21717;1838;1389;1700;1945;1983
21757;1861;1391;1703;1947;1977
21787;1884;1405;1708;1948;1976
21817;1904;1407;1713;1943;1980
21827;1920;1415;1716;1944;1980
21867;1942;1426;1719;1939;1981
21907;1987;1450;1724;1935;1978
21937;2101;1453;1733;1934;1982
21977;2173;1477;1740;1931;1987
22017;2211;1489;1745;1934;1981
22057;2248;1506;1748;1939;1970
22087;2280;1519;1751;1920;1983
22127;2295;1526;1752;1920;1994
22167;2303;1530;1754;1927;1975
22207;2306;1533;1755;1931;1966
22237;2307;1534;1756;1942;1971
22277;2307;1535;1755;1954;1962
22317;2282;1535;1755;1967;1962
22357;2135;1508;1755;1980;1947
22387;2007;1474;1755;2000;1938
22427;1887;1437;1752;2006;1952
22467;1709;1397;1740;2005;1952
22507;1590;1349;1731;2012;1951
22537;1521;1325;1724;2019;1949
22577;1478;1314;1715;2020;1954
22617;1447;1307;1706;2014;1955
22657;1414;1291;1696;2014;1961
22687;1391;1272;1691;2019;1959
22727;1364;1259;1685;2020;1962
22767;1325;1149;1676;2023;1965
22807;1281;1160;1667;2029;1965
22837;1245;1160;1661;2040;1969
22877;1222;1157;1656;2043;1971
22917;1208;1157;1650;2035;1968
22957;1201;1157;1645;2031;1964
22987;1197;1157;1642;2022;1949
23027;1198;1158;1642;2018;1927
23067;1228;1162;1642;2009;1924
23107;1274;1191;1642;2003;1928
23137;1321;1220;1642;2000;1930
23177;1372;1257;1642;2005;1927
23217;1422;1234;1642;2006;1924
23257;1508;1314;1642;2003;1918
23287;1634;1393;1642;2021;1913
23327;1713;1446;1641;2007;1911
23367;1763;1483;1641;2005;1933
23407;1826;1535;1642;2012;1917
23437;1861;1564;1642;2003;1929
23467;1898;1593;1642;1999;1937
23517;1930;1618;1642;1992;1945
23557;1952;1630;1642;1995;1940
23587;1966;1635;1642;1996;1941
23627;1983;1655;1642;1993;1930
23667;1991;1665;1642;1983;1936
23707;1996;1670;1642;1986;1939
23737;1999;1673;1641;1991;1937
23777;1989;1675;1642;1973;1933
23817;1961;1675;1635;1975;1924
23857;1906;1675;1611;1970;1925
23887;1836;1675;1583;1971;1923
23927;1790;1675;1551;1978;1926
23967;1703;1675;1516;1972;1925
24007;1617;1675;1488;1970;1929
24037;1563;1676;1470;1964;1932
24077;1528;1676;1461;1964;1930
24117;1507;1676;1456;1977;1926
24157;1477;1665;1453;1982;1933
24187;1463;1653;1452;1993;1935
24227;1457;1648;1452;1998;1938
24267;1454;1645;1452;1992;1937
24307;1432;1625;1452;1997;1939
24337;1424;1608;1452;2005;1937
24377;1413;1585;1452;2014;1926
24417;1396;1543;1452;2021;1927
24457;1374;1501;1452;2031;1934
24487;1345;1450;1455;2043;1939
24527;1323;1404;1465;2075;1943
24567;1311;1372;1474;2090;1954
24607;1306;1351;1484;2102;1959
24637;1303;1334;1491;2104;1960
24677;1302;1325;1499;2102;1955
24717;1301;1321;1507;2117;1933
24757;1300;1319;1514;2116;1941
24787;1300;1319;1519;2119;1932
24827;1300;1319;1527;2121;1936
24867;1318;1319;1549;2118;1935
24907;1345;1319;1571;2123;1928
24937;1362;1318;1590;2121;1933
24977;1388;1318;1604;2121;1931
25017;1416;1318;1623;2126;1929
25057;1457;1318;1642;2127;1928
25087;1495;1318;1661;2125;1927
25127;1552;1318;1678;2121;1928
25167;1601;1318;1687;2131;1918
25207;1627;1318;1692;2140;1921
25237;1639;1318;1695;2138;1924
25277;1644;1318;1696;2136;1940
25317;1642;1315;1696;2136;1933
25357;1596;1298;1696;2160;1937
25387;1544;1278;1696;2165;1939
25427;1503;1252;1696;2173;1933
25467;1453;1211;1696;2183;1937
25507;1411;1194;1696;2190;1939
25537;1388;1185;1696;2201;1942
25577;1377;1176;1696;2212;1960
25617;1371;1170;1696;2219;1959
25657;1368;1169;1695;2227;1953
25687;1367;1169;1696;2230;1945
25727;1366;1169;1696;2246;1953
25767;1365;1169;1696;2248;1954
25807;1364;1170;1696;2251;1959
25837;1364;1170;1697;2243;1961
25877;1365;1170;1696;2234;1958
25917;1364;1169;1696;2236;1955
25957;1364;1169;1696;2240;1958
25987;1364;1170;1696;2246;1959
26027;1364;1170;1696;2250;1962
26067;1364;1170;1696;2244;1964
26107;1364;1170;1696;2244;1958
26137;1364;1169;1696;2246;1956
26177;1364;1169;1696;2249;1960
26217;1364;1169;1696;2244;1959
26257;1364;1169;1696;2249;1959
26287;1364;1169;1696;2247;1963
26327;1364;1170;1696;2248;1962
26367;1364;1169;1696;2248;1960
26407;1365;1169;1696;2246;1957
26437;1365;1170;1696;2241;1953
26477;1365;1171;1696;2237;1948
26517;1365;1171;1696;2233;1950
26557;1365;1171;1696;2231;1950
26587;1365;1171;1696;2226;1950
26627;1366;1171;1696;2221;1949
26667;1366;1171;1696;2213;1952
26707;1365;1171;1696;2213;1950
26737;1365;1171;1696;2213;1953
26777;1365;1171;1696;2212;1953
26817;1365;1171;1696;2210;1953
26857;1365;1172;1696;2210;1953
26887;1365;1172;1696;2212;1953
26927;1365;1172;1696;2211;1953
26967;1365;1172;1696;2211;1953
27007;1365;1172;1696;2214;1953
27037;1365;1172;1696;2215;1953
27077;1365;1172;1696;2217;1954
27117;1365;1172;1696;2218;1955
27157;1365;1172;1696;2216;1956
27187;1365;1172;1696;2216;1955
27227;1365;1172;1696;2215;1956
27267;1365;1172;1696;2213;1957
27307;1365;1172;1696;2214;1955
27337;1365;1172;1696;2213;1956
27377;1365;1172;1696;2217;1954
27417;1365;1172;1696;2215;1954
27457;1365;1172;1695;2215;1955
27487;1364;1172;1695;2214;1955
27527;1364;1172;1695;2214;1955
27567;1364;1172;1696;2210;1957
27607;1365;1172;1696;2210;1957
27637;1365;1172;1696;2211;1956
27677;1365;1172;1696;2212;1958
27717;1365;1172;1696;2211;1957
27757;1365;1172;1696;2208;1958
27787;1365;1172;1696;2208;1956
27827;1365;1172;1696;2209;1959
27867;1365;1172;1696;2206;1960
27907;1365;1172;1696;2207;1957
27937;1365;1172;1696;2205;1959
27977;1365;1172;1696;2205;1955
27997;1365;1172;1696;2203;1957