
30005;1179;724;818;2406;1650
30125;1768;1086;1227;2403;1649
30155;2062;1267;1432;2404;1651
30195;2209;1358;1534;2405;1648
30235;2282;1403;1585;2406;1646
30275;2319;1426;1610;2405;1645
30305;2337;1437;1623;2407;1646
30345;2346;1443;1630;2408;1647
30385;2351;1445;1633;2407;1647
30425;2353;1447;1635;2411;1649
30455;2354;1448;1635;2411;1645
30495;2355;1448;1635;2411;1648
30535;2355;1448;1635;2416;1645
30575;2355;1448;1636;2412;1646
30605;2356;1448;1636;2413;1649
30645;2356;1448;1636;2414;1649
30685;2356;1448;1636;2415;1650
30725;2356;1448;1636;2418;1658
30755;2356;1448;1636;2424;1656
30795;2356;1449;1636;2423;1652
30835;2356;1448;1636;2421;1652
30875;2356;1448;1636;2423;1657
30905;2356;1448;1636;2415;1654
30945;2356;1448;1636;2417;1654
30985;2356;1448;1636;2418;1655
31025;2356;1448;1636;2412;1651
31025;2356;1448;1636;2412;1651
31055;2355;1448;1636;2414;1652
31095;2355;1448;1636;2417;1654
31135;2355;1448;1636;2412;1657
31175;2355;1448;1636;2411;1658
31215;2355;1448;1636;2412;1661
31255;2355;1449;1636;2414;1660
31295;2355;1449;1636;2414;1661
31335;2356;1449;1636;2417;1664
31365;2355;1449;1637;2417;1659
31405;2355;1449;1637;2416;1658
31445;2355;1448;1637;2409;1658
31485;2355;1448;1637;2408;1656
31515;2355;1448;1636;2410;1659
31555;2355;1448;1636;2414;1659
31595;2355;1448;1636;2413;1657
31635;2355;1448;1636;2412;1659
31665;2355;1448;1636;2413;1658
31705;2355;1448;1636;2414;1657
31745;2355;1448;1636;2410;1653
31785;2355;1448;1636;2411;1655
31815;2354;1448;1636;2411;1651
31855;2355;1448;1636;2413;1649
31895;2355;1448;1636;2409;1650
31935;2355;1448;1636;2412;1651
31965;2355;1448;1636;2411;1647
32005;2356;1448;1636;2411;1645
32045;2356;1448;1636;2414;1643
32085;2357;1447;1636;2420;1648
32115;2357;1446;1636;2424;1648
32155;2356;1446;1637;2425;1649
32195;2355;1446;1637;2424;1648
32235;2355;1446;1638;2421;1646
32265;2354;1446;1639;2425;1639
32305;2355;1446;1640;2422;1637
32345;2355;1446;1641;2403;1633
32385;2355;1446;1647;2392;1635
32405;2356;1440;1651;2393;1628
32445;2356;1433;1668;2417;1614
32485;2355;1417;1686;2391;1605
32525;2355;1409;1701;2360;1600
32565;2354;1405;1711;2373;1575
32605;2355;1405;1721;2323;1549
32645;2357;1405;1726;2159;1518
32685;2360;1404;1729;2177;1512
32715;2371;1403;1730;2186;1515
32755;2374;1403;1731;2209;1490
32795;2373;1403;1731;2228;1472
32835;2371;1403;1726;2263;1457
32865;2369;1403;1700;2274;1456
32905;2366;1403;1647;2261;1466
32945;2363;1403;1590;2280;1435
32985;2355;1400;1554;2339;1394
33015;2351;1382;1529;2400;1345
33055;2350;1376;1507;2498;1330
33095;2348;1350;1486;2525;1308
33135;2346;1273;1447;2624;1220
33165;2345;1214;1418;2563;1205
33205;2344;1190;1403;2471;1210
33275;2343;1180;1396;2570;1212
33315;2342;1176;1392;2441;1222
33355;2342;1175;1390;2071;1268
33395;2344;1203;1404;1881;1417
33435;2344;1218;1433;1917;1435
33465;2346;1226;1500;1857;1446
33505;2359;1237;1610;1797;1493
33545;2368;1251;1687;1830;1540
33585;2372;1258;1731;1795;1542
33615;2375;1269;1752;1734;1554
33655;2375;1290;1763;1729;1582
33695;2374;1308;1769;1745;1590
33735;2373;1332;1772;1734;1596
33765;2374;1347;1772;1707;1602
33805;2374;1380;1773;1672;1627
33845;2375;1401;1773;1681;1631
33885;2377;1418;1774;1672;1664
33915;2381;1434;1774;1679;1674
33955;2387;1466;1774;1606;1760
33995;2386;1490;1774;1622;1804
34035;2385;1502;1774;1638;1826
34065;2386;1516;1775;1584;1878
34105;2390;1538;1775;1512;1959
34145;2391;1553;1775;1496;1975
34185;2393;1563;1775;1460;2033
34215;2396;1576;1775;1474;2132
34255;2404;1587;1775;1490;2326
34295;2404;1593;1776;1502;2361
34335;2404;1596;1776;1500;2293
34365;2405;1598;1777;1510;2286
34405;2405;1599;1776;1538;2268
34445;2405;1600;1776;1542;2264
34485;2409;1600;1776;1530;2309
34515;2409;1600;1776;1529;2338
34555;2411;1600;1776;1516;2423
34595;2411;1600;1776;1528;2399
34635;2411;1600;1777;1523;2405
34665;2412;1601;1778;1527;2450
34705;2412;1601;1779;1504;2495
34745;2412;1601;1780;1511;2533
34785;2410;1601;1783;1513;2521
34815;2411;1601;1784;1496;2537
34855;2411;1601;1785;1512;2561
34895;2411;1601;1786;1505;2565
34935;2411;1601;1786;1509;2572
34965;2411;1601;1786;1516;2569
35005;2411;1601;1786;1522;2565
35045;2411;1602;1786;1526;2557
35085;2410;1602;1786;1536;2540
35115;2410;1602;1786;1542;2524
35155;2409;1602;1786;1552;2473
35195;2409;1602;1785;1572;2389
35235;2409;1602;1785;1600;2302
35265;2410;1602;1786;1613;2184
35295;2410;1602;1785;1629;2011
35305;2410;1602;1786;1633;1987
35345;2410;1602;1786;1664;1867
35385;2411;1602;1786;1806;1670
35415;2411;1602;1785;1830;1656
35455;2412;1602;1785;1853;1656
35495;2413;1602;1785;1929;1657
35535;2416;1596;1784;1972;1628
35575;2418;1596;1784;2012;1648
35605;2423;1596;1784;2091;1690
35645;2407;1597;1784;2157;1627
35685;2403;1598;1783;2200;1599
35715;2397;1598;1783;2206;1601
35755;2393;1598;1770;2246;1565
35795;2389;1598;1759;2255;1557
35835;2388;1598;1746;2282;1532
35865;2389;1598;1734;2278;1525
35905;2390;1598;1727;2343;1501
35945;2381;1598;1698;2436;1466
35985;2378;1598;1658;2421;1463
36025;2374;1598;1638;2425;1465
36055;2372;1598;1627;2431;1471
36095;2371;1598;1621;2410;1479
36135;2371;1598;1618;2404;1492
36165;2371;1598;1617;2358;1505
36205;2373;1598;1617;2299;1551
36245;2374;1598;1617;2259;1574
36285;2374;1599;1622;2244;1587
36315;2374;1599;1625;2305;1570
36355;2374;1599;1628;2341;1539
36395;2373;1598;1629;2420;1512
36435;2372;1598;1629;2426;1502
36465;2372;1599;1630;2452;1500
36505;2371;1599;1631;2454;1498
36545;2371;1599;1631;2453;1499
36585;2371;1599;1631;2465;1493
36615;2371;1599;1631;2465;1495
36655;2370;1599;1631;2468;1491
36695;2371;1599;1631;2488;1490
36735;2371;1598;1629;2455;1491
36765;2371;1599;1628;2431;1486
36795;2371;1598;1628;2439;1488
36835;2371;1598;1628;2426;1495
36875;2371;1598;1627;2420;1507
36915;2371;1598;1627;2397;1512
36955;2371;1598;1627;2389;1514
36995;2371;1599;1627;2375;1520
37035;2370;1599;1627;2350;1528
37075;2370;1599;1627;2314;1540
37105;2371;1599;1628;2308;1559
37145;2372;1599;1628;2289;1563
37185;2373;1599;1628;2302;1569
37215;2373;1598;1628;2312;1570
37255;2373;1598;1628;2314;1570
37295;2373;1598;1628;2325;1572
37335;2372;1598;1628;2318;1575
37365;2372;1598;1628;2316;1579
37405;2372;1598;1628;2315;1584
37445;2372;1598;1628;2323;1586
37485;2372;1598;1628;2321;1586
37515;2371;1598;1628;2319;1588
37555;2371;1598;1628;2324;1589
37595;2371;1598;1628;2327;1589
37635;2371;1598;1628;2332;1592
37675;2371;1598;1628;2334;1592
37705;2372;1598;1628;2337;1593
37745;2372;1598;1628;2339;1595
37785;2372;1598;1628;2343;1596
37825;2371;1598;1628;2351;1598
37855;2371;1598;1628;2356;1610
37895;2372;1598;1628;2364;1614
37935;2373;1598;1628;2363;1621
37965;2375;1598;1628;2367;1622
38005;2374;1599;1628;2373;1626
38045;2374;1599;1629;2378;1627
38085;2374;1599;1629;2389;1627
38115;2374;1599;1629;2396;1633
38145;2375;1599;1629;2420;1643
38185;2375;1599;1631;2448;1644
38225;2375;1598;1634;2457;1646
38265;2375;1598;1638;2446;1643
38295;2374;1598;1640;2453;1651
38335;2375;1598;1643;2449;1649
38375;2374;1598;1645;2441;1653
38415;2375;1598;1646;2444;1652
38455;2375;1598;1647;2441;1653
38495;2375;1598;1648;2440;1651
38535;2375;1598;1649;2445;1651
38565;2375;1598;1650;2447;1651
38605;2375;1598;1651;2451;1652
38645;2375;1599;1651;2450;1652
38675;2374;1599;1651;2452;1652
38685;2375;1599;1651;2452;1652
38715;2375;1599;1651;2453;1654
38755;2375;1599;1651;2457;1654
38795;2375;1599;1651;2460;1648
38835;2374;1599;1651;2457;1650
38875;2373;1599;1652;2461;1649
38905;2374;1599;1652;2464;1647
38945;2375;1599;1652;2464;1649
38985;2375;1599;1652;2466;1649
39015;2374;1599;1652;2467;1652
39055;2374;1598;1653;2465;1653
39095;2375;1598;1653;2468;1652
39135;2375;1598;1653;2468;1651
39165;2376;1598;1653;2467;1650
39205;2375;1599;1653;2466;1650
39245;2376;1599;1654;2465;1652
39285;2376;1599;1654;2465;1651
39315;2376;1599;1653;2469;1652
39355;2375;1599;1653;2469;1654
39395;2375;1599;1653;2468;1653
39435;2375;1598;1653;2470;1652
39465;2375;1598;1653;2469;1651
39505;2376;1598;1653;2470;1651
39545;2376;1598;1654;2470;1650
39585;2375;1598;1654;2473;1649
39615;2375;1598;1654;2474;1651
39655;2375;1598;1654;2473;1653
39695;2375;1598;1653;2472;1652
39735;2375;1598;1653;2472;1652
39765;2375;1599;1654;2471;1652
39805;2375;1598;1654;2469;1652
39845;2375;1598;1654;2467;1654
39885;2376;1599;1654;2470;1654
39915;2375;1599;1654;2474;1656
39955;2375;1599;1653;2476;1656
39995;2375;1598;1653;2477;1655
40035;2375;1598;1653;2479;1655
40075;2375;1598;1653;2481;1654
40105;2375;1598;1653;2478;1655
40145;2376;1598;1653;2476;1655
40185;2376;1598;1653;2479;1656
40215;2375;1598;1653;2478;1656
40255;2374;1598;1654;2477;1656
40295;2374;1598;1654;2478;1656
40335;2374;1599;1654;2476;1657
40375;2374;1599;1654;2479;1657
40405;2375;1599;1654;2482;1656
40445;2375;1599;1654;2478;1656
40485;2375;1599;1654;2478;1656
40515;2375;1599;1654;2481;1657
40555;2375;1599;1654;2483;1658
40595;2374;1599;1654;2485;1658
40635;2374;1599;1654;2486;1658
40665;2375;1599;1654;2486;1657
40705;2375;1599;1654;2488;1656
40745;2375;1599;1654;2486;1657
40785;2375;1599;1654;2487;1657
40815;2375;1599;1654;2490;1659
40855;2374;1599;1654;2492;1657
40895;2374;1599;1654;2489;1658
40935;2374;1599;1654;2492;1660
40965;2374;1599;1654;2490;1659
41005;2375;1599;1654;2487;1659
41045;2375;1599;1654;2485;1659
41085;2375;1599;1654;2488;1658
41125;2375;1599;1654;2485;1658
41205;2376;1599;1655;2490;1655
41245;2376;1599;1655;2489;1665
41365;2376;1598;1656;2491;1665
41405;2376;1598;1656;2491;1666
41445;2375;1599;1656;2491;1665
41485;2375;1599;1656;2492;1666
41525;2375;1599;1656;2493;1666
41555;2375;1599;1655;2493;1668
41595;2374;1598;1655;2492;1670
41635;2374;1598;1655;2495;1670
41675;2374;1598;1655;2496;1668
41705;2375;1598;1655;2495;1664
41745;2375;1598;1656;2493;1666
41785;2375;1598;1656;2493;1666
41825;2375;1599;1656;2492;1666
41855;2375;1599;1656;2494;1668
41895;2375;1598;1656;2494;1665
41935;2374;1598;1656;2492;1659
41975;2374;1598;1656;2494;1657
42005;2375;1598;1656;2493;1655
42045;2374;1599;1656;2493;1656
42085;2375;1598;1656;2493;1657
42125;2375;1598;1656;2495;1656
42155;2374;1598;1656;2497;1658
42195;2374;1598;1656;2496;1655
42235;2374;1598;1656;2495;1657
42275;2374;1598;1656;2494;1658
42305;2374;1599;1656;2496;1658
42345;2374;1599;1656;2496;1658
42385;2375;1599;1656;2497;1660
42425;2375;1599;1656;2499;1657
42455;2375;1599;1656;2497;1658
42495;2375;1599;1656;2496;1661
42535;2375;1599;1657;2498;1659
42575;2375;1599;1656;2499;1663
42605;2375;1599;1656;2497;1664
42645;2375;1599;1656;2498;1663
42685;2375;1599;1656;2498;1664
42725;2375;1599;1656;2500;1664
42755;2375;1599;1656;2501;1665
42795;2375;1599;1656;2504;1668
42835;2375;1598;1656;2504;1668
42875;2374;1598;1656;2506;1667
42905;2374;1599;1656;2503;1668
42945;2374;1599;1656;2504;1667
42985;2374;1599;1656;2504;1666
43025;2374;1599;1656;2506;1669
43055;2374;1599;1656;2508;1669
43075;2374;1599;1656;2506;1669
43095;2374;1599;1656;2507;1670
43135;2374;1599;1656;2507;1671
43175;2374;1599;1656;2509;1669
43205;2375;1599;1656;2506;1670
43245;2375;1599;1656;2506;1670
43285;2375;1599;1656;2505;1668
43325;2375;1599;1656;2506;1667
43355;2374;1599;1656;2507;1671
43395;2374;1599;1656;2507;1671
43435;2374;1599;1656;2507;1671
43475;2374;1599;1656;2508;1670
43505;2374;1599;1656;2509;1671
43545;2374;1599;1656;2509;1670
43585;2374;1599;1656;2509;1668
43625;2374;1599;1656;2509;1669
43655;2374;1599;1656;2511;1671
43695;2374;1599;1656;2509;1672
43735;2373;1599;1656;2511;1672
43775;2374;1599;1656;2512;1672
43805;2375;1599;1656;2513;1673
43845;2375;1599;1656;2512;1668
43885;2375;1599;1656;2512;1666
43925;2375;1599;1656;2513;1669
43955;2375;1598;1656;2512;1668
43995;2375;1598;1656;2514;1669
44035;2375;1598;1656;2511;1669
44075;2375;1598;1656;2511;1667
44105;2375;1598;1656;2511;1664
44145;2375;1599;1656;2511;1660
44185;2375;1599;1656;2514;1660
44225;2374;1599;1657;2513;1660
44255;2374;1599;1656;2515;1662
44295;2374;1599;1656;2515;1660
44335;2374;1599;1656;2514;1662
44375;2374;1599;1656;2516;1663
44405;2375;1599;1656;2517;1662
44445;2375;1599;1656;2515;1661
44485;2375;1599;1656;2519;1661
44525;2375;1599;1656;2517;1660
44555;2375;1599;1656;2520;1662
44595;2375;1599;1656;2520;1662
44635;2375;1599;1656;2517;1662
44675;2374;1599;1656;2521;1661
44705;2374;1599;1656;2519;1660
44745;2374;1599;1656;2520;1661
44785;2374;1599;1656;2517;1661
44825;2375;1599;1656;2516;1662
44855;2375;1599;1656;2517;1664
44895;2374;1599;1656;2480;1674
44935;2374;1599;1671;2477;1695
44975;2376;1599;1695;2432;1728
45005;2378;1599;1717;2376;1750
45045;2386;1599;1733;2295;1786
45085;2388;1599;1755;2251;1819
45125;2389;1599;1768;2186;1861
45155;2395;1599;1780;2152;1878
45195;2398;1599;1791;2151;1895
45235;2400;1598;1799;2141;1905
45275;2400;1598;1804;2141;1909
45305;2402;1598;1807;2149;1909
45345;2402;1598;1808;2149;1908
45385;2401;1598;1809;2153;1911
45425;2401;1598;1810;2138;1915
45455;2400;1598;1809;2126;1921
45495;2402;1598;1809;2119;1930
45535;2406;1598;1809;2025;1967
45575;2408;1598;1809;2016;1995
45605;2408;1598;1809;2019;1995
45645;2408;1598;1809;2025;1981
45685;2407;1598;1809;2030;1976
45725;2407;1598;1810;2018;1982
45755;2408;1598;1809;2021;1991
45795;2409;1598;1809;2004;2007
45835;2410;1598;1809;1979;2035
45875;2409;1598;1809;1984;2056
45905;2410;1598;1810;1965;2064
45945;2411;1598;1810;1965;2088
45985;2410;1599;1810;1970;2080
46025;2410;1598;1811;1967;2084
46055;2410;1597;1810;1965;2093
46095;2410;1596;1810;1948;2097
46135;2410;1595;1810;1918;2129
46175;2409;1595;1810;1919;2154
46205;2409;1595;1810;1908;2162
46245;2410;1596;1810;1878;2192
46285;2409;1598;1810;1898;2187
46325;2408;1599;1810;1907;2174
46355;2407;1599;1810;1900;2179
46395;2407;1599;1810;1895;2183
46435;2407;1600;1810;1899;2184
46475;2407;1600;1809;1903;2181
46505;2407;1600;1810;1900;2184
46545;2407;1600;1810;1903;2184
46585;2406;1600;1811;1919;2171
46625;2407;1600;1811;1928;2161
46655;2407;1600;1811;1937;2152
46695;2406;1600;1811;1940;2141
46735;2406;1600;1810;1943;2134
46775;2406;1599;1810;1946;2125
46805;2407;1599;1810;1948;2110
46845;2410;1599;1810;1966;2076
46885;2412;1599;1810;1987;2001
46925;2413;1599;1810;2026;1935
46955;2415;1599;1809;2057;1887
46995;2420;1599;1809;2095;1875
47035;2423;1599;1809;2102;1872
47075;2424;1599;1809;2100;1870
47105;2424;1599;1810;2106;1870
47145;2424;1599;1810;2111;1857
47185;2424;1599;1810;2121;1852
47225;2423;1600;1810;2135;1844
47255;2422;1600;1810;2149;1836
47295;2422;1600;1810;2150;1830
47335;2422;1600;1810;2163;1829
47375;2422;1600;1810;2186;1807
47405;2422;1600;1810;2197;1801
47445;2423;1600;1810;2216;1786
47485;2423;1600;1810;2228;1772
47525;2420;1600;1809;2262;1765
47555;2416;1599;1809;2279;1752
47595;2413;1599;1809;2287;1752
47635;2412;1599;1809;2294;1750
47675;2411;1599;1810;2298;1751
47705;2410;1599;1810;2293;1749
47745;2410;1599;1810;2293;1754
47785;2409;1599;1810;2292;1757
47825;2409;1599;1811;2276;1763
47855;2409;1599;1811;2243;1766
47895;2410;1599;1811;2259;1770
47935;2411;1599;1811;2268;1765
47975;2410;1599;1811;2266;1767
48005;2411;1599;1811;2268;1768
48045;2410;1599;1811;2260;1767
48085;2411;1599;1811;2244;1771
48125;2413;1600;1811;2242;1781
48155;2413;1599;1810;2242;1781
48195;2413;1599;1810;2242;1785
48235;2418;1599;1810;2187;1803
48275;2416;1599;1810;2140;1837
48305;2413;1599;1810;2142;1835
48345;2412;1600;1810;2121;1854
48385;2412;1600;1810;2095;1867
48425;2412;1600;1809;2078;1877
48455;2412;1600;1809;2081;1880
48495;2411;1600;1809;2081;1885
48535;2411;1600;1809;2085;1884
48575;2410;1600;1810;2098;1874
48605;2411;1600;1809;2106;1871
48645;2411;1600;1810;2112;1869
48685;2410;1600;1810;2118;1862
48725;2410;1600;1810;2110;1865
48755;2410;1600;1810;2112;1867
48795;2410;1600;1809;2119;1862
48835;2410;1600;1809;2127;1860
48875;2410;1600;1809;2132;1861
48905;2410;1600;1810;2132;1860
48945;2410;1601;1810;2129;1864
48985;2410;1601;1810;2130;1864
49025;2410;1601;1810;2130;1864
49055;2410;1601;1809;2134;1862
49095;2410;1600;1809;2144;1855
49135;2410;1600;1809;2145;1855
49175;2409;1601;1809;2147;1855
49205;2409;1601;1810;2148;1855
49245;2410;1600;1810;2152;1849
49285;2410;1600;1810;2154;1849
49325;2411;1600;1810;2157;1848
49355;2411;1600;1810;2163;1848
49395;2410;1600;1810;2186;1844
49435;2410;1600;1810;2200;1823
49475;2411;1600;1810;2218;1821
49505;2412;1600;1810;2232;1811
49545;2414;1600;1810;2252;1801
49585;2416;1600;1810;2270;1795
49625;2420;1600;1810;2271;1792
49655;2423;1600;1810;2279;1792
49695;2423;1600;1810;2297;1785
49735;2417;1601;1810;2298;1782
49775;2414;1601;1810;2315;1780
49805;2411;1601;1810;2321;1776
49845;2410;1600;1811;2321;1778
49885;2409;1600;1811;2322;1780
49925;2408;1600;1811;2319;1781
49955;2408;1600;1811;2309;1783
49995;2407;1600;1811;2311;1784
50035;2407;1600;1811;2308;1784
50075;2407;1600;1811;2306;1785
50105;2407;1601;1811;2304;1786
50145;2406;1601;1811;2295;1786
50185;2406;1601;1811;2285;1787
50225;2406;1601;1811;2276;1786
50255;2406;1601;1811;2267;1791
50295;2406;1601;1811;2268;1796
50335;2406;1601;1811;2254;1799
50375;2407;1601;1811;2248;1806
50405;2407;1601;1811;2229;1809
50445;2408;1600;1811;2225;1811
50485;2409;1600;1811;2220;1813
50525;2409;1600;1811;2224;1813
50555;2409;1600;1811;2223;1814
50595;2410;1600;1811;2212;1819
50635;2410;1600;1811;2214;1817
50675;2410;1600;1811;2217;1817
50705;2410;1600;1811;2216;1816
50745;2410;1600;1811;2222;1816
50785;2409;1600;1811;2214;1819
50825;2409;1600;1811;2207;1818
50855;2410;1600;1811;2212;1820
50895;2410;1600;1811;2212;1819
50935;2409;1600;1811;2213;1819
50975;2409;1600;1811;2216;1817
51005;2409;1600;1811;2217;1817
51045;2409;1600;1811;2217;1816
51085;2409;1600;1811;2215;1817
51125;2408;1600;1811;2216;1818
51155;2408;1600;1811;2220;1816
51195;2408;1600;1811;2222;1817
51235;2408;1600;1810;2222;1819
51275;2407;1600;1810;2227;1816
51305;2407;1600;1811;2234;1811
51345;2407;1601;1811;2231;1811
51385;2408;1601;1811;2231;1806
51425;2408;1601;1811;2228;1803
51455;2408;1601;1811;2219;1799
51495;2408;1601;1811;2159;1784
51535;2408;1601;1811;2160;1780
51575;2407;1601;1811;2166;1774
51605;2408;1601;1811;2170;1766
51625;2408;1601;1811;2172;1761
51675;2408;1600;1811;2163;1748
51715;2407;1600;1811;2167;1741
51755;2407;1600;1811;2168;1739
51795;2407;1600;1811;2169;1736
51835;2406;1600;1811;2150;1735
51875;2406;1600;1811;2149;1740
51905;2406;1600;1811;2155;1739
51945;2406;1600;1811;2152;1746
51985;2406;1600;1811;2155;1743
52025;2406;1600;1811;2135;1736
52055;2406;1600;1811;2155;1726
52095;2406;1600;1811;2154;1726
52135;2406;1600;1811;2153;1722
52175;2408;1600;1811;2137;1716
52205;2408;1600;1811;2135;1709
52245;2408;1600;1811;2131;1709
52285;2408;1600;1811;2142;1714
52325;2408;1601;1810;2151;1729
52355;2407;1601;1810;2157;1723
52395;2407;1601;1810;2160;1721
52435;2407;1601;1810;2164;1721
52475;2407;1601;1810;2171;1711
52505;2408;1601;1810;2168;1708
52545;2408;1601;1810;2171;1711
52585;2408;1601;1811;2170;1713
52625;2408;1601;1811;2175;1713
52655;2408;1601;1811;2167;1715
52695;2408;1600;1811;2178;1716
52735;2408;1600;1811;2162;1712
52775;2408;1600;1811;2154;1713
52805;2408;1600;1811;2154;1709
52845;2408;1600;1811;2168;1711
52885;2408;1600;1811;2158;1716
52925;2408;1600;1811;2179;1718
52955;2408;1600;1811;2187;1724
52995;2408;1600;1811;2179;1722
53035;2408;1600;1811;2186;1726
53075;2408;1600;1811;2187;1730
53105;2408;1600;1811;2199;1731
53145;2408;1600;1810;2182;1728
53185;2408;1600;1810;2198;1734
53225;2408;1600;1811;2193;1733
53255;2408;1600;1811;2204;1735
53295;2408;1600;1810;2197;1733
53335;2408;1600;1810;2214;1731
53375;2408;1600;1810;2197;1730
53405;2409;1600;1810;2205;1727
53445;2410;1600;1810;2190;1723
53485;2410;1600;1811;2193;1719
53525;2410;1600;1811;2201;1708
53555;2409;1600;1811;2195;1703
53595;2410;1600;1811;2188;1708
53635;2408;1600;1811;2200;1707
53665;2408;1600;1811;2196;1710
53705;2407;1600;1811;2215;1712
53745;2407;1600;1811;2211;1708
53785;2407;1600;1811;2225;1719
53825;2407;1600;1811;2233;1712
53855;2407;1600;1810;2246;1714
53895;2407;1601;1810;2262;1722
53935;2406;1600;1810;2273;1726
53975;2406;1600;1810;2287;1720
54005;2404;1600;1811;2306;1747
54045;2404;1600;1810;2285;1738
54085;2404;1600;1810;2308;1732
54125;2403;1600;1811;2295;1726
54155;2403;1600;1810;2306;1732
54195;2403;1600;1810;2312;1745
54235;2402;1600;1810;2357;1755
54275;2402;1600;1810;2378;1773
54305;2402;1600;1811;2386;1774
54345;2402;1600;1811;2380;1774
54385;2402;1600;1811;2378;1773
54425;2401;1600;1811;2374;1767
54455;2401;1600;1811;2393;1772
54495;2401;1600;1811;2388;1766
54535;2400;1600;1810;2389;1767
54575;2400;1600;1810;2391;1765
54605;2400;1600;1810;2389;1769
54645;2400;1600;1810;2414;1768
54685;2401;1600;1811;2419;1766
54725;2402;1600;1811;2417;1766
54755;2402;1600;1811;2408;1764
54795;2402;1600;1811;2407;1762
54835;2402;1600;1811;2384;1764
54875;2402;1600;1811;2374;1756
54905;2402;1600;1811;2366;1757
54945;2402;1600;1811;2312;1749
54985;2402;1600;1811;2305;1746
55025;2401;1600;1811;2291;1732
55055;2401;1600;1811;2253;1721
55095;2400;1600;1811;2218;1695
55135;2401;1600;1811;2181;1674
55175;2402;1600;1811;2133;1678
55205;2403;1600;1811;2115;1680
55245;2403;1600;1811;2137;1687
55265;2402;1600;1811;2158;1701
57945;2402;1600;1812;2318;1738
58055;2402;1600;1812;2320;1737
58095;2402;1599;1812;2321;1739
58135;2402;1599;1812;2324;1739
58175;2401;1600;1812;2327;1738
58205;2401;1600;1811;2328;1738
58245;2401;1600;1811;2325;1737
58285;2402;1600;1811;2330;1736
58325;2401;1600;1811;2330;1738
58355;2401;1600;1811;2336;1739
58395;2401;1600;1811;2334;1737
58435;2401;1600;1811;2337;1737
58475;2401;1600;1811;2343;1739
58505;2401;1601;1811;2351;1738
58545;2401;1601;1811;2357;1739
58585;2401;1601;1811;2358;1739
58625;2401;1601;1811;2364;1739
58655;2401;1601;1811;2369;1739
58695;2401;1601;1811;2375;1738
58735;2400;1601;1811;2376;1739
58775;2400;1600;1811;2374;1738
58815;2400;1600;1811;2379;1739
58845;2400;1600;1811;2382;1740
58885;2401;1600;1811;2384;1743
58925;2400;1600;1811;2384;1741
58965;2400;1600;1811;2385;1743
58995;2400;1600;1811;2384;1745
59035;2400;1600;1811;2377;1744
59075;2400;1600;1811;2365;1744
59115;2400;1600;1811;2363;1744
59145;2400;1600;1811;2364;1745
59185;2401;1600;1811;2357;1747
59225;2401;1600;1812;2347;1749
59265;2400;1600;1812;2340;1751
59295;2400;1600;1812;2336;1750
59335;2400;1600;1812;2337;1749
59375;2400;1600;1812;2338;1752
59415;2401;1600;1812;2337;1750
59445;2400;1600;1812;2338;1751
59485;2400;1600;1811;2334;1753
59525;2400;1600;1811;2334;1753
59565;2400;1600;1811;2334;1752
59595;2399;1600;1811;2333;1754
59635;2400;1599;1811;2331;1755
59675;2400;1600;1812;2333;1753
59715;2400;1600;1812;2334;1752
59745;2400;1600;1811;2335;1752
59785;2400;1600;1811;2337;1753
59825;2400;1600;1812;2336;1752
59865;2400;1600;1812;2336;1753
59895;2400;1600;1812;2337;1751
59935;2400;1600;1811;2338;1753
59975;2400;1600;1812;2337;1752
60015;2400;1600;1812;2339;1752
60045;2400;1600;1812;2334;1753
60085;2400;1600;1812;2338;1752
60115;2400;1600;1812;2337;1753
60125;2400;1600;1812;2334;1753
60155;2400;1600;1812;2333;1754
60195;2400;1600;1811;2334;1754
60215;2400;1599;1811;2335;1752
62815;2400;1599;1811;2346;1763
62935;2400;1600;1811;2345;1763
62975;2400;1600;1811;2347;1762
63015;2400;1600;1811;2347;1761
63045;2399;1600;1811;2347;1760
63085;2399;1600;1811;2348;1760
63125;2399;1600;1811;2351;1762
63165;2399;1600;1811;2350;1761
63195;2400;1599;1811;2350;1760
63235;2400;1599;1811;2348;1761
63275;2399;1599;1812;2347;1765
63315;2399;1599;1812;2345;1762
63345;2399;1599;1812;2337;1775
63385;2400;1600;1812;2323;1786
63425;2399;1599;1811;2322;1794
63465;2399;1599;1812;2313;1801
63495;2399;1599;1812;2310;1806
63535;2398;1599;1812;2310;1807
63575;2396;1599;1812;2313;1807
63605;2395;1598;1812;2314;1806
63645;2394;1597;1811;2314;1807
63685;2394;1597;1811;2316;1807
63725;2394;1597;1811;2319;1806
63765;2394;1597;1811;2320;1806
63795;2394;1597;1811;2318;1806
63835;2394;1597;1811;2321;1806
63875;2394;1597;1811;2323;1805
63915;2393;1597;1811;2322;1806
63945;2392;1597;1811;2323;1806
63985;2392;1597;1811;2322;1806
64025;2392;1597;1811;2328;1804
64065;2392;1597;1811;2329;1807
64095;2392;1597;1811;2328;1805
64135;2392;1597;1811;2327;1806
64175;2392;1597;1811;2327;1805
64205;2392;1597;1811;2329;1805
64245;2392;1597;1811;2331;1807
64285;2392;1597;1811;2330;1805
64325;2392;1597;1811;2332;1807
64355;2392;1597;1811;2332;1806
64395;2392;1597;1811;2334;1805
64435;2392;1597;1811;2333;1805
64475;2391;1597;1811;2333;1807
64515;2392;1597;1811;2333;1806
64545;2392;1597;1811;2333;1806
64585;2392;1596;1811;2333;1805
64625;2392;1596;1811;2334;1806
64655;2391;1597;1811;2335;1805
64695;2391;1597;1811;2336;1806
64735;2392;1597;1810;2336;1804
64775;2392;1597;1811;2334;1804
64815;2392;1597;1811;2334;1806
64845;2393;1597;1811;2337;1808
64885;2393;1597;1811;2336;1807
64925;2392;1597;1811;2336;1807
64955;2392;1597;1811;2336;1806
64995;2392;1597;1811;2336;1806
65035;2392;1597;1811;2337;1806
65075;2392;1597;1811;2339;1807
65105;2392;1597;1811;2338;1806
65145;2392;1597;1811;2341;1806
65185;2392;1597;1811;2341;1807
65225;2391;1597;1811;2341;1806
65265;2391;1597;1811;2340;1806
65295;2391;1597;1811;2341;1805
65335;2392;1597;1811;2340;1806
65375;2392;1596;1811;2342;1805
65405;2391;1596;1811;2342;1803
65445;2392;1596;1811;2339;1804
65485;2392;1596;1811;2341;1805
65525;2392;1596;1811;2340;1804
19;2392;1596;1811;2338;1803
59;2391;1596;1811;2335;1804
99;2392;1596;1811;2335;1803
139;2392;1596;1811;2335;1806
179;2391;1596;1811;2335;1806
209;2391;1596;1811;2335;1804
249;2391;1596;1811;2336;1805
289;2392;1595;1811;2340;1805
319;2392;1595;1811;2336;1805
359;2392;1596;1811;2338;1804
399;2392;1596;1811;2337;1805
439;2392;1596;1811;2338;1807
469;2392;1596;1811;2339;1807
509;2392;1596;1811;2337;1808
549;2392;1596;1811;2331;1807
589;2393;1596;1811;2330;1808
619;2393;1596;1811;2333;1802
659;2392;1596;1812;2329;1802
699;2392;1596;1812;2329;1802
739;2393;1596;1811;2343;1783
769;2393;1597;1811;2356;1773
809;2395;1596;1811;2370;1749
849;2401;1596;1811;2387;1730
889;2404;1596;1811;2396;1716
919;2407;1596;1811;2406;1713
959;2408;1596;1811;2406;1715
999;2408;1596;1811;2406;1718
1039;2408;1596;1811;2407;1719
1069;2408;1596;1811;2409;1719
1109;2408;1596;1811;2411;1722
1149;2407;1596;1811;2411;1722
1189;2407;1596;1811;2410;1724
1219;2407;1596;1811;2412;1722
1259;2407;1596;1811;2413;1723
1299;2407;1596;1811;2413;1721
1339;2407;1596;1811;2415;1721
1369;2407;1596;1811;2415;1723
1409;2407;1596;1811;2418;1721
1449;2407;1595;1811;2415;1723
1489;2407;1595;1811;2415;1722
1519;2407;1596;1811;2415;1721
1559;2407;1596;1811;2416;1722
1599;2407;1596;1811;2418;1723
1639;2407;1596;1811;2419;1723
1669;2406;1596;1811;2415;1726
1709;2406;1596;1811;2417;1725
1749;2406;1596;1811;2419;1726
1789;2406;1596;1811;2414;1728
1819;2406;1596;1811;2414;1729
1859;2406;1596;1811;2416;1726
1899;2406;1596;1811;2411;1730
1939;2407;1596;1811;2404;1735
1969;2406;1596;1811;2407;1737
2009;2406;1596;1811;2402;1747
2049;2407;1596;1811;2374;1766
2089;2403;1596;1811;2362;1794
2119;2401;1596;1812;2342;1809
2159;2395;1595;1811;2312;1829
2199;2389;1595;1811;2296;1849
2239;2384;1595;1811;2291;1858
2269;2382;1595;1811;2287;1864
2309;2385;1595;1811;2282;1868
2349;2385;1595;1811;2284;1868
2389;2378;1595;1811;2286;1869
2419;2374;1595;1811;2287;1865
2459;2373;1595;1811;2290;1860
2499;2371;1595;1811;2292;1859
2539;2369;1595;1811;2304;1851
2569;2367;1595;1811;2323;1837
2609;2365;1595;1811;2348;1806
2649;2358;1590;1810;2355;1787
2689;2355;1585;1810;2334;1806
2719;2354;1580;1811;2344;1809
2759;2351;1576;1811;2342;1807
2799;2345;1572;1811;2333;1813
2839;2336;1570;1812;2318;1815
2869;2328;1568;1812;2310;1818
2909;2321;1568;1812;2306;1818
2949;2321;1567;1812;2301;1823
2989;2318;1567;1812;2293;1819
3019;2314;1567;1812;2293;1824
3059;2309;1567;1812;2285;1833
3099;2305;1567;1811;2282;1835
3139;2298;1567;1811;2279;1838
3169;2293;1567;1810;2281;1835
3209;2289;1567;1809;2275;1834
3249;2289;1566;1807;2275;1840
3289;2283;1566;1805;2269;1846
3319;2278;1566;1804;2269;1845
3359;2270;1566;1799;2268;1855
3399;2262;1566;1795;2268;1856
3439;2252;1566;1792;2265;1859
3469;2244;1566;1788;2265;1856
3509;2235;1565;1786;2260;1859
3549;2231;1565;1783;2261;1855
3589;2223;1564;1781;2260;1856
3619;2247;1542;1779;2251;1845
3659;2233;1530;1777;2250;1852
3699;2214;1528;1777;2248;1852
3739;2204;1527;1777;2237;1857
3769;2193;1527;1775;2240;1857
3809;2186;1528;1773;2226;1866
3849;2178;1528;1770;2221;1868
3889;2167;1530;1767;2222;1871
3919;2156;1531;1766;2220;1871
3959;2159;1532;1763;2220;1869
3999;2145;1533;1760;2210;1873
4039;2072;1534;1757;2210;1876
4069;2036;1534;1754;2205;1878
4109;2017;1533;1752;2209;1880
4149;1999;1533;1750;2192;1879
4189;1990;1534;1748;2206;1880
4219;1979;1534;1746;2202;1883
4259;1969;1534;1745;2204;1886
4299;1959;1531;1743;2208;1879
4329;1950;1524;1742;2206;1883
4339;1937;1521;1741;2206;1883
4369;1932;1517;1740;2195;1888
4409;1927;1516;1738;2193;1892
4449;1921;1515;1734;2184;1895
4489;1915;1514;1728;2191;1893
4519;1909;1514;1725;2183;1895
4539;1903;1514;1723;2187;1897
9249;1864;1497;1714;2562;2013
9359;1845;1490;1710;2558;2011
9399;1836;1487;1708;2563;2012
9429;1831;1485;1706;2559;2014
9439;1829;1484;1706;2560;2013
9469;1826;1483;1705;2555;2021
9499;1825;1484;1705;2552;2024
9509;1823;1483;1705;2555;2027
9549;1814;1483;1704;2550;2037
9589;1814;1483;1704;2551;2068
9619;1816;1483;1704;2547;2082
9659;1801;1485;1703;2545;2098
9699;1798;1482;1703;2526;2082
9739;1789;1477;1702;2514;2104
9769;1774;1475;1701;2516;2110
9809;1770;1470;1699;2511;2127
9849;1770;1460;1698;2502;2147
9889;1761;1457;1696;2502;2163
9919;1754;1455;1694;2609;2259
9959;1749;1450;1692;2619;2268
9999;1732;1439;1691;2613;2271
10039;1712;1433;1689;2589;2274
10069;1672;1429;1688;2590;2282
10109;1651;1428;1684;2588;2278
10149;1631;1424;1683;2601;2282
10189;1584;1420;1681;2598;2294
10219;1548;1415;1679;2596;2303
10259;1538;1408;1675;2583;2308
10299;1516;1402;1672;2593;2308
10339;1508;1394;1668;2591;2317
10369;1500;1386;1663;2593;2348
10409;1490;1379;1659;2701;2437
10449;1484;1375;1656;2720;2519
10479;1478;1373;1655;2697;2563
10489;1473;1370;1654;2697;2572
10519;1466;1367;1654;2730;2595
10539;1463;1364;1653;2743;2622
12429;1424;1329;1639;3303;2657
12509;1405;1311;1632;3304;2647
12549;1396;1303;1628;3305;2649
12579;1391;1298;1627;3305;2649
12589;1388;1296;1626;3305;2650
12619;1387;1295;1625;3307;2650
12639;1386;1295;1625;3306;2647
12659;1386;1295;1625;3305;2649
12699;1386;1294;1625;3298;2649
12729;1385;1294;1625;3302;2650
12739;1385;1294;1625;3301;2650
12769;1385;1294;1625;3297;2656
12809;1385;1294;1625;3295;2659
12849;1385;1294;1625;3288;2662
12889;1385;1294;1625;3286;2656
12919;1385;1294;1625;3276;2650
12959;1386;1294;1625;3279;2650
12999;1386;1295;1625;3281;2648
13039;1387;1295;1625;3282;2648
13069;1386;1295;1625;3276;2645
13109;1386;1295;1625;3276;2642
13149;1386;1295;1625;3280;2634
13189;1386;1294;1625;3282;2635
13219;1386;1295;1625;3279;2635
13259;1386;1295;1625;3283;2633
13299;1386;1295;1625;3286;2635
13339;1386;1295;1625;3285;2638
13369;1386;1295;1625;3283;2635
13409;1386;1295;1625;3282;2632
13449;1386;1295;1625;3276;2638
13489;1386;1295;1625;3279;2635
13519;1386;1295;1626;3276;2633
13559;1386;1295;1626;3275;2632
13599;1387;1295;1625;3275;2635
13639;1387;1295;1625;3282;2630
13669;1386;1295;1625;3280;2633
13709;1386;1295;1625;3287;2636
13749;1386;1295;1625;3290;2637
13789;1386;1295;1625;3290;2635
13819;1387;1295;1625;3285;2635
13859;1387;1295;1625;3285;2634
13899;1387;1295;1625;3285;2632
13939;1387;1295;1625;3283;2638
13969;1386;1295;1625;3284;2640
14009;1386;1295;1625;3289;2637
14049;1386;1295;1625;3286;2639
14089;1387;1295;1625;3295;2643
14119;1387;1295;1625;3275;2652
14159;1387;1295;1625;3279;2659
14199;1387;1294;1625;3277;2684
14239;1387;1294;1625;3261;2730
14269;1387;1294;1625;3254;2756
14309;1387;1293;1625;3219;2813
14349;1387;1276;1625;3209;2839
14389;1387;1269;1625;3209;2846
14419;1387;1263;1625;3178;2920
14459;1388;1254;1625;3179;2979
14499;1388;1250;1625;3180;2997
14539;1388;1248;1625;3177;3032
14569;1387;1238;1625;3172;3123
14609;1387;1232;1625;3191;3177
14649;1387;1229;1625;3195;3187
14689;1387;1227;1625;3193;3196
14719;1387;1226;1625;3184;3219
14759;1388;1226;1625;3188;3220
14799;1388;1226;1625;3183;3238
14839;1388;1225;1625;3178;3293
14869;1389;1225;1625;3184;3296
14909;1388;1221;1625;3181;3316
14949;1388;1181;1625;3192;3319
14989;1388;1187;1625;3198;3326
15019;1388;1189;1626;3181;3411
15059;1388;1191;1626;3197;3444
15099;1389;1191;1626;3203;3407
15139;1389;1191;1626;3212;3428
15169;1389;1191;1626;3219;3430
15209;1389;1192;1626;3224;3440
15249;1389;1193;1626;3216;3440
15289;1387;1193;1625;3371;3761
15319;1388;1192;1625;3399;3826
15359;1388;1194;1626;3402;3812
15399;1388;1194;1626;3400;3846
15439;1388;1195;1626;3413;3879
15469;1389;1195;1626;3425;3863
15509;1390;1195;1626;3415;3827
15549;1390;1195;1626;3425;3830
15589;1390;1195;1626;3452;3774
15619;1390;1195;1626;3456;3771
15659;1390;1195;1626;3420;3760
15699;1390;1196;1626;3428;3763
15739;1390;1196;1626;3402;3798
15769;1391;1196;1625;3393;3828
15809;1391;1196;1625;3375;3866
15849;1391;1196;1625;3474;4017
15889;1391;1196;1625;3485;3997
15919;1391;1197;1626;3504;3996
15959;1391;1197;1626;3523;3991
15999;1391;1197;1626;3530;4001
16039;1392;1197;1625;3532;4003
16069;1392;1197;1625;3538;3993
16109;1392;1197;1626;3543;3999
16149;1392;1197;1626;3541;4001
16189;1392;1196;1626;3541;4049
16219;1392;1194;1626;3552;4075
16259;1392;1192;1626;3559;4060
16299;1391;1193;1626;3555;4069
16339;1392;1193;1626;3547;4027
16369;1391;1194;1626;3552;4021
16409;1391;1194;1626;3558;4020
16449;1391;1194;1626;3570;3980
16489;1391;1194;1626;3566;3861
16519;1391;1194;1626;3576;3763
16559;1391;1195;1626;3576;3686
16599;1390;1195;1626;3561;3628
16639;1389;1195;1626;3527;3452
16669;1389;1195;1626;3533;3415
16709;1388;1194;1626;3544;3379
16749;1388;1194;1626;3547;3212
16789;1389;1194;1626;3542;3053
16819;1389;1194;1626;3538;2999
16859;1389;1194;1626;3531;2954
16899;1389;1194;1626;3275;2622
16939;1387;1194;1626;3107;2492
16969;1382;1192;1625;3106;2478
17009;1377;1186;1625;3124;2426
17049;1375;1184;1625;3130;2377
17089;1375;1184;1625;2941;2235
17119;1375;1184;1626;2958;2250
17159;1375;1185;1626;2992;2264
17199;1375;1186;1626;3042;2263
17239;1375;1186;1626;3080;2268
17269;1375;1184;1625;3108;2266
17309;1375;1184;1625;3094;2275
17349;1375;1183;1625;3083;2281
17389;1375;1183;1625;3095;2282
17419;1375;1184;1626;3106;2289
17459;1375;1184;1626;3104;2313
17499;1375;1184;1626;3083;2322
17539;1375;1184;1626;3071;2333
17569;1375;1184;1625;3049;2372
17609;1375;1184;1625;3015;2417
17649;1375;1184;1625;2967;2465
17689;1374;1184;1625;2958;2506
17719;1375;1184;1626;2951;2499
17759;1374;1185;1626;2967;2516
17799;1374;1185;1626;2973;2579
17839;1374;1186;1626;2970;2602
17869;1374;1186;1626;2954;2695
17909;1373;1186;1626;2933;2730
17949;1373;1185;1626;2930;2762
17989;1372;1184;1626;2933;2841
18019;1373;1185;1626;2934;2866
18059;1373;1184;1627;2925;2928
18099;1373;1184;1627;2933;2954
18139;1374;1185;1627;2947;2968
18169;1373;1185;1627;2967;2994
18209;1374;1185;1627;2967;3015
18249;1373;1186;1627;2961;3071
18289;1375;1187;1627;2960;3102
18319;1377;1187;1627;2962;3119
18359;1378;1187;1627;2969;3124
18399;1379;1187;1627;2982;3122
18439;1379;1187;1627;2983;3133
18469;1379;1187;1627;2982;3139
18509;1380;1187;1626;2987;3137
18549;1380;1187;1626;2984;3139
18589;1380;1187;1626;2980;3157
18619;1380;1188;1627;2974;3157
18659;1380;1188;1627;2978;3160
18699;1381;1188;1627;2982;3157
18739;1381;1188;1628;2985;3154
18769;1381;1188;1627;2984;3145
18809;1380;1188;1626;2990;3119
18849;1380;1188;1626;2990;3103
18889;1380;1188;1626;2994;3065
18919;1381;1188;1627;2996;3010
18959;1380;1188;1627;3006;2983
18999;1380;1189;1627;3006;2960
19039;1379;1189;1627;3027;2894
19069;1377;1189;1627;3059;2795
19109;1375;1189;1627;3078;2742
19149;1375;1188;1627;3063;2721
19189;1374;1188;1627;3060;2658
19219;1375;1188;1627;3059;2647
19259;1375;1189;1627;3045;2637
19289;1374;1189;1627;3044;2596
19299;1375;1189;1627;3042;2585
19339;1375;1188;1627;3058;2520
19369;1375;1188;1627;3065;2504
19409;1374;1188;1627;3095;2427
19449;1372;1188;1626;3146;2388
19489;1371;1189;1626;3162;2376
19519;1370;1189;1627;3167;2340
19559;1368;1192;1627;3157;2343
19599;1367;1193;1627;3155;2340
19639;1367;1193;1627;3158;2329
19669;1364;1193;1627;3166;2323
19709;1365;1194;1627;3179;2312
19749;1366;1195;1626;3190;2307
19789;1367;1194;1626;3217;2291
19819;1368;1195;1627;3243;2265
19859;1368;1196;1627;3256;2264
19899;1364;1197;1627;3275;2247
19939;1358;1197;1627;3312;2219
19969;1355;1197;1627;3327;2215
20009;1353;1197;1627;3326;2215
20049;1352;1196;1626;3349;2188
20089;1350;1196;1626;3372;2181
20119;1350;1197;1626;3367;2188
20159;1350;1198;1626;3383;2179
20199;1347;1198;1626;3428;2161
20239;1347;1199;1626;3423;2164
20269;1347;1198;1626;3427;2168
20309;1347;1198;1626;3414;2174
20349;1347;1198;1626;3397;2188
20389;1347;1198;1626;3362;2202
20419;1348;1199;1626;3340;2213
20459;1349;1199;1626;3296;2241
20499;1348;1199;1626;3252;2277
20539;1348;1199;1626;3218;2309
20569;1347;1199;1626;3204;2329
20609;1347;1199;1626;3203;2338
20649;1348;1199;1626;3199;2345
20689;1348;1199;1626;3204;2349
20719;1349;1200;1627;3207;2350
20759;1349;1200;1627;3205;2350
20799;1350;1200;1627;3207;2353
20839;1351;1200;1627;3203;2353
20869;1350;1200;1627;3198;2357
20909;1349;1200;1627;3184;2360
20949;1350;1200;1627;3137;2399
20989;1351;1200;1627;3087;2437
21019;1359;1200;1627;3080;2439
21059;1363;1200;1627;3089;2434
21099;1365;1200;1627;3076;2474
21139;1367;1200;1627;3066;2485
21169;1367;1200;1627;3059;2495
21209;1367;1200;1627;3023;2525
21249;1367;1200;1627;3004;2557
21289;1367;1200;1627;3011;2572
21319;1368;1201;1627;3024;2559
21359;1369;1201;1627;3031;2556
21399;1369;1202;1627;3030;2558
21439;1369;1202;1627;3035;2566
21469;1369;1201;1626;3036;2576
21509;1369;1201;1627;3031;2590
21549;1369;1201;1627;3037;2595
21589;1369;1201;1626;3042;2592
21619;1369;1201;1627;3018;2606
21659;1370;1201;1627;2972;2699
21699;1371;1201;1627;2969;2712
21739;1371;1201;1627;2977;2720
21769;1371;1201;1627;2970;2736
21809;1371;1201;1627;2971;2739
21849;1372;1201;1627;2977;2727
21889;1372;1200;1627;2981;2725
21919;1373;1201;1627;2992;2721
21959;1373;1201;1627;3000;2710
21999;1374;1201;1627;3004;2682
22039;1373;1201;1627;3013;2662
22069;1373;1200;1627;3014;2662
22109;1373;1199;1626;3015;2666
22149;1373;1199;1627;3018;2663
22189;1373;1200;1627;3020;2663
22219;1374;1200;1627;3019;2663
22259;1374;1200;1627;3021;2655
22299;1374;1200;1627;3028;2646
22339;1373;1201;1627;3030;2641
22369;1373;1201;1626;3036;2642
22409;1373;1201;1626;3038;2633
22449;1373;1201;1626;3042;2631
22489;1372;1201;1626;3040;2621
22519;1372;1201;1626;3040;2616
22559;1371;1201;1627;3042;2603
22569;1371;1201;1626;3044;2602
22619;1372;1201;1627;3044;2598
22659;1372;1201;1627;3043;2599
22699;1372;1201;1627;3045;2598
22739;1371;1201;1627;3048;2593
22779;1371;1201;1627;3053;2593
22819;1371;1201;1627;3050;2593
22859;1371;1201;1627;3052;2585
22899;1371;1201;1627;3052;2588
22939;1372;1201;1627;3051;2589
22969;1372;1201;1627;3052;2587
23009;1372;1201;1627;3057;2590
23049;1372;1201;1627;3059;2588
23089;1371;1201;1627;3063;2584
23119;1371;1201;1627;3073;2574
23159;1370;1201;1627;3072;2571
23199;1371;1201;1627;3072;2564
23239;1371;1201;1627;3074;2565
23269;1370;1200;1627;3074;2563
23309;1370;1200;1626;3080;2561
23349;1370;1200;1626;3080;2562
23389;1371;1200;1627;3078;2563
23419;1372;1200;1627;3078;2561
23459;1373;1200;1627;3080;2561
23499;1373;1200;1627;3080;2561
23539;1373;1201;1627;3080;2561
23569;1373;1201;1627;3076;2564
23609;1372;1201;1627;3076;2564
23649;1372;1201;1626;3082;2569
23689;1372;1201;1626;3095;2571
23719;1372;1201;1627;3091;2563
23759;1372;1201;1627;3063;2552
23799;1372;1201;1627;3045;2547
23839;1372;1201;1627;3052;2551
23869;1372;1201;1627;3069;2560
23909;1372;1201;1627;3092;2565
23949;1372;1201;1627;3095;2564
23949;1372;1201;1627;3095;2564
23989;1372;1201;1626;3083;2558
24019;1372;1201;1627;3072;2547
24039;1372;1201;1627;3070;2548
24059;1372;1201;1627;3070;2547
24099;1372;1201;1627;3078;2548
24109;1372;1201;1627;3079;2545
24139;1372;1201;1627;3079;2545
24169;1372;1201;1627;3082;2545
24199;1372;1201;1627;3077;2541
24209;1372;1201;1627;3077;2541
24249;1372;1201;1627;3074;2540
24269;1372;1201;1627;3076;2536
24289;1372;1201;1627;3076;2537
24319;1372;1201;1627;3079;2535
24359;1372;1201;1628;3081;2537
24399;1373;1201;1628;3082;2538
24439;1372;1201;1627;3082;2537
24469;1372;1201;1627;3082;2537
24529;1372;1201;1626;3084;2532
24569;1372;1201;1626;3084;2531
24609;1372;1201;1626;3086;2528
24649;1372;1201;1626;3088;2530
24689;1372;1201;1626;3085;2531
24729;1372;1201;1626;3094;2531
24769;1372;1201;1626;3097;2529
24809;1372;1201;1626;3094;2530
24849;1372;1201;1626;3092;2529
24889;1372;1201;1626;3077;2544
24919;1372;1201;1627;3070;2564
24959;1373;1201;1627;3072;2583
24999;1372;1200;1628;3063;2641
25039;1372;1199;1627;3067;2655
25069;1370;1198;1627;3048;2736
25109;1370;1200;1627;3020;2789
25149;1370;1201;1627;3023;2800
25179;1371;1202;1627;3031;2772
25189;1371;1202;1627;3037;2760
25219;1370;1202;1627;3064;2711
25239;1369;1201;1627;3076;2661
25259;1369;1200;1627;3081;2619
25299;1369;1196;1627;3101;2578
25329;1370;1193;1626;3102;2577
25339;1370;1193;1626;3097;2576
25369;1370;1193;1626;3093;2581
25379;1371;1194;1627;3081;2582
25409;1371;1194;1627;3071;2597
25449;1371;1194;1627;3063;2621
25459;1371;1194;1627;3064;2619
25489;1371;1194;1627;3067;2613
25519;1371;1194;1627;3069;2602
25529;1370;1194;1627;3070;2603
25559;1370;1194;1627;3067;2609
25599;1371;1194;1627;3062;2608
25619;1371;1194;1627;3065;2607
25639;1372;1194;1627;3066;2605
25669;1372;1194;1627;3070;2603
25709;1372;1194;1627;3070;2592
25749;1371;1194;1627;3078;2588
25779;1371;1194;1627;3077;2583
25789;1371;1194;1627;3078;2585
25819;1371;1194;1627;3078;2584
25829;1371;1194;1627;3078;2585
25859;1371;1194;1627;3081;2584
25899;1371;1194;1627;3081;2585
25929;1371;1194;1627;3083;2585
25939;1371;1194;1627;3082;2583
25969;1370;1193;1627;3087;2582
25989;1370;1193;1626;3089;2581
26009;1370;1193;1626;3089;2584
26049;1370;1193;1626;3086;2585
26059;1370;1193;1627;3086;2582
26089;1370;1193;1626;3090;2582
26119;1371;1193;1626;3091;2579
26129;1371;1193;1626;3092;2580
26159;1371;1193;1626;3092;2578
26199;1371;1193;1626;3093;2578
26229;1371;1193;1626;3094;2579
26239;1371;1193;1627;3095;2577
26269;1371;1193;1627;3096;2579
26309;1371;1193;1627;3094;2577
26349;1371;1194;1627;3097;2577
26389;1371;1194;1627;3099;2576
26419;1371;1194;1627;3099;2574
26459;1371;1194;1627;3098;2575
26499;1371;1194;1627;3098;2576
26539;1371;1193;1627;3099;2575
26569;1371;1193;1627;3098;2575
26609;1371;1193;1627;3099;2574
26649;1370;1193;1627;3101;2574
26689;1370;1193;1626;3100;2577
26719;1371;1193;1627;3098;2576
26759;1371;1193;1627;3099;2576
26799;1371;1193;1627;3099;2576
26839;1370;1193;1627;3099;2576
26869;1370;1193;1627;3099;2579
26909;1370;1193;1627;3097;2579
26949;1370;1193;1627;3098;2580
26989;1370;1193;1627;3099;2578
27019;1371;1193;1627;3095;2579
27059;1371;1193;1627;3099;2579
27099;1371;1193;1627;3100;2580
27139;1371;1193;1627;3098;2579
27169;1371;1193;1627;3098;2582
27209;1371;1193;1627;3099;2580
27249;1371;1193;1627;3095;2583
27289;1371;1193;1627;3092;2591
27319;1371;1193;1627;3090;2590
27359;1372;1193;1627;3094;2588
27399;1372;1193;1627;3097;2582
27439;1372;1193;1627;3103;2576
27469;1372;1193;1627;3104;2574
27509;1371;1193;1627;3124;2536
27549;1370;1193;1627;3155;2489
27589;1370;1193;1627;3172;2471
27619;1370;1193;1627;3174;2472
27659;1370;1193;1627;3167;2479
27699;1370;1193;1627;3165;2483
27739;1370;1193;1627;3152;2496
27769;1370;1193;1627;3138;2516
27809;1370;1193;1627;3131;2520
27849;1370;1193;1627;3135;2519
27889;1370;1194;1627;3157;2493
27919;1371;1194;1627;3164;2485
27959;1371;1194;1627;3173;2476
27999;1371;1194;1627;3182;2467
28039;1371;1194;1627;3184;2465
28069;1371;1194;1627;3185;2468
28109;1371;1194;1627;3184;2468
28149;1371;1194;1627;3181;2473
28199;1371;1194;1627;3182;2470
28229;1371;1194;1627;3182;2469
28269;1371;1193;1627;3181;2471
28309;1371;1193;1626;3182;2470
28349;1371;1193;1626;3183;2469
28389;1371;1193;1626;3182;2471
28419;1371;1193;1627;3181;2472
28459;1371;1194;1627;3182;2473
28489;1370;1194;1627;3185;2473
28529;1370;1194;1627;3185;2471
28569;1371;1194;1626;3182;2474
28609;1371;1194;1626;3181;2474
28649;1371;1194;1626;3182;2475
28689;1370;1194;1626;3174;2474
28719;1371;1194;1626;3173;2475
28759;1371;1194;1627;3172;2475
28799;1370;1194;1627;3173;2475
28839;1370;1194;1627;3174;2475
28869;1371;1194;1627;3175;2475
28909;1371;1194;1627;3176;2475
28949;1371;1194;1627;3175;2477
28979;1371;1194;1627;3175;2475
29019;1371;1195;1627;3175;2474
29059;1371;1195;1627;3176;2475
29099;1371;1195;1627;3174;2473
29139;1371;1195;1627;3174;2473
29169;1371;1195;1627;3178;2474
29209;1371;1195;1627;3178;2474
29249;1371;1194;1626;3179;2474
29289;1371;1194;1626;3176;2473
29369;1371;1194;1626;3183;2474
29409;1371;1194;1626;3182;2473
29489;1371;1193;1626;3179;2473
29529;1371;1193;1626;3180;2474
29569;1371;1193;1627;3180;2474
29609;1371;1193;1627;3177;2475
29649;1371;1193;1626;3180;2474
29689;1371;1193;1626;3179;2474
29719;1371;1193;1627;3176;2473
29759;1371;1193;1627;3179;2473
29799;1371;1194;1628;3178;2472
29839;1371;1194;1628;3178;2473
29869;1371;1194;1628;3181;2474
29909;1371;1193;1627;3181;2474
29949;1371;1193;1627;3180;2473
29989;1371;1193;1627;3181;2473
30019;1371;1193;1627;3181;2473
30059;1371;1194;1627;3183;2473
30099;1372;1194;1627;3182;2474
30139;1372;1194;1627;3183;2473
30169;1372;1194;1626;3184;2475
30209;1372;1194;1626;3182;2475
30249;1371;1193;1626;3184;2474
30289;1370;1193;1626;3181;2474
30319;1371;1193;1627;3179;2474
30359;1371;1193;1627;3180;2473
30399;1371;1193;1627;3180;2475
30439;1371;1194;1627;3182;2474
30469;1371;1194;1627;3183;2475
30509;1371;1194;1627;3183;2474
30549;1371;1194;1627;3182;2475
30589;1371;1194;1627;3181;2477
30619;1371;1194;1627;3180;2473
30659;1371;1194;1627;3181;2474
30699;1371;1194;1627;3179;2473
30739;1371;1194;1627;3179;2475
30769;1371;1194;1627;3180;2474
30809;1371;1194;1627;3182;2473
30849;1371;1194;1627;3182;2475
30889;1371;1194;1627;3182;2475
30919;1371;1194;1627;3180;2475
30959;1371;1194;1627;3182;2476
30999;1371;1194;1627;3182;2475
31039;1371;1194;1627;3181;2477
31069;1370;1194;1627;3185;2476
31109;1370;1194;1627;3184;2475
31149;1371;1194;1626;3186;2476
31189;1371;1194;1626;3186;2476
31219;1371;1194;1626;3186;2474
31259;1371;1194;1627;3187;2475
31299;1371;1194;1627;3184;2476
31339;1371;1194;1627;3185;2477
31369;1371;1194;1627;3187;2478
31409;1371;1194;1627;3187;2477
31449;1371;1194;1626;3185;2476
31489;1371;1194;1626;3186;2477
31519;1371;1194;1627;3184;2477
31559;1371;1194;1627;3177;2477
31599;1371;1194;1627;3177;2479
31639;1371;1194;1627;3177;2478
31669;1371;1194;1627;3180;2479
31709;1371;1194;1627;3181;2478
31749;1371;1194;1627;3180;2479
31789;1371;1194;1627;3179;2477
31819;1371;1194;1627;3177;2476
31859;1372;1194;1627;3178;2475
31899;1371;1194;1627;3179;2476
31939;1371;1194;1627;3177;2475
31969;1371;1194;1627;3177;2478
32009;1371;1194;1626;3180;2478
32049;1371;1194;1626;3180;2477
32089;1371;1194;1626;3178;2478
32119;1371;1194;1626;3175;2477
32159;1371;1194;1627;3169;2479
32199;1371;1194;1627;3171;2478
32239;1371;1194;1627;3167;2480
32269;1371;1194;1627;3167;2481
32309;1371;1194;1627;3168;2484
32349;1371;1194;1627;3161;2485
32389;1371;1194;1627;3148;2500
32419;1371;1194;1627;3145;2508
32459;1371;1194;1627;3096;2548
32499;1371;1194;1627;3087;2570
32539;1371;1194;1627;3096;2564
32569;1371;1194;1627;3101;2562
32609;1372;1194;1627;3095;2572
32649;1372;1194;1627;3084;2585
32689;1372;1194;1627;3082;2590
32719;1372;1194;1627;3061;2614
32759;1371;1194;1627;3045;2650
32799;1371;1194;1627;3050;2648
32839;1370;1193;1627;3001;2738
32869;1370;1193;1627;2992;2766
32909;1370;1192;1627;3006;2756
32949;1370;1192;1627;3031;2742
32989;1370;1192;1627;3031;2747
33019;1370;1192;1627;3016;2753
33059;1370;1192;1627;3010;2760
33099;1370;1193;1627;3005;2772
33139;1370;1193;1627;2990;2825
33169;1369;1193;1627;2991;2854
33209;1370;1192;1627;2953;2945
33249;1372;1183;1626;2955;2950
33289;1372;1177;1626;2950;2985
33319;1373;1165;1627;2947;3044
33359;1374;1158;1631;2955;3065
33399;1375;1151;1637;2961;3077
33439;1375;1137;1645;2962;3065
33469;1374;1129;1649;2972;3065
33509;1374;1124;1651;2972;3074
33549;1374;1122;1653;2973;3083
33589;1374;1121;1654;2977;3069
33619;1374;1121;1654;2972;3074
33659;1375;1121;1655;2971;3078
33699;1376;1121;1655;2976;3067
33739;1376;1120;1655;2986;3031
33769;1376;1120;1655;2993;2993
33809;1376;1120;1655;3001;2936
33849;1375;1121;1655;3017;2850
33889;1375;1122;1655;3016;2804
33919;1374;1123;1655;3013;2806
33959;1374;1123;1655;3015;2809
33999;1374;1124;1655;3003;2858
34039;1374;1124;1655;2984;2902
34069;1374;1124;1655;2985;2911
34109;1374;1123;1655;2976;2952
34149;1375;1123;1654;2980;2965
34189;1375;1123;1655;2983;2979
34219;1375;1123;1655;2978;3036
34259;1375;1123;1655;2987;3046
34299;1375;1124;1655;2984;3059
34339;1376;1124;1655;2985;3054
34369;1377;1124;1654;2989;3059
34409;1377;1123;1654;2990;3059
34449;1377;1123;1654;2999;3034
34489;1377;1123;1654;3007;3020
34519;1377;1124;1655;3011;2992
34559;1377;1124;1655;3019;2937
34599;1376;1124;1655;3042;2845
34639;1374;1124;1655;3075;2718
34669;1373;1124;1655;3085;2690
34709;1373;1125;1655;3080;2599
34749;1373;1125;1655;3092;2548
34789;1373;1126;1655;3082;2561
34819;1374;1127;1655;3076;2568
34859;1374;1128;1655;3074;2572
34899;1374;1129;1655;3058;2601
34939;1374;1130;1655;3057;2624
34969;1374;1130;1655;3043;2651
35009;1375;1130;1655;3013;2708
35049;1375;1130;1655;3000;2753
35089;1375;1130;1655;3002;2785
35119;1375;1130;1655;2991;2846
35159;1375;1130;1655;2979;2900
35199;1375;1129;1655;2993;2887
35239;1376;1129;1655;2998;2889
35269;1376;1129;1655;2999;2896
35309;1376;1129;1655;3001;2903
35349;1376;1129;1655;3002;2917
35389;1375;1129;1655;3003;2920
35419;1376;1129;1655;2998;2936
35459;1376;1129;1655;3001;2950
35499;1376;1129;1655;3001;2953
35539;1376;1129;1655;3002;2965
35569;1376;1129;1655;3009;2963
35609;1376;1128;1655;3013;2947
35649;1376;1128;1655;3028;2904
35689;1376;1128;1655;3036;2854
35719;1376;1128;1655;3042;2822
35759;1376;1128;1656;3091;2699
35799;1375;1128;1656;3109;2589
35839;1374;1129;1657;3111;2556
35869;1373;1129;1660;3130;2507
35909;1373;1129;1667;3173;2464
35949;1374;1129;1672;3172;2465
35989;1374;1129;1675;3147;2483
36019;1374;1129;1676;3146;2483
36059;1374;1129;1677;3126;2504
36099;1374;1129;1678;3104;2541
36139;1374;1129;1678;3084;2574
36169;1374;1129;1678;3082;2604
36209;1374;1129;1678;3062;2643
36249;1374;1129;1678;3029;2761
36289;1375;1129;1677;3018;2805
36319;1375;1129;1678;3017;2839
36359;1374;1118;1678;3013;2896
36399;1374;1114;1678;3007;2945
36439;1375;1104;1678;3014;2984
36469;1375;1098;1678;3024;2985
36509;1375;1095;1678;3022;2997
36549;1375;1094;1678;3022;2999
36589;1375;1089;1678;3027;2996
36619;1376;1086;1678;3030;2993
36659;1376;1085;1678;3044;2933
36699;1375;1084;1679;3050;2859
36739;1375;1084;1679;3053;2826
36769;1375;1084;1678;3060;2803
36809;1375;1084;1678;3073;2758
36849;1375;1084;1679;3081;2691
36889;1374;1084;1679;3079;2693
36919;1374;1084;1680;3081;2685
36959;1374;1084;1680;3083;2649
36999;1374;1084;1680;3089;2598
37039;1374;1084;1681;3094;2579
37069;1374;1084;1681;3089;2589
37109;1374;1084;1681;3084;2597
37149;1374;1084;1680;3081;2610
37189;1374;1084;1680;3085;2622
37219;1375;1084;1681;3086;2627
37259;1375;1084;1681;3082;2641
37299;1375;1084;1681;3083;2644
37339;1375;1084;1680;3077;2649
37369;1375;1084;1680;3076;2661
37409;1375;1084;1680;3072;2666
37449;1375;1084;1680;3058;2705
37489;1375;1084;1680;3049;2735
37519;1375;1084;1680;3018;2789
37559;1375;1084;1680;3006;2902
37599;1376;1084;1680;3008;2902
37639;1376;1084;1680;3028;2865
37669;1376;1084;1680;3043;2823
37709;1376;1084;1680;3042;2826
37749;1376;1084;1680;3042;2828
37789;1376;1084;1680;3040;2827
37819;1376;1084;1681;3019;2874
37859;1377;1084;1681;3021;2884
37899;1377;1084;1681;3033;2862
37939;1376;1084;1681;3041;2840
37969;1376;1084;1681;3044;2829
38009;1377;1084;1680;3048;2807
38049;1377;1084;1680;3051;2795
38089;1377;1084;1680;3057;2787
38119;1377;1084;1680;3073;2755
38159;1376;1084;1683;3094;2645
38199;1375;1085;1685;3097;2645
38239;1375;1085;1686;3093;2657
38269;1375;1085;1686;3092;2663
38309;1375;1085;1686;3094;2670
38349;1375;1085;1686;3095;2670
38389;1375;1085;1686;3094;2679
38419;1375;1085;1687;3093;2680
38459;1375;1086;1687;3091;2687
38499;1375;1086;1687;3093;2692
38539;1375;1086;1687;3092;2702
38569;1375;1086;1686;3087;2720
38609;1375;1086;1686;3084;2726
38649;1375;1086;1686;3076;2744
38689;1375;1086;1686;3063;2768
38719;1375;1087;1687;3054;2796
38759;1376;1087;1687;3055;2815
38799;1376;1087;1687;3060;2816
38839;1376;1086;1687;3034;2880
38869;1377;1086;1687;3036;2888
38909;1377;1086;1687;3044;2887
38949;1377;1085;1687;3047;2890
38989;1377;1084;1687;3052;2889
39019;1378;1084;1687;3057;2889
39059;1378;1085;1687;3063;2871
39099;1378;1085;1687;3068;2829
39139;1377;1085;1687;3072;2824
39169;1377;1085;1686;3074;2811
39209;1377;1085;1686;3075;2803
39249;1376;1085;1686;3076;2806
39289;1377;1085;1686;3075;2801
39319;1377;1085;1686;3073;2801
39339;1377;1085;1686;3072;2805
39359;1377;1085;1686;3072;2805
39399;1377;1085;1687;3076;2804
39439;1377;1086;1687;3079;2798
39469;1377;1086;1687;3073;2805
39509;1377;1086;1687;3076;2812
39549;1377;1086;1687;3082;2805
39589;1377;1086;1687;3083;2809
39619;1377;1087;1687;3082;2808
39659;1377;1087;1687;3081;2805
39699;1377;1087;1687;3083;2808
39739;1377;1087;1687;3080;2810
39769;1377;1087;1686;3083;2811
39809;1377;1087;1686;3085;2810
39849;1377;1087;1686;3078;2828
39889;1377;1087;1686;3079;2838
39919;1378;1086;1686;3082;2841
39959;1378;1086;1686;3093;2863
39999;1378;1087;1687;3093;2880
40039;1378;1087;1687;3100;2885
40069;1378;1087;1687;3089;2905
40109;1377;1087;1687;3071;3038
40149;1376;1087;1687;3071;3062
40189;1375;1088;1686;3091;3041
40219;1375;1088;1687;3089;3043
40259;1376;1088;1687;3095;3048
40299;1376;1088;1687;3090;3048
40339;1375;1088;1687;3080;3078
40369;1376;1088;1687;3085;3078
40409;1376;1088;1687;3091;3076
40449;1376;1088;1687;3091;3086
40489;1375;1088;1687;3102;3067
40519;1375;1088;1687;3101;3069
40559;1375;1089;1687;3104;3070
40599;1375;1089;1687;3105;3064
40639;1376;1089;1687;3106;3055
40669;1376;1089;1687;3109;3052
40709;1376;1089;1687;3107;3052
40749;1376;1089;1687;3109;3032
40789;1376;1088;1687;3112;3009
40819;1376;1088;1687;3112;3007
40859;1376;1088;1687;3119;2949
40899;1376;1088;1689;3115;2928
40939;1376;1088;1690;3114;2931
40969;1376;1088;1690;3113;2931
41009;1376;1088;1690;3114;2923
41049;1376;1087;1694;3114;2890
41089;1376;1086;1698;3117;2865
41119;1376;1085;1701;3117;2868
41159;1376;1085;1703;3113;2893
41189;1376;1085;1704;3117;2898
41199;1376;1085;1704;3116;2894
41239;1376;1085;1704;3120;2874
41269;1376;1085;1704;3125;2874
41309;1376;1085;1704;3129;2867
41349;1375;1084;1704;3145;2787
41389;1375;1083;1705;3162;2744
41419;1375;1080;1711;3181;2665
41459;1375;1077;1717;3233;2545
41499;1375;1076;1720;3223;2530
41539;1375;1076;1722;3208;2536
41569;1375;1075;1723;3218;2519
41609;1374;1072;1728;3269;2436
41649;1375;1069;1732;3265;2442
41689;1375;1068;1735;3238;2479
41719;1376;1068;1736;3200;2520
41759;1376;1068;1737;3199;2535
41779;1376;1068;1737;3187;2540
41799;1376;1068;1738;3187;2555
41839;1376;1068;1738;3180;2603
41869;1376;1068;1737;3180;2640
41909;1376;1068;1737;3172;2727
41949;1376;1067;1737;3182;2738
41989;1376;1065;1738;3194;2716
42019;1376;1064;1739;3204;2658
42059;1376;1065;1739;3291;2546
42099;1376;1066;1739;3263;2543
42139;1375;1067;1739;3271;2536
42169;1374;1067;1738;3283;2563
42209;1374;1067;1738;3330;2611
42249;1375;1067;1738;3341;2616
42289;1375;1067;1739;3304;2694
42319;1376;1067;1739;3292;2694
42359;1376;1067;1739;3278;2702
42399;1376;1068;1740;3268;2699
42439;1376;1068;1740;3274;2695
42469;1375;1068;1740;3267;2727
42509;1375;1068;1740;3264;2760
42549;1375;1068;1739;3267;2785
42589;1374;1069;1739;3265;2848
42619;1375;1069;1739;3273;2873
42659;1375;1069;1740;3262;2893
42679;1374;1069;1739;3233;2961
42699;1375;1068;1739;3219;3090
42739;1378;1068;1739;3447;3394
42769;1379;1068;1739;3467;3324
42809;1380;1068;1739;3490;3277
42849;1380;1068;1739;3494;3268
42889;1380;1068;1739;3491;3279
42919;1381;1068;1739;3465;3315
42959;1379;1068;1740;3424;3418
42999;1380;1069;1740;3432;3443
43039;1381;1069;1740;3441;3463
43069;1383;1069;1740;3432;3549
43109;1385;1068;1740;3433;3558
43149;1386;1068;1740;3442;3507
43189;1387;1068;1740;3455;3476
43219;1388;1068;1740;3465;3452
43259;1388;1068;1741;3464;3452
43299;1389;1068;1741;3469;3440
43339;1389;1067;1741;3482;3421
43369;1389;1067;1740;3490;3417
43409;1389;1066;1740;3507;3381
43449;1388;1066;1739;3514;3350
43489;1388;1063;1740;3538;3282
43519;1387;1062;1741;3545;3241
43559;1389;1062;1740;3548;3218
43599;1389;1059;1740;3568;3142
43639;1389;1056;1740;3577;3107
43669;1388;1054;1740;3578;3097
43689;1387;1053;1740;3573;3094
43739;1387;1053;1741;3564;3109
43779;1388;1053;1741;3558;3121
43819;1388;1053;1741;3563;3109
43859;1389;1053;1741;3568;3113
43899;1389;1053;1741;3558;3123
43939;1390;1053;1741;3549;3119
43969;1389;1053;1740;3536;3129
44009;1389;1053;1740;3526;3150
44049;1389;1053;1740;3501;3206
44089;1389;1053;1740;3488;3244
44119;1389;1053;1741;3456;3315
44169;1388;1053;1741;3414;3444
44209;1388;1052;1741;3407;3546
44249;1387;1044;1740;3394;3599
44279;1387;1042;1741;3381;3651
44319;1392;1034;1741;3686;4095
44359;1397;1027;1741;3782;4095
44399;1399;1021;1741;3785;4095
44439;1400;1018;1741;3818;4095
44469;1401;1016;1741;3866;4095
44509;1402;1015;1741;3877;4095
44549;1402;1014;1741;3843;4095
44589;1403;1014;1740;3829;4095
44619;1402;1010;1741;3871;4095
44659;1400;1011;1741;3889;4095
44699;1399;1006;1741;3937;3956
44739;1397;1005;1741;3945;3733
44769;1396;1005;1741;3955;3683
44809;1395;1005;1741;3974;3574
44849;1393;1005;1741;3982;3515
44889;1394;1005;1740;3966;3519
44969;1394;1004;1741;3885;3800
45009;1395;1003;1740;3864;3940
45049;1395;1003;1741;3824;4091
45089;1398;1003;1741;3823;4095
45129;1399;1003;1741;3858;4095
45169;1401;1003;1741;3861;4095
45209;1402;1003;1741;3850;4095
45249;1403;1003;1741;3867;4095
45289;1403;1003;1741;3885;4095
45319;1404;1003;1741;3886;4095
45359;1404;1003;1741;3881;4095
45399;1404;1004;1741;3886;4095
45439;1404;1004;1742;3889;4095
45469;1404;1004;1742;3884;4095
45509;1404;1004;1742;3885;4095
45549;1405;1003;1742;3889;4095
45589;1404;1003;1742;3891;4095
45619;1404;1003;1742;3893;4095
45659;1404;1003;1742;3885;4095
45699;1404;1003;1741;3885;4095
45739;1404;1002;1742;3883;4095
45769;1404;1001;1741;3872;4095
45809;1403;1000;1741;3864;4095
45849;1402;999;1741;3867;4095
45889;1402;998;1741;3875;4095
45919;1402;998;1741;3879;4095
45959;1401;998;1742;3882;4095
45999;1400;998;1742;3901;3928
46039;1399;998;1741;3932;3758
46069;1397;998;1742;3967;3633
46109;1395;999;1742;3995;3453
46149;1394;1000;1742;4000;3297
46189;1390;1001;1742;3821;2958
46219;1384;1001;1742;3683;2707
46259;1377;1001;1742;3668;2660
46299;1376;1001;1742;3483;2558
46339;1376;1001;1742;3445;2600
46369;1374;1001;1741;3390;2669
46409;1373;1000;1741;3357;2854
46449;1373;1000;1741;3332;2970
46489;1372;1000;1741;3346;3003
46519;1372;1000;1741;3358;3011
46559;1373;1000;1741;3382;2997
46599;1374;1000;1741;3384;3009
46639;1374;1000;1741;3385;3021
46669;1374;1000;1741;3396;3031
46709;1374;1000;1741;3399;3051
46749;1374;1000;1741;3396;3067
46789;1374;1000;1741;3402;3073
46819;1375;1000;1741;3404;3055
46859;1374;1000;1741;3431;2987
46899;1373;1000;1742;3489;2858
46939;1372;1000;1742;3571;2626
46969;1372;1000;1741;3628;2548
47009;1371;1000;1741;3639;2536
47049;1370;1000;1742;3648;2515
47089;1370;1000;1743;3637;2504
47119;1370;995;1746;3660;2491
47159;1369;990;1749;3645;2497
47199;1369;988;1750;3609;2544
47239;1369;987;1750;3561;2569
47269;1369;986;1751;3526;2594
47309;1369;986;1751;3514;2623
47349;1369;986;1751;3503;2643
47389;1369;986;1751;3513;2646
47419;1369;986;1751;3510;2642
47459;1369;986;1751;3519;2642
47499;1369;986;1751;3514;2643
47539;1369;986;1751;3520;2642
47549;1369;986;1751;3522;2641
47589;1369;986;1751;3526;2632
47619;1370;987;1751;3517;2641
47659;1370;987;1751;3537;2627
47699;1370;987;1752;3539;2613
47739;1370;987;1752;3532;2621
47769;1370;987;1751;3538;2616
47809;1369;987;1751;3545;2613
47849;1369;987;1751;3550;2613
47889;1369;987;1751;3560;2606
47919;1370;986;1751;3568;2603
47959;1370;986;1751;3578;2590
47999;1370;987;1751;3582;2579
48029;1370;986;1751;3582;2581
48069;1370;986;1751;3586;2561
48109;1370;986;1751;3589;2554
48149;1369;987;1751;3591;2537
48189;1368;986;1751;3614;2510
48219;1368;986;1751;3610;2504
48259;1368;986;1751;3615;2509
48299;1369;986;1751;3618;2506
48339;1369;986;1751;3613;2504
48369;1369;986;1751;3611;2509
48409;1369;987;1751;3611;2513
48449;1369;987;1751;3612;2516
48479;1369;987;1751;3618;2513
48519;1369;987;1751;3622;2510
48559;1369;987;1751;3630;2511
48599;1369;982;1752;3634;2503
48639;1369;979;1752;3594;2542
48669;1369;978;1752;3559;2585
48709;1369;977;1751;3516;2622
48749;1369;977;1751;3519;2660
48789;1369;977;1751;3506;2708
48819;1369;978;1751;3524;2722
48859;1369;979;1752;3546;2705
48899;1370;979;1752;3555;2678
48939;1370;979;1752;3569;2633
48969;1369;979;1752;3571;2622
49009;1369;979;1752;3552;2646
49049;1369;979;1752;3570;2624
49089;1369;979;1751;3578;2608
49119;1369;979;1751;3584;2606
49159;1369;979;1751;3594;2582
49199;1369;979;1751;3574;2612
49239;1369;979;1752;3577;2625
49269;1369;979;1751;3584;2623
49309;1368;979;1752;3572;2644
49349;1368;979;1752;3574;2651
49389;1368;979;1752;3556;2680
49419;1368;979;1752;3564;2683
49459;1369;979;1752;3579;2653
49499;1369;979;1751;3592;2634
49539;1369;979;1751;3610;2590
49569;1369;978;1751;3609;2592
49609;1369;977;1751;3609;2597
49649;1369;977;1751;3602;2598
49689;1369;977;1751;3588;2618
49719;1369;977;1751;3590;2627
49759;1369;977;1751;3586;2635
49799;1369;977;1751;3586;2637
49839;1369;977;1751;3598;2615
49869;1369;977;1751;3612;2605
49909;1369;977;1751;3613;2599
49949;1369;977;1752;3626;2590
49989;1369;977;1751;3631;2596
50019;1369;977;1751;3646;2600
50059;1368;977;1752;3646;2597
50099;1368;977;1752;3627;2608
50139;1368;977;1752;3635;2621
50219;1369;977;1752;3724;2693
50259;1369;977;1752;3739;2696
50299;1369;977;1752;3727;2730
50339;1369;977;1751;3713;2767
50379;1369;977;1751;3710;2760
50419;1370;978;1751;3698;2797
50459;1370;978;1752;3673;2825
50499;1370;978;1752;3654;2820
50539;1370;978;1752;3640;2826
50569;1369;978;1751;3655;2829
50609;1369;978;1751;3616;2853
50649;1369;978;1751;3580;2901
50689;1370;978;1751;3566;2914
50719;1370;978;1752;3538;2932
50759;1370;978;1752;3529;2956
50799;1370;979;1752;3460;3029
50839;1370;979;1752;3469;3044
50869;1371;979;1752;3481;3034
50909;1371;979;1752;3480;3041
50949;1371;979;1752;3470;3057
50989;1371;979;1751;3452;3080
51019;1369;979;1752;3412;3153
51059;1369;979;1752;3415;3185
51099;1370;979;1752;3425;3160
51139;1371;979;1752;3440;3159
51169;1370;979;1752;3437;3158
51209;1370;979;1752;3428;3179
51249;1370;979;1752;3424;3198
51289;1370;979;1752;3410;3249
51319;1371;979;1752;3394;3332
51359;1373;979;1752;3407;3322
51399;1374;979;1752;3385;3381
51439;1374;979;1752;3383;3469
51469;1373;979;1752;3382;3479
51509;1373;979;1752;3393;3495
51549;1373;979;1752;3396;3486
51589;1373;979;1752;3395;3513
51619;1375;979;1752;3392;3540
51659;1377;979;1752;3398;3518
51699;1378;979;1752;3406;3464
51739;1379;979;1752;3431;3395
51769;1379;979;1752;3453;3350
51809;1379;979;1752;3475;3274
51849;1378;979;1752;3546;3100
51889;1376;979;1751;3569;2915
51919;1375;980;1751;3558;2910
51959;1375;980;1752;3547;2885
51999;1375;980;1752;3525;2845
52039;1375;980;1752;3504;2864
52069;1374;980;1752;3503;2875
52109;1374;980;1752;3504;2895
52149;1374;980;1752;3514;2899
52189;1374;980;1752;3502;2913
52219;1374;980;1752;3477;2943
52259;1375;980;1752;3445;3005
52299;1376;980;1752;3434;3070
52339;1375;980;1752;3428;3147
52369;1375;980;1751;3418;3163
52409;1376;980;1751;3424;3252
52449;1376;980;1751;3429;3288
52489;1376;980;1751;3436;3295
52519;1377;980;1752;3413;3401
52559;1378;980;1752;3403;3510
52599;1379;980;1752;3413;3465
52639;1380;980;1752;3420;3462
52669;1380;979;1752;3429;3447
52709;1380;979;1752;3428;3415
52749;1380;979;1752;3427;3428
52789;1380;979;1752;3432;3402
52819;1380;979;1752;3444;3382
52859;1380;979;1752;3449;3363
52899;1380;979;1752;3454;3347
52939;1380;979;1752;3462;3301
52969;1380;979;1752;3464;3283
53009;1380;979;1752;3467;3274
53049;1380;979;1752;3487;3229
53089;1380;979;1751;3508;3193
53119;1380;979;1752;3522;3153
53159;1380;979;1752;3543;3100
53199;1379;979;1752;3553;3062
53239;1377;979;1752;3566;3012
53269;1377;979;1752;3563;3007
53309;1377;979;1752;3551;3019
53349;1377;979;1752;3555;3022
53389;1377;979;1752;3550;3026
53419;1377;979;1752;3545;3027
53459;1377;979;1752;3530;3041
53499;1377;979;1752;3520;3063
53539;1377;979;1751;3516;3074
53569;1377;979;1751;3512;3086
53609;1377;979;1751;3510;3100
53649;1377;979;1752;3494;3132
53689;1377;979;1752;3487;3150
53719;1378;980;1752;3488;3157
53759;1378;980;1752;3468;3170
53799;1379;980;1752;3465;3193
53839;1379;980;1752;3467;3189
53869;1379;980;1752;3464;3199
53909;1379;980;1752;3462;3256
53949;1380;980;1752;3467;3286
53989;1379;980;1752;3471;3372
54019;1379;980;1752;3468;3356
54059;1379;980;1752;3478;3340
54099;1380;980;1752;3483;3319
54139;1380;980;1752;3490;3338
54169;1380;980;1752;3499;3353
54209;1380;980;1752;3502;3351
54249;1380;980;1752;3512;3358
54289;1380;980;1752;3515;3361
54319;1380;980;1752;3520;3368
54359;1380;980;1752;3524;3384
54399;1380;980;1752;3521;3383
54439;1380;980;1752;3522;3401
54469;1380;980;1752;3521;3406
54509;1379;980;1752;3519;3429
54549;1379;980;1752;3502;3527
54589;1380;980;1752;3492;3545
54619;1380;980;1752;3502;3597
54659;1383;980;1752;3511;3639
54699;1385;980;1752;3504;3627
54739;1386;980;1752;3501;3650
54769;1386;980;1752;3509;3621
54809;1386;980;1752;3508;3623
54849;1386;980;1752;3511;3617
54889;1386;980;1752;3512;3571
54919;1386;980;1752;3518;3550
54959;1387;980;1752;3532;3516
54999;1387;980;1752;3540;3485
55039;1387;980;1752;3538;3488
55069;1386;980;1752;3542;3489
55109;1386;980;1752;3542;3478
55149;1386;980;1752;3539;3475
55189;1386;980;1752;3543;3435
55219;1386;980;1752;3541;3441
55259;1386;980;1752;3542;3448
55299;1386;980;1752;3544;3428
55339;1386;980;1753;3540;3448
55369;1386;980;1752;3544;3435
55409;1386;980;1751;3547;3431
55449;1386;980;1751;3557;3421
55489;1386;980;1751;3589;3346
55519;1386;980;1752;3595;3308
55559;1386;980;1752;3585;3320
55579;1386;980;1752;3587;3318