
7989;1225;714;934;1901;1978
8099;1838;1071;1402;1901;1974
8109;2144;1249;1636;1903;1977
8139;2297;1339;1752;1898;1979
8179;2374;1384;1811;1897;1977
8199;2412;1406;1840;1901;1977
8209;2431;1417;1855;1902;1979
8249;2441;1423;1862;1899;1979
8259;2446;1426;1866;1902;1974
8289;2448;1427;1867;1903;1985
8329;2449;1427;1868;1905;1987
8359;2450;1428;1868;1906;1982
8399;2450;1428;1868;1901;1974
8439;2451;1428;1868;1907;1970
8479;2451;1428;1869;1907;1964
8509;2451;1428;1869;1909;1971
8549;2451;1428;1869;1909;1972
8589;2451;1428;1869;1909;1970
8629;2451;1428;1869;1911;1956
8659;2451;1428;1870;1912;1953
8699;2451;1428;1870;1912;1957
8739;2451;1428;1870;1910;1955
8779;2451;1428;1870;1910;1964
8809;2450;1427;1869;1911;1961
8849;2451;1426;1869;1909;1962
8889;2452;1426;1869;1911;1922
8929;2454;1426;1869;1911;1914
8959;2455;1426;1869;1912;1904
8999;2456;1427;1869;1910;1911
9039;2456;1427;1869;1912;1911
9079;2455;1427;1869;1912;1913
9109;2455;1426;1868;1911;1914
9149;2454;1426;1869;1916;1914
9189;2453;1426;1869;1915;1919
9229;2453;1426;1869;1913;1918
9259;2453;1425;1869;1912;1916
9299;2453;1425;1869;1914;1923
9339;2454;1425;1869;1912;1922
9379;2453;1425;1869;1914;1921
9409;2452;1425;1869;1915;1927
9449;2453;1425;1869;1914;1929
9489;2453;1425;1869;1918;1928
9519;2454;1425;1869;1914;1928
9529;2454;1426;1869;1915;1928
9559;2454;1426;1869;1916;1930
9599;2454;1426;1869;1916;1929
9639;2454;1426;1869;1917;1932
9679;2454;1426;1869;1915;1932
9709;2454;1426;1869;1915;1931
9749;2454;1426;1869;1919;1933
9789;2453;1426;1869;1920;1935
9829;2453;1426;1869;1917;1934
9859;2453;1426;1869;1916;1932
9899;2452;1426;1869;1914;1934
9939;2452;1424;1869;1922;1918
9979;2452;1421;1868;1922;1920
10009;2452;1420;1869;1918;1932
10049;2451;1420;1869;1915;1933
10089;2451;1419;1869;1915;1953
10129;2451;1419;1869;1923;2003
10159;2453;1416;1869;1923;2015
10199;2453;1402;1869;1928;2041
10239;2453;1403;1869;1928;2062
10279;2453;1401;1870;1929;2079
10309;2453;1402;1869;1933;2089
10349;2453;1396;1869;1933;2100
10389;2455;1386;1869;1935;2101
10429;2454;1398;1869;1934;2084
10459;2450;1408;1869;1932;2077
10499;2446;1417;1869;1932;2056
10539;2444;1420;1869;1933;2042
10579;2444;1421;1869;1933;2060
10609;2445;1420;1869;1934;2063
10649;2444;1412;1869;1935;2045
10689;2440;1406;1869;1937;2066
10729;2436;1401;1869;1939;2072
10759;2434;1401;1869;1936;2069
10799;2433;1402;1869;1939;2079
10839;2431;1403;1869;1940;2087
10879;2427;1403;1869;1941;2089
10909;2431;1403;1869;1942;2090
10949;2420;1400;1869;1940;2084
10989;2410;1392;1869;1939;2073
11029;2402;1385;1870;1941;2071
11059;2396;1382;1870;1937;2077
11099;2401;1377;1870;1938;2077
11139;2397;1369;1869;1938;2083
11179;2389;1365;1869;1939;2073
11209;2384;1360;1869;1940;2068
11249;2380;1349;1869;1940;2066
11289;2370;1341;1869;1942;2077
11329;2361;1327;1869;1941;2085
11359;2361;1290;1870;1944;2086
11399;2353;1306;1870;1945;2087
11439;2346;1320;1870;1946;2088
11479;2339;1323;1869;1944;2086
11509;2335;1321;1869;1947;2084
11549;2330;1321;1869;1951;2084
11589;2322;1309;1868;1946;2081
11629;2317;1304;1868;1943;2062
11659;2312;1292;1868;1944;2040
11699;2305;1283;1869;1945;2042
11739;2295;1275;1869;1946;2045
11779;2290;1269;1869;1949;2065
11809;2284;1263;1869;1956;2070
11849;2276;1259;1867;1956;2079
11889;2277;1258;1868;1958;2086
11929;2267;1256;1868;1959;2101
11959;2257;1254;1867;1959;2104
11999;2249;1253;1866;1959;2119
12039;2244;1251;1866;1960;2119
12079;2233;1249;1865;1964;2120
12109;2225;1245;1863;1964;2123
12149;2219;1240;1861;1964;2117
12189;2206;1236;1859;1967;2121
12229;2198;1233;1858;1965;2128
12259;2194;1230;1855;1965;2131
12299;2189;1227;1852;1971;2134
12339;2181;1223;1849;1970;2136
12379;2174;1222;1848;1972;2136
12409;2164;1221;1847;1977;2142
12449;2161;1219;1846;1979;2139
12489;2151;1198;1843;1976;2143
12529;2142;1201;1839;1986;2157
12559;2074;1203;1836;1991;2168
12599;2040;1204;1833;1990;2168
12639;2018;1204;1827;1988;2183
12679;2002;1204;1824;1977;2192
12709;1987;1204;1821;1971;2201
12749;1978;1204;1820;1982;2190
12789;1974;1205;1818;2183;2355
12829;1966;1205;1816;2192;2353
12859;1946;1200;1815;2180;2344
12899;1943;1197;1814;2182;2359
12939;1937;1195;1811;2169;2352
12979;1926;1195;1807;2173;2361
13009;1918;1195;1803;2173;2364
13049;1911;1195;1800;2170;2379
13089;1902;1195;1797;2174;2372
13129;1895;1195;1793;2173;2377
13159;1885;1195;1789;2170;2392
13199;1874;1195;1783;2172;2401
13239;1865;1195;1781;2168;2440
13279;1855;1195;1774;2172;2456
13309;1846;1195;1768;2182;2441
13349;1836;1195;1765;2192;2435
13389;1830;1194;1764;2194;2432
13429;1821;1189;1763;2200;2439
13459;1810;1180;1760;2196;2440
13499;1795;1176;1759;2195;2448
13539;1787;1176;1758;2198;2448
13579;1779;1179;1753;2200;2451
13609;1774;1178;1750;2200;2447
13649;1766;1171;1749;2197;2470
13689;1760;1165;1748;2202;2486
13729;1746;1162;1745;2197;2505
13759;1727;1161;1743;2200;2506
13799;1725;1159;1740;2202;2504
13839;1686;1157;1738;2200;2501
13879;1647;1153;1734;2209;2532
13909;1631;1148;1728;2209;2543
13949;1603;1141;1724;2200;2527
13989;1566;1140;1722;2205;2543
14029;1549;1137;1721;2209;2549
14059;1534;1133;1721;2202;2555
14099;1521;1130;1720;2204;2552
14139;1508;1122;1720;2204;2547
14179;1494;1118;1720;2206;2580
14209;1484;1115;1717;2214;2591
14249;1478;1114;1711;2207;2617
14289;1475;1113;1705;2385;2818
14329;1466;1113;1700;2396;2843
14359;1461;1113;1695;2401;2857
14399;1453;1111;1693;2406;2861
14439;1442;1110;1690;2410;2864
14479;1430;1107;1686;2408;2870
14509;1423;1104;1683;2413;2866
14549;1414;1097;1682;2406;2849
14589;1403;1093;1681;2412;2862
14629;1392;1091;1678;2408;2898
14659;1387;1090;1674;2411;2945
14699;1377;1089;1665;2417;2967
14739;1372;1087;1659;2412;2949
14779;1359;1077;1656;2404;2926
14809;1350;1073;1655;2406;2920
14839;1342;1070;1654;2407;2901
14849;1336;1066;1654;2407;2911
14879;1330;1063;1653;2410;2905
14919;1322;1062;1650;2400;2886
14959;1310;1061;1642;2387;2877
14999;1305;1061;1634;2378;2874
15039;1298;1061;1627;2382;2853
15079;1291;1061;1621;2378;2856
15109;1282;1061;1618;2371;2860
15149;1273;1061;1614;2376;2869
15189;1262;1061;1608;2372;2864
15229;1254;1060;1599;2373;2863
15259;1246;1060;1593;2365;2867
15299;1241;1060;1586;2374;2894
15339;1234;1059;1579;2375;2905
15379;1222;1054;1575;2374;2901
15409;1213;1050;1571;2373;2898
15449;1206;1046;1566;2380;2895
15489;1199;1043;1562;2385;2869
15529;1191;1043;1559;2386;2868
15559;1184;1043;1558;2382;2869
15599;1177;1043;1554;2376;2860
15639;1171;1036;1549;2374;2874
15679;1162;1032;1543;2372;2880
15709;1156;1030;1538;2370;2886
15749;1151;1025;1533;2367;2896
15789;1141;1026;1528;2365;2899
15829;1134;1026;1524;2372;2898
15859;1130;1023;1522;2368;2898
15899;1124;1022;1519;2369;2908
15939;1118;1020;1516;2376;2918
15979;1113;1018;1511;2371;2928
16009;1107;1015;1508;2372;2941
16049;1103;1012;1503;2370;2944
16089;1096;1008;1499;2369;2929
16129;1089;1004;1498;2368;2945
16159;1083;1000;1497;2370;2952
16199;1077;995;1495;2370;2963
16239;1075;993;1493;2370;2964
16279;1072;991;1491;2372;2978
16309;1068;989;1487;2370;2986
16349;1059;982;1486;2368;2993
16389;1052;979;1485;2370;2989
16429;1047;978;1483;2375;3002
16459;1044;977;1482;2371;3012
16499;1040;976;1479;2368;3011
16539;1035;975;1476;2361;3022
16579;1031;973;1474;2364;3036
16609;1029;971;1471;2361;3053
16649;1027;969;1469;2357;3065
16689;1020;965;1465;2357;3056
16729;1017;960;1464;2361;3075
16759;1013;957;1463;2356;3083
16799;1010;953;1462;2358;3091
16839;1007;950;1462;2352;3093
16879;1003;947;1461;2350;3111
16909;998;945;1460;2350;3114
16949;993;943;1459;2353;3121
16989;992;941;1458;2351;3123
17029;990;940;1458;2350;3139
17059;987;939;1456;2348;3142
17099;985;938;1453;2343;3138
17139;984;936;1452;2348;3145
17179;981;934;1451;2349;3147
17209;979;932;1450;2357;3155
17249;976;930;1449;2358;3163
17289;975;928;1448;2358;3172
17329;975;927;1448;2359;3173
17359;975;927;1448;2359;3173
17399;975;926;1448;2358;3172
17439;975;926;1448;2361;3171
17479;975;925;1448;2360;3171
17509;974;924;1447;2366;3182
17549;973;923;1447;2360;3191
17589;973;921;1447;2366;3202
17629;972;919;1447;2474;3356
17659;970;917;1448;2482;3371
17699;968;916;1448;2485;3373
17739;967;915;1448;2487;3366
17779;966;915;1448;2487;3359
17809;966;915;1448;2482;3357
17849;965;914;1448;2488;3351
17889;965;914;1447;2488;3346
17929;965;914;1447;2486;3344
17959;965;914;1447;2485;3341
17999;965;914;1447;2483;3335
18039;965;914;1447;2484;3335
18079;966;914;1447;2484;3332
18109;966;914;1447;2490;3329
18149;966;914;1447;2491;3326
18189;966;914;1447;2487;3323
18229;965;914;1447;2488;3320
18259;966;914;1447;2487;3322
18299;965;914;1448;2482;3319
18339;965;914;1448;2481;3316
18379;965;914;1448;2485;3313
18409;965;914;1448;2497;3315
18449;965;914;1447;2503;3268
18489;965;914;1447;2506;3199
18529;965;914;1447;2511;3141
18559;965;914;1447;2506;3083
18599;965;914;1447;2504;3037
18639;965;914;1447;2510;2927
18679;965;914;1447;2511;2785
18709;965;914;1447;2516;2680
18719;966;914;1447;2515;2645
18759;966;914;1447;2500;2565
18799;967;914;1447;2507;2507
18839;968;914;1447;2498;2446
18919;970;915;1447;2496;2332
18959;970;915;1447;2501;2313
18999;970;915;1447;2513;2294
19039;971;915;1447;2522;2282
19079;971;915;1447;2529;2265
19119;971;915;1447;2529;2259
19159;971;915;1447;2537;2247
19199;971;915;1447;2545;2240
19239;972;915;1447;2556;2229
19279;973;915;1448;2565;2228
19309;972;915;1448;2574;2229
19349;971;915;1448;2579;2211
19389;970;915;1448;2589;2202
19429;971;915;1448;2596;2190
19459;974;915;1448;2613;2173
19499;979;915;1448;2632;2136
19539;982;915;1448;2637;2117
19579;990;915;1448;2647;2108
19609;994;915;1448;2650;2105
19629;1000;915;1447;2649;2101
19649;1005;915;1447;2649;2097
19689;1011;915;1447;2656;2097
19729;1018;915;1447;2654;2091
19759;1021;915;1448;2657;2094
19799;1029;915;1448;2662;2087
19839;1033;915;1448;2669;2079
19879;1038;915;1448;2667;2084
19909;1045;915;1448;2683;2074
19949;1054;915;1447;2686;2052
19989;1063;915;1448;2711;2040
20029;1068;915;1448;2711;2049
20059;1073;915;1448;2708;2057
20099;1078;915;1448;2710;2056
20139;1088;915;1448;2705;2064
20179;1096;915;1448;2707;2065
20209;1104;915;1448;2709;2071
20249;1110;915;1448;2706;2079
20289;1120;915;1449;2709;2079
20329;1125;915;1450;2705;2076
20359;1135;915;1451;2704;2081
20399;1142;915;1454;2703;2084
20439;1149;915;1457;2699;2086
20479;1158;915;1460;2707;2079
20509;1164;915;1462;2705;2077
20549;1172;915;1464;2706;2078
20589;1178;915;1468;2713;2077
20629;1185;915;1470;2712;2075
20659;1193;915;1473;2713;2070
20699;1199;915;1476;2710;2075
20739;1211;915;1479;2712;2077
20779;1222;915;1484;2715;2070
20809;1228;915;1489;2715;2076
20849;1239;915;1493;2710;2079
20889;1244;915;1496;2708;2080
20929;1254;915;1500;2714;2072
20959;1264;916;1504;2716;2060
20999;1271;916;1507;2709;2046
21039;1281;916;1510;2702;2039
21079;1291;916;1514;2708;2040
21109;1296;916;1518;2705;2039
21149;1303;916;1520;2713;2040
21189;1312;916;1524;2702;2040
21229;1322;916;1527;2706;2052
21259;1329;916;1531;2710;2058
21299;1339;916;1536;2711;2054
21339;1351;916;1541;2708;2043
21379;1361;916;1547;2713;2040
21409;1371;916;1551;2707;2041
21449;1376;916;1556;2706;2042
21489;1390;916;1563;2696;2042
21529;1403;916;1568;2701;2040
21559;1413;916;1574;2696;2037
21599;1420;915;1587;2701;2036
21639;1432;915;1598;2698;2034
21679;1441;915;1610;2707;2037
21709;1446;915;1618;2717;2034
21749;1461;915;1632;2717;2039
21789;1467;915;1643;2715;2037
21829;1473;915;1655;2712;2034
21859;1479;915;1665;2709;2025
21899;1488;916;1675;2713;2025
21939;1498;916;1686;2722;2019
21979;1506;916;1696;2725;2010
22009;1514;916;1706;2726;2007
22049;1522;916;1713;2713;1996
22089;1563;916;1719;2713;1997
22129;1586;916;1728;2720;1984
22159;1598;915;1735;2729;1986
22199;1629;915;1741;2717;1998
22239;1665;920;1746;2688;2011
22279;1704;924;1749;2674;2004
22309;1726;932;1751;2681;2024
22349;1738;939;1753;2668;2026
22389;1733;944;1755;2680;2025
22429;1754;950;1756;2675;2016
22459;1758;956;1758;2682;1999
22499;1774;962;1760;2673;2001
22539;1785;965;1761;2678;2007
22579;1798;969;1770;2674;2023
22609;1805;973;1772;2680;2019
22649;1814;974;1773;2676;2017
22689;1827;977;1776;2672;2032
22729;1839;981;1779;2685;2032
22759;1848;986;1781;2683;2044
22799;1856;989;1781;2691;2044
22839;1869;997;1780;2681;2050
22879;1881;1002;1783;2682;2034
22909;1887;1008;1788;2674;2036
22949;1899;1016;1793;2665;2040
22989;1907;1022;1796;2664;2038
23029;1917;1033;1799;2644;2028
23059;1925;1039;1801;2635;2029
23099;1928;1042;1802;2633;2027
23139;1944;1046;1804;2634;2028
23179;1957;1053;1804;2645;2021
23209;1963;1058;1804;2634;2029
23249;1968;1064;1802;2645;2028
23289;1977;1068;1802;2653;2025
23329;1989;1072;1805;2654;2004
23359;1999;1077;1808;2656;2000
23399;2005;1081;1811;2653;1998
23429;2012;1083;1814;2647;2002
23469;2016;1085;1817;2648;1993
23509;2084;1086;1823;2649;1993
23549;2122;1089;1825;2646;1990
23589;2145;1091;1827;2642;1993
23629;2164;1096;1828;2641;1999
23659;2175;1100;1830;2647;1993
23699;2181;1102;1835;2645;2001
23739;2188;1104;1837;2648;2008
23779;2201;1107;1840;2650;2018
23809;2208;1111;1842;2649;2015
23849;2217;1113;1843;2646;2009
23889;2227;1119;1844;2634;2024
23929;2234;1125;1845;2638;2029
23959;2241;1133;1845;2622;2035
23999;2249;1136;1844;2617;2036
24039;2258;1147;1844;2622;2033
24079;2265;1153;1844;2621;2020
24109;2272;1155;1844;2626;2011
24149;2278;1160;1844;2627;2016
24189;2281;1162;1844;2629;2009
24229;2287;1170;1845;2633;2009
24259;2295;1174;1847;2640;1995
24299;2300;1176;1848;2641;1989
24339;2305;1177;1850;2644;1987
24379;2311;1178;1851;2647;1988
24409;2316;1180;1852;2642;1987
24449;2321;1179;1852;2647;1989
24489;2325;1174;1852;2643;1990
24529;2330;1173;1853;2645;1992
24559;2335;1172;1853;2649;1988
24599;2337;1171;1852;2655;1974
24639;2342;1173;1853;2654;1976
24679;2351;1174;1857;2659;1985
24709;2352;1176;1860;2653;1977
24749;2359;1180;1861;2654;1977
24789;2365;1187;1863;2651;1990
24829;2371;1191;1864;2652;1983
24859;2372;1193;1864;2654;1983
24899;2374;1195;1865;2651;1986
24939;2376;1196;1866;2653;1983
24979;2379;1197;1866;2651;1976
25009;2379;1197;1867;2656;1977
25049;2379;1197;1867;2655;1973
25089;2379;1197;1868;2656;1975
25129;2381;1197;1869;2657;1961
25159;2387;1198;1870;2657;1960
25199;2394;1198;1871;2660;1961
25239;2393;1197;1873;2658;1957
25279;2391;1198;1873;2662;1953
25309;2389;1198;1872;2663;1959
25349;2388;1198;1871;2662;1951
25389;2388;1198;1872;2662;1951
25429;2390;1198;1873;2661;1948
25459;2395;1198;1875;2660;1949
25499;2399;1198;1876;2661;1947
25539;2400;1198;1877;2662;1945
25579;2400;1198;1878;2662;1945
25609;2402;1198;1879;2664;1948
25649;2405;1198;1880;2661;1946
25689;2409;1198;1881;2665;1942
25729;2408;1198;1882;2665;1940
25759;2408;1198;1882;2665;1941
25799;2408;1198;1882;2665;1940
25839;2411;1198;1882;2660;1937
25879;2420;1198;1883;2662;1941
25909;2423;1199;1883;2657;1943
25949;2426;1199;1884;2662;1935
25989;2427;1203;1885;2651;1947
26029;2429;1205;1886;2660;1938
26059;2429;1207;1887;2662;1941
26099;2429;1207;1889;2659;1942
26139;2430;1207;1889;2659;1944
26179;2429;1208;1890;2659;1945
26209;2429;1208;1890;2659;1944
26249;2429;1208;1890;2657;1947
26289;2429;1209;1890;2656;1949
26329;2429;1209;1890;2658;1949
26359;2428;1209;1891;2656;1950
26399;2428;1209;1891;2655;1950
26439;2428;1208;1891;2656;1953
26479;2428;1208;1891;2654;1959
26509;2428;1208;1890;2657;1954
26549;2428;1208;1891;2657;1959
26589;2429;1208;1891;2658;1959
26629;2429;1208;1891;2655;1960
26659;2429;1208;1891;2655;1959
26699;2428;1208;1891;2656;1960
26739;2428;1208;1891;2656;1959
26779;2427;1208;1891;2655;1961
26809;2427;1208;1891;2656;1960
26849;2427;1209;1891;2655;1962
26889;2427;1209;1891;2656;1962
26929;2427;1209;1891;2656;1962
26959;2427;1209;1891;2654;1962
26999;2428;1209;1891;2651;1963
27039;2428;1209;1891;2652;1964
27079;2428;1209;1891;2650;1963
27109;2428;1209;1891;2651;1962
27149;2428;1209;1891;2653;1963
27189;2428;1209;1892;2652;1964
27229;2428;1209;1892;2652;1964
27259;2428;1209;1892;2648;1965
27309;2428;1209;1892;2649;1964
27349;2428;1209;1892;2646;1963
27409;2428;1209;1892;2647;1965
27449;2429;1209;1892;2673;1939
27489;2430;1209;1892;2668;1941
27529;2430;1209;1892;2670;1935
27559;2430;1209;1892;2669;1933
27599;2430;1209;1892;2671;1940
27639;2430;1209;1892;2670;1940
27679;2429;1209;1892;2666;1940
27709;2429;1209;1891;2668;1941
27749;2430;1209;1891;2666;1941
27789;2430;1209;1891;2667;1941
27829;2429;1209;1891;2665;1941
27859;2429;1209;1891;2652;1957
27899;2429;1209;1891;2625;1990
27939;2428;1209;1891;2583;2038
27979;2429;1209;1891;2564;2086
28009;2429;1208;1892;2548;2105
28049;2429;1209;1892;2539;2127
28089;2429;1209;1892;2531;2141
28129;2429;1209;1892;2528;2143
28159;2429;1209;1892;2530;2143
28199;2429;1209;1891;2530;2137
28239;2429;1209;1891;2532;2139
28279;2428;1209;1891;2534;2140
28309;2428;1209;1891;2533;2141
28349;2428;1209;1891;2533;2140
28389;2427;1209;1892;2536;2138
28429;2427;1209;1892;2534;2140
28459;2428;1209;1892;2537;2138
28499;2428;1209;1892;2537;2138
28539;2428;1209;1892;2537;2138
28579;2428;1209;1892;2536;2139
28609;2428;1209;1892;2534;2140
28649;2428;1209;1891;2535;2139
28689;2428;1209;1892;2535;2137
28729;2428;1209;1892;2535;2138
28759;2428;1209;1892;2534;2138
28799;2428;1209;1892;2535;2136
28839;2428;1209;1892;2535;2138
28879;2428;1209;1891;2535;2138
28909;2428;1209;1891;2536;2139
28949;2429;1209;1891;2533;2137
28989;2429;1209;1891;2535;2134
29029;2429;1209;1892;2536;2134
29059;2428;1209;1892;2535;2134
29099;2428;1209;1892;2535;2135
29139;2428;1209;1892;2537;2136
29179;2428;1209;1892;2538;2136
29209;2428;1209;1892;2538;2134
29249;2428;1209;1892;2536;2134
29289;2427;1209;1892;2536;2132
29329;2428;1209;1892;2535;2132
29359;2428;1209;1892;2535;2133
29399;2428;1209;1892;2533;2132
29439;2427;1209;1892;2534;2134
29479;2428;1209;1892;2534;2133
29509;2428;1209;1892;2534;2135
29549;2428;1209;1892;2532;2135
29589;2428;1209;1892;2534;2135
29629;2429;1209;1892;2533;2134
29659;2428;1209;1892;2535;2135
29699;2428;1209;1892;2534;2136
29739;2428;1209;1892;2531;2136
29779;2427;1209;1892;2532;2137
29809;2427;1209;1892;2530;2136
29849;2428;1209;1892;2532;2136
29889;2428;1209;1892;2531;2137
29929;2428;1209;1892;2532;2136
29959;2428;1209;1892;2530;2137
29999;2428;1209;1891;2529;2136
30039;2428;1209;1891;2528;2137
30079;2428;1209;1891;2529;2138
30109;2428;1209;1891;2531;2137
30149;2428;1209;1891;2530;2136
30189;2428;1209;1891;2531;2137
30229;2428;1209;1891;2529;2135
30259;2427;1209;1891;2531;2136
30299;2427;1209;1891;2531;2136
30339;2427;1209;1891;2532;2136
30379;2427;1209;1891;2532;2136
30409;2428;1209;1891;2534;2134
30449;2429;1209;1891;2534;2134
30489;2429;1209;1892;2535;2135
30529;2429;1209;1892;2534;2135
30559;2428;1209;1892;2536;2135
30599;2428;1208;1892;2535;2135
30639;2428;1208;1892;2533;2137
30679;2427;1209;1892;2535;2135
30709;2427;1209;1892;2534;2136
30749;2427;1209;1892;2530;2141
30789;2427;1209;1891;2532;2139
30829;2427;1209;1892;2548;2105
30859;2426;1209;1892;2575;2042
30899;2429;1209;1892;2606;1994
30939;2431;1209;1892;2614;1965
30979;2431;1209;1892;2631;1948
31009;2431;1209;1892;2633;1942
31049;2431;1209;1892;2648;1940
31089;2430;1209;1892;2648;1945
31129;2430;1209;1892;2644;1946
31159;2430;1209;1892;2646;1946
31199;2430;1209;1892;2641;1948
31239;2430;1209;1892;2643;1947
31279;2429;1209;1892;2643;1949
31309;2429;1209;1891;2643;1948
31349;2429;1209;1891;2643;1949
31389;2429;1209;1892;2643;1949
31429;2429;1209;1892;2641;1949
31459;2429;1209;1891;2641;1950
31499;2428;1209;1891;2645;1950
31539;2429;1209;1892;2646;1948
31579;2429;1209;1892;2644;1949
31609;2429;1209;1892;2643;1949
31649;2430;1209;1892;2642;1950
31689;2430;1209;1892;2643;1948
31729;2430;1209;1892;2641;1948
31759;2430;1209;1892;2641;1948
31799;2430;1209;1892;2644;1947
31839;2431;1209;1892;2642;1947
31879;2430;1209;1892;2642;1945
31909;2430;1209;1892;2654;1932
31949;2430;1209;1892;2648;1930
31989;2430;1209;1892;2644;1930
32029;2430;1209;1891;2649;1933
32059;2430;1209;1892;2608;1965
32099;2429;1209;1892;2569;2031
32139;2430;1209;1892;2542;2090
32179;2432;1208;1892;2530;2136
32209;2432;1208;1892;2515;2161
32249;2431;1208;1892;2509;2176
32289;2431;1209;1892;2496;2191
32329;2430;1209;1892;2495;2202
32359;2430;1209;1892;2492;2209
32399;2430;1209;1891;2491;2213
32439;2429;1209;1891;2493;2214
32479;2429;1209;1891;2491;2219
32509;2428;1209;1892;2486;2222
32549;2428;1209;1892;2489;2226
32589;2428;1209;1892;2488;2230
32629;2429;1209;1891;2488;2229
32659;2430;1209;1891;2488;2242
32699;2430;1209;1891;2489;2246
32739;2432;1209;1889;2490;2252
32779;2432;1209;1888;2489;2251
32809;2428;1209;1888;2484;2261
32849;2423;1209;1887;2488;2260
32889;2416;1209;1887;2474;2274
32929;2409;1209;1887;2466;2289
32959;2399;1209;1886;2460;2298
32999;2393;1209;1886;2465;2311
33039;2397;1209;1886;2464;2314
33079;2394;1209;1887;2464;2315
33109;2387;1209;1887;2462;2319
33149;2383;1209;1886;2461;2321
33189;2379;1209;1886;2462;2322
33259;2370;1209;1887;2459;2326
33299;2362;1209;1887;2458;2326
33339;2355;1209;1887;2457;2327
33379;2346;1209;1887;2456;2328
33409;2343;1209;1887;2454;2335
33449;2337;1209;1887;2454;2330
33489;2334;1209;1887;2455;2331
33529;2329;1209;1887;2456;2331
33559;2326;1209;1888;2452;2334
33599;2319;1209;1888;2453;2335
33639;2313;1209;1887;2453;2334
33679;2309;1209;1887;2448;2333
33709;2298;1206;1887;2450;2329
33749;2290;1201;1887;2450;2326
33789;2285;1193;1887;2455;2326
33829;2276;1182;1887;2453;2323
33859;2272;1175;1887;2454;2328
33899;2263;1175;1887;2453;2329
33939;2258;1177;1887;2455;2328
33979;2249;1177;1887;2450;2328
34009;2245;1174;1887;2448;2331
34039;2237;1170;1888;2453;2330
34079;2226;1167;1888;2455;2333
34119;2222;1164;1888;2452;2334
34159;2211;1161;1889;2451;2334
34199;2201;1159;1888;2452;2334
34239;2196;1157;1888;2452;2337
34279;2190;1156;1888;2454;2340
34309;2183;1156;1888;2452;2340
34349;2177;1156;1888;2450;2343
34389;2163;1156;1888;2453;2347
34429;2162;1156;1889;2451;2347
34459;2155;1156;1888;2456;2355
34499;2143;1156;1888;2452;2356
34539;2076;1156;1888;2448;2357
34579;2042;1153;1887;2451;2365
34609;2017;1144;1886;2450;2368
34649;2002;1141;1887;2452;2369
34689;1986;1140;1885;2446;2375
34729;1978;1138;1882;2448;2383
34759;1973;1138;1881;2452;2390
34799;1966;1138;1879;2451;2392
34839;1946;1138;1877;2450;2395
34879;1941;1138;1874;2454;2394
34909;1934;1138;1872;2451;2396
34949;1925;1138;1869;2452;2401
34989;1917;1139;1865;2460;2407
35029;1909;1139;1857;2460;2414
35059;1902;1139;1854;2462;2415
35099;1895;1139;1851;2464;2416
35139;1878;1135;1849;2461;2402
35179;1869;1131;1847;2461;2419
35209;1862;1123;1847;2459;2423
35249;1852;1121;1847;2456;2425
35289;1843;1119;1841;2460;2426
35329;1835;1118;1837;2455;2433
35359;1828;1117;1835;2464;2437
35399;1817;1115;1830;2461;2434
35439;1803;1113;1825;2463;2437
35479;1793;1112;1822;2463;2451
35509;1784;1112;1821;2460;2439
35549;1777;1111;1816;2468;2456
35589;1764;1107;1811;2465;2449
35629;1764;1106;1807;2464;2462
35659;1753;1105;1804;2471;2468
35699;1743;1104;1802;2468;2471
35739;1716;1103;1795;2462;2465
35779;1708;1103;1789;2464;2467
35809;1673;1103;1783;2462;2472
35849;1635;1098;1779;2464;2470
35889;1616;1094;1776;2460;2484
35929;1571;1092;1776;2462;2486
35959;1549;1091;1774;2463;2491
35999;1536;1091;1770;2463;2490
36039;1524;1091;1767;2465;2501
36079;1515;1091;1762;2459;2516
36109;1501;1091;1759;2461;2513
36149;1493;1090;1753;2457;2516
36189;1483;1089;1750;2458;2528
36229;1480;1087;1748;2457;2522
36259;1470;1086;1745;2459;2526
36299;1463;1085;1743;2455;2526
36339;1455;1081;1740;2448;2537
36379;1442;1078;1734;2446;2544
36409;1433;1073;1728;2442;2534
36449;1425;1072;1725;2429;2537
36489;1417;1072;1722;2422;2548
36529;1407;1072;1718;2420;2535
36599;1395;1072;1710;2415;2545
36639;1381;1072;1703;2416;2560
36679;1376;1072;1696;2416;2571
36709;1366;1072;1693;2410;2575
36749;1355;1072;1687;2406;2565
36789;1344;1072;1682;2399;2576
36829;1334;1072;1677;2397;2575
36859;1326;1072;1670;2405;2575
36899;1314;1068;1663;2406;2571
36939;1308;1064;1658;2410;2605
36979;1301;1060;1655;2415;2618
37009;1293;1056;1652;2408;2624
37049;1284;1054;1647;2405;2629
37089;1276;1052;1640;2398;2630
37129;1266;1051;1634;2397;2635
37159;1259;1050;1627;2389;2645
37199;1251;1049;1621;2383;2644
37239;1244;1048;1617;2383;2637
37279;1238;1045;1615;2384;2648
37309;1231;1045;1613;2370;2653
37349;1219;1045;1610;2365;2654
37389;1211;1045;1603;2362;2663
37429;1204;1044;1596;2361;2668
37459;1198;1039;1590;2357;2668
37499;1190;1031;1585;2364;2673
37539;1181;1029;1581;2358;2683
37579;1175;1028;1576;2352;2691
37609;1170;1028;1572;2345;2688
37649;1162;1027;1565;2337;2695
37689;1155;1027;1558;2319;2690
37729;1150;1027;1552;2308;2696
37759;1143;1025;1546;2309;2714
37799;1135;1024;1539;2312;2724
37839;1131;1024;1533;2315;2738
37879;1123;1019;1528;2312;2736
37909;1119;1016;1525;2303;2760
37949;1115;1013;1523;2295;2798
37989;1107;1010;1522;2287;2822
38029;1102;1007;1520;2273;2838
38059;1101;1004;1517;2273;2858
38099;1095;1003;1515;2267;2866
38139;1090;1002;1511;2263;2884
38179;1083;1002;1509;2259;2902
38209;1078;999;1506;2258;2906
38249;1075;995;1502;2252;2914
38289;1073;992;1499;2250;2928
38329;1069;990;1498;2249;2940
38359;1063;987;1496;2249;2954
38399;1055;983;1495;2249;2948
38439;1049;980;1492;2250;2957
38479;1044;979;1490;2246;2965
38509;1041;978;1487;2249;2966
38549;1037;977;1485;2243;2974
38589;1033;975;1483;2243;2977
38629;1029;973;1480;2238;2991
38659;1027;972;1478;2229;2990
38699;1025;971;1475;2222;2999
38739;1022;969;1472;2206;2998
38779;1018;968;1467;2197;3005
38809;1014;965;1465;2190;3000
38849;1011;961;1464;2184;3013
38889;1008;958;1462;2179;3018
38929;1002;956;1460;2174;3024
38959;996;955;1457;2175;3024
38999;992;955;1454;2169;3033
39039;990;954;1452;2166;3039
39079;990;951;1450;2165;3042
39109;989;950;1449;2162;3043
39149;987;950;1448;2154;3047
39189;984;950;1447;2154;3054
39229;983;948;1447;2149;3050
39259;981;946;1446;2152;3053
39299;979;945;1444;2147;3056
39339;977;944;1442;2145;3056
39379;976;943;1441;2145;3051
39409;975;942;1439;2147;3049
39449;975;941;1438;2146;3052
39489;975;941;1436;2148;3050
39529;975;941;1434;2145;3062
39559;974;940;1431;2140;3066
39599;973;939;1429;2144;3063
39639;972;938;1427;2140;3079
39679;970;936;1426;2144;3080
39709;969;935;1425;2144;3073
39749;968;934;1423;2149;3067
39789;967;933;1423;2151;3064
39829;967;933;1423;2153;3061
39859;967;933;1423;2156;3059
39899;967;933;1423;2160;3056
39939;967;933;1422;2162;3055
39979;966;932;1422;2163;3051
40009;967;932;1422;2160;3050
40049;967;932;1422;2162;3048
40089;967;933;1422;2162;3047
40129;967;933;1422;2163;3049
40159;967;933;1423;2162;3051
40199;966;933;1423;2163;3049
40239;966;933;1422;2165;3051
40279;967;933;1422;2165;3049
40309;966;933;1422;2166;3050
40349;966;933;1422;2158;3042
40389;966;933;1422;2158;3010
40429;966;933;1422;2175;2965
40459;966;933;1422;2186;2921
40499;966;933;1423;2199;2854
40539;967;933;1423;2222;2783
40579;967;933;1423;2250;2670
40609;967;933;1422;2272;2627
40649;966;933;1422;2282;2608
40689;966;933;1423;2313;2521
40729;966;933;1423;2353;2455
40759;967;933;1422;2393;2416
40799;967;933;1422;2393;2339
40839;967;933;1422;2399;2293
40879;968;933;1422;2406;2276
40909;967;934;1422;2406;2253
40949;967;934;1422;2413;2248
40989;967;934;1422;2416;2236
41029;967;934;1422;2414;2230
41059;967;934;1423;2420;2228
41099;967;934;1423;2428;2220
41139;967;934;1423;2443;2200
41179;966;934;1423;2453;2178
41209;966;934;1423;2456;2161
41249;966;934;1423;2471;2136
41289;966;934;1422;2481;2099
41329;965;934;1423;2497;2062
41359;965;934;1422;2496;2029
41399;965;934;1423;2508;2008
41419;965;934;1422;2507;2000
41469;966;935;1422;2518;1990
41509;969;935;1423;2533;1974
41599;976;935;1423;2561;1944
41629;980;935;1423;2569;1931
41669;984;935;1423;2577;1910
41709;992;935;1422;2588;1888
41749;1001;935;1423;2609;1853
41779;1006;935;1423;2617;1846
41819;1013;935;1423;2623;1843
41849;1019;935;1423;2628;1837
41889;1023;935;1423;2628;1830
41929;1028;936;1424;2625;1848
41959;1035;936;1424;2629;1859
41999;1044;936;1428;2636;1854
42039;1050;936;1434;2637;1853
42079;1061;936;1440;2632;1860
42109;1066;936;1444;2635;1862
42149;1073;936;1448;2634;1861
42189;1083;936;1452;2630;1866
42229;1091;936;1456;2610;1884
42259;1099;936;1459;2614;1887
42299;1107;936;1463;2616;1888
42339;1116;936;1468;2605;1889
42379;1122;936;1474;2603;1900
42409;1132;936;1478;2602;1903
42449;1141;936;1484;2602;1906
42489;1147;936;1490;2595;1905
42529;1157;936;1497;2594;1907
42559;1164;936;1502;2597;1914
42599;1171;936;1508;2585;1918
42639;1180;936;1511;2590;1921
42679;1189;936;1515;2597;1913
42709;1195;936;1518;2594;1916
42749;1202;936;1521;2584;1923
42789;1214;936;1526;2585;1914
42829;1225;936;1529;2589;1921
42859;1232;936;1532;2583;1922
42899;1238;936;1537;2588;1922
42939;1244;936;1544;2587;1916
42979;1255;936;1549;2590;1917
43009;1265;936;1554;2594;1916
43049;1274;936;1561;2591;1911
43089;1283;936;1567;2596;1910
43129;1292;936;1573;2596;1907
43159;1296;936;1579;2605;1907
43199;1304;936;1584;2602;1906
43239;1315;936;1588;2604;1905
43279;1323;936;1594;2606;1908
43309;1332;936;1598;2601;1911
43349;1340;936;1600;2587;1915
43389;1355;936;1603;2584;1915
43429;1362;936;1606;2585;1921
43459;1371;936;1608;2586;1919
43499;1378;936;1609;2587;1920
43539;1391;936;1609;2585;1917
43579;1401;936;1610;2587;1920
43609;1408;936;1612;2591;1921
43649;1419;936;1614;2588;1921
43689;1428;936;1616;2599;1924
43729;1441;936;1620;2581;1922
43759;1449;936;1623;2584;1919
43799;1457;936;1625;2594;1921
43839;1466;936;1631;2583;1919
43879;1472;936;1642;2603;1916
43909;1483;936;1649;2600;1914
43949;1489;936;1662;2599;1913
43989;1495;936;1672;2605;1909
44029;1507;936;1681;2613;1907
44059;1520;936;1690;2613;1908
44099;1520;936;1697;2612;1906
44139;1564;936;1708;2613;1906
44179;1590;936;1715;2619;1906
44209;1593;936;1722;2614;1907
44249;1623;937;1731;2610;1901
44289;1670;936;1736;2617;1903
44329;1703;937;1741;2611;1903
44359;1725;937;1746;2602;1900
44399;1738;937;1752;2616;1895
44439;1744;937;1758;2612;1890
44479;1759;937;1766;2606;1889
44509;1768;937;1770;2610;1888
44549;1768;938;1775;2598;1895
44589;1782;941;1778;2593;1898
44629;1791;945;1781;2592;1902
44659;1804;947;1785;2595;1900
44699;1813;948;1794;2589;1906
44739;1822;949;1802;2592;1904
44779;1833;950;1809;2588;1904
44809;1839;951;1813;2590;1902
44849;1851;959;1816;2575;1911
44889;1862;964;1818;2591;1908
44929;1869;969;1824;2580;1914
44959;1876;972;1826;2585;1911
44999;1884;974;1827;2589;1907
45039;1898;976;1829;2580;1912
45079;1910;978;1832;2588;1909
45109;1920;984;1836;2581;1913
45149;1931;988;1838;2588;1910
45189;1940;993;1844;2586;1908
45229;1953;999;1847;2578;1911
45259;1956;1002;1849;2582;1909
45299;1963;1004;1853;2582;1908
45339;1969;1005;1859;2581;1909
45379;1979;1007;1864;2588;1906
45409;1990;1009;1869;2586;1907
45449;1994;1016;1871;2572;1916
45489;2007;1021;1872;2583;1904
45529;2015;1024;1872;2575;1911
45559;2024;1025;1872;2580;1906
45599;2089;1033;1874;2579;1904
45639;2127;1039;1875;2579;1906
45679;2147;1041;1878;2576;1907
45709;2162;1043;1881;2570;1912
45749;2171;1046;1882;2571;1902
45789;2179;1049;1884;2571;1907
45829;2190;1055;1885;2573;1903
45859;2199;1059;1887;2568;1904
45899;2206;1063;1889;2578;1903
45939;2213;1067;1891;2568;1907
45979;2225;1068;1892;2581;1902
46009;2232;1070;1894;2580;1900
46049;2237;1077;1896;2576;1901
46089;2245;1081;1898;2579;1899
46129;2250;1085;1898;2572;1902
46159;2255;1088;1897;2582;1900
46199;2262;1090;1896;2579;1901
46239;2270;1094;1896;2582;1899
46279;2274;1097;1897;2585;1896
46309;2278;1102;1898;2580;1899
46349;2282;1105;1899;2582;1895
46389;2290;1106;1900;2582;1894
46429;2297;1110;1902;2578;1896
46459;2300;1111;1903;2581;1894
46499;2304;1112;1903;2583;1892
46539;2308;1112;1903;2582;1892
46579;2313;1113;1903;2583;1894
46609;2317;1114;1904;2581;1891
46649;2322;1117;1905;2585;1890
46729;2333;1122;1906;2585;1892
46759;2339;1125;1907;2585;1890
46799;2344;1127;1909;2585;1889
46839;2345;1128;1911;2587;1890
46879;2345;1130;1912;2585;1889
46909;2347;1133;1912;2600;1886
46949;2350;1134;1913;2588;1886
46989;2353;1137;1916;2581;1906
47029;2357;1138;1919;2598;1889
47059;2360;1139;1921;2601;1883
47099;2365;1140;1921;2597;1883
47139;2371;1140;1923;2596;1868
47179;2375;1140;1924;2543;1849
47209;2377;1146;1925;2527;1860
47249;2378;1151;1925;2543;1847
47289;2382;1153;1926;2545;1845
47329;2389;1154;1926;2515;1841
47359;2391;1155;1927;2509;1852
47399;2396;1157;1928;2513;1851
47439;2398;1158;1929;2523;1850
47479;2393;1161;1931;2510;1864
47509;2390;1163;1933;2522;1852
47549;2391;1164;1933;2536;1845
47589;2393;1165;1935;2529;1845
47629;2397;1165;1937;2539;1828
47659;2398;1165;1938;2557;1818
47699;2408;1165;1938;2543;1837
47739;2412;1165;1939;2566;1844
47779;2413;1165;1940;2596;1833
47809;2413;1165;1940;2608;1846
47849;2413;1168;1940;2586;1874
47889;2414;1169;1940;2620;1866
47929;2414;1171;1941;2641;1854
47959;2414;1173;1941;2628;1867
47999;2413;1175;1941;2624;1876
48039;2416;1177;1941;2632;1863
48079;2419;1179;1941;2630;1871
48109;2421;1181;1941;2628;1874
48149;2421;1182;1941;2628;1875
48189;2422;1182;1940;2627;1877
48229;2422;1182;1940;2622;1877
48259;2422;1183;1941;2623;1877
48299;2421;1183;1941;2623;1878
48339;2421;1183;1941;2622;1877
48379;2421;1183;1941;2620;1877
48409;2421;1183;1941;2620;1877
48449;2421;1183;1941;2622;1877
48489;2421;1183;1941;2623;1877
48529;2421;1183;1941;2621;1876
48559;2421;1182;1941;2621;1875
48599;2421;1182;1941;2624;1875
48639;2421;1182;1941;2622;1878
48679;2421;1182;1941;2619;1877
48709;2421;1182;1940;2619;1877
48749;2421;1183;1940;2619;1877
48789;2421;1183;1940;2619;1879
48829;2421;1183;1940;2619;1879
48859;2421;1183;1940;2619;1878
48899;2421;1183;1940;2619;1879
48939;2421;1183;1941;2618;1880
48979;2422;1183;1941;2618;1878
49009;2422;1182;1941;2619;1880
49049;2421;1182;1941;2618;1881
49089;2421;1182;1941;2620;1882
49129;2421;1182;1941;2620;1881
49159;2421;1182;1941;2620;1883
49199;2421;1182;1941;2618;1882
49239;2420;1182;1941;2618;1883
49279;2420;1182;1941;2618;1884
49309;2420;1182;1940;2618;1884
49349;2421;1182;1940;2619;1885
49389;2421;1182;1940;2620;1887
49429;2422;1182;1940;2620;1888
49459;2421;1182;1941;2618;1890
49499;2422;1182;1941;2619;1892
49539;2422;1182;1941;2619;1892
49579;2422;1182;1941;2619;1892
49609;2421;1182;1941;2622;1893
49649;2421;1182;1941;2620;1894
49689;2420;1182;1941;2621;1894
49729;2421;1182;1941;2622;1893
49759;2421;1182;1941;2621;1894
49799;2421;1182;1941;2621;1894
49839;2421;1183;1941;2624;1890
49879;2421;1183;1941;2619;1886
49909;2421;1183;1941;2621;1886
49949;2421;1183;1941;2613;1891
49989;2423;1183;1941;2594;1929
50029;2422;1183;1941;2539;1968
50059;2422;1183;1940;2505;2007
50099;2422;1182;1941;2479;2065
50139;2421;1182;1941;2457;2094
50179;2421;1182;1941;2434;2100
50209;2421;1182;1941;2431;2104
50249;2421;1182;1941;2431;2102
50289;2421;1182;1941;2432;2104
50329;2421;1182;1941;2432;2104
50359;2421;1182;1941;2434;2107
50399;2421;1182;1941;2435;2106
50439;2421;1183;1941;2436;2108
50479;2421;1183;1941;2435;2107
50509;2421;1182;1941;2437;2106
50549;2421;1182;1941;2438;2107
50589;2421;1183;1941;2438;2105
50629;2421;1183;1941;2440;2106
50659;2421;1183;1941;2439;2104
50699;2421;1183;1941;2438;2106
50739;2421;1183;1942;2438;2106
50779;2421;1183;1941;2437;2106
50809;2420;1183;1941;2438;2105
50849;2420;1183;1941;2439;2106
50889;2420;1183;1941;2440;2106
50929;2420;1183;1941;2441;2106
50959;2421;1183;1941;2440;2105
50999;2421;1183;1941;2440;2104
51039;2421;1183;1941;2440;2103
51079;2421;1183;1941;2440;2102
51109;2421;1183;1941;2441;2104
51149;2421;1183;1941;2440;2101
51189;2421;1183;1941;2439;2102
51229;2420;1183;1941;2440;2104
51259;2420;1183;1940;2438;2103
51299;2420;1183;1941;2439;2103
51339;2420;1183;1941;2439;2103
51379;2420;1183;1941;2440;2102
51409;2420;1183;1941;2439;2103
51449;2420;1183;1941;2438;2102
51489;2420;1183;1941;2440;2102
51529;2421;1183;1940;2441;2101
51559;2421;1183;1940;2440;2102
51599;2421;1183;1941;2441;2101
51639;2421;1183;1941;2440;2102
51679;2420;1183;1941;2441;2102
51709;2420;1183;1941;2441;2103
51749;2421;1183;1941;2440;2101
51789;2421;1183;1940;2443;2101
51829;2421;1183;1940;2443;2101
51859;2421;1183;1941;2440;2102
51899;2421;1183;1941;2442;2104
51939;2421;1183;1941;2442;2104
51979;2420;1183;1941;2443;2104
52009;2420;1183;1941;2442;2104
52049;2420;1183;1941;2444;2106
52089;2421;1183;1941;2443;2104
52129;2420;1183;1941;2443;2104
52159;2420;1183;1941;2445;2104
52199;2421;1182;1941;2442;2102
52239;2420;1182;1941;2439;2110
52279;2420;1183;1941;2438;2113
52309;2420;1183;1941;2438;2109
52349;2420;1183;1940;2456;2097
52389;2420;1183;1940;2471;2032
52429;2420;1183;1940;2507;1974
52459;2420;1183;1940;2530;1949
52499;2420;1183;1940;2543;1945
52539;2420;1183;1940;2541;1951
52579;2420;1183;1941;2545;1949
52609;2420;1183;1941;2546;1951
52649;2420;1183;1940;2546;1952
52689;2420;1183;1940;2545;1953
52729;2420;1183;1940;2545;1946
52769;2420;1183;1940;2556;1939
52809;2420;1183;1940;2560;1932
52849;2420;1182;1940;2561;1924
52879;2420;1182;1940;2572;1914
52919;2420;1182;1941;2583;1896
52959;2420;1182;1941;2587;1895
52999;2420;1182;1941;2587;1894
53029;2421;1182;1941;2586;1895
53069;2421;1182;1941;2589;1894
53109;2421;1182;1940;2588;1891
53149;2421;1182;1940;2589;1893
53179;2421;1182;1940;2586;1893
53209;2421;1182;1940;2587;1891
53239;2421;1182;1940;2584;1892
53279;2420;1182;1940;2586;1890
53319;2420;1182;1940;2587;1891
53359;2421;1183;1940;2584;1892
53399;2421;1183;1940;2586;1893
53439;2421;1183;1940;2585;1891
53479;2421;1183;1941;2586;1891
53509;2421;1183;1941;2588;1892
53549;2421;1183;1941;2587;1893
53589;2421;1183;1940;2587;1893
53629;2420;1182;1940;2588;1892
53659;2420;1183;1941;2587;1891
53699;2420;1183;1941;2585;1891
53739;2421;1183;1941;2585;1889
53809;2420;1183;1941;2588;1889
53849;2420;1183;1941;2586;1888
53889;2420;1183;1941;2588;1885
53929;2420;1183;1941;2588;1887
53959;2420;1183;1941;2586;1885
53999;2420;1183;1941;2587;1884
54039;2420;1183;1941;2586;1881
54079;2420;1183;1941;2585;1885
54109;2420;1182;1941;2580;1893
54149;2420;1182;1941;2547;1935
54189;2421;1183;1941;2503;2002
54229;2422;1183;1941;2473;2077
54259;2424;1183;1941;2441;2105
54299;2425;1183;1941;2413;2154
54339;2426;1183;1941;2410;2167
54379;2429;1183;1941;2411;2176
54419;2428;1183;1941;2412;2184
54459;2428;1183;1941;2412;2191
54499;2427;1183;1941;2412;2185
54529;2426;1183;1941;2415;2200
54569;2426;1183;1940;2414;2195
54609;2426;1183;1940;2414;2209
54649;2426;1182;1940;2407;2228
54679;2426;1182;1941;2404;2232
54719;2427;1183;1941;2405;2240
54759;2425;1183;1941;2402;2250
54799;2420;1183;1941;2397;2252
54829;2420;1183;1942;2399;2255
54869;2414;1183;1942;2401;2259
54909;2406;1183;1942;2400;2264
54949;2397;1182;1942;2397;2267
54979;2394;1182;1942;2395;2269
55019;2401;1182;1942;2394;2278
55059;2399;1183;1942;2393;2286
55099;2392;1183;1943;2393;2291
55129;2386;1183;1942;2387;2292
55169;2382;1183;1942;2393;2289
55209;2379;1183;1942;2390;2287
55249;2371;1183;1942;2394;2291
55279;2363;1183;1942;2391;2289
55319;2359;1183;1942;2393;2292
55359;2351;1183;1942;2395;2288
55399;2344;1183;1942;2399;2287
55429;2340;1183;1942;2396;2288
55469;2335;1183;1942;2391;2293
55509;2329;1183;1942;2392;2291
55549;2325;1183;1942;2390;2296
55579;2320;1182;1942;2390;2292
55609;2315;1183;1942;2391;2296
55649;2307;1183;1942;2391;2296
55689;2301;1183;1942;2388;2298
55729;2293;1183;1942;2387;2296
55759;2289;1183;1942;2386;2291
55799;2282;1183;1942;2387;2296
55839;2274;1183;1943;2388;2287
55879;2266;1183;1943;2391;2296
55909;2261;1182;1942;2389;2295
55949;2252;1183;1941;2391;2289
55989;2247;1183;1940;2387;2290
56029;2240;1183;1938;2388;2286
56059;2228;1181;1938;2389;2289
56099;2225;1180;1936;2386;2293
56139;2214;1173;1932;2387;2293
56179;2203;1168;1930;2380;2294
56209;2194;1166;1927;2380;2297
56249;2188;1165;1923;2378;2300
56289;2183;1164;1918;2378;2298
56329;2175;1163;1912;2374;2302
56369;2162;1163;1909;2373;2305
56409;2160;1163;1906;2371;2302
56449;2152;1160;1901;2373;2312
56479;2142;1158;1899;2374;2309
56519;2075;1157;1898;2374;2314
56559;2042;1146;1902;2371;2310
56599;2016;1141;1904;2371;2318
56629;1999;1140;1904;2370;2320
56669;1985;1135;1902;2367;2324
56709;1977;1132;1896;2367;2322
56749;1973;1132;1890;2368;2322
56779;1966;1132;1887;2365;2320
56809;1942;1132;1886;2369;2331
56849;1939;1132;1883;2368;2333
56889;1934;1133;1881;2369;2336
56929;1923;1131;1879;2366;2337
56959;1917;1129;1879;2367;2338
56999;1909;1121;1878;2369;2334
57079;1897;1116;1876;2364;2339
57169;1877;1114;1863;2366;2343
57229;1860;1114;1855;2366;2353
57269;1847;1114;1850;2372;2363
57309;1836;1114;1843;2368;2359
57349;1828;1113;1837;2376;2369
57379;1816;1112;1835;2376;2371
57419;1790;1110;1833;2376;2371
57459;1784;1106;1831;2374;2371
57499;1776;1104;1826;2372;2372
57529;1773;1101;1823;2369;2378
57569;1758;1097;1820;2370;2378
57609;1759;1094;1819;2366;2385
57649;1740;1093;1815;2375;2390
57679;1724;1093;1811;2373;2389
57719;1712;1093;1808;2369;2392
57759;1698;1093;1803;2365;2396
57799;1652;1093;1799;2370;2405
57829;1623;1092;1793;2366;2403
57869;1606;1089;1786;2368;2423
57909;1567;1087;1782;2369;2414
57949;1548;1082;1780;2363;2426
57979;1535;1077;1779;2361;2426
58009;1524;1074;1775;2362;2443
58019;1519;1073;1774;2361;2441
58059;1513;1073;1776;2357;2447
58099;1500;1074;1772;2358;2456
58129;1490;1073;1767;2357;2457
58169;1481;1073;1762;2360;2461
58209;1478;1073;1758;2358;2477
58239;1464;1073;1753;2354;2479
58249;1455;1073;1750;2355;2474
58279;1452;1073;1747;2359;2474
58319;1449;1073;1745;2355;2487
58359;1437;1073;1741;2354;2492
58399;1429;1073;1736;2345;2495
58429;1423;1072;1729;2347;2499
58469;1415;1071;1724;2349;2505
58509;1405;1071;1722;2344;2511
58549;1394;1071;1719;2352;2498
58579;1389;1068;1717;2346;2509
58619;1378;1065;1713;2346;2524
58659;1372;1064;1708;2350;2523
58699;1358;1063;1702;2344;2531
58729;1347;1061;1697;2341;2539
58769;1339;1055;1693;2341;2541
58809;1328;1050;1691;2344;2553
58849;1320;1048;1688;2349;2565
58879;1312;1047;1682;2345;2566
58919;1307;1046;1679;2341;2565
58959;1301;1046;1674;2334;2577
58999;1292;1045;1665;2321;2572
59029;1282;1045;1659;2311;2574
59069;1275;1045;1653;2306;2574
59109;1266;1045;1645;2300;2571
59149;1257;1045;1636;2299;2586
59179;1249;1045;1631;2297;2591
59219;1243;1045;1624;2295;2593
59259;1238;1045;1619;2299;2607
59299;1224;1045;1614;2299;2620
59329;1214;1045;1611;2299;2617
59369;1207;1044;1606;2305;2620
59409;1199;1043;1604;2301;2628
59449;1192;1036;1598;2300;2642
59479;1186;1031;1593;2296;2644
59509;1179;1029;1588;2300;2661
59549;1174;1028;1582;2302;2672
59589;1169;1026;1577;2298;2688
59629;1160;1027;1573;2303;2682
59659;1155;1027;1570;2295;2694
59699;1150;1025;1567;2292;2712
59739;1144;1019;1564;2294;2718
59779;1137;1016;1560;2298;2722
59809;1131;1014;1556;2302;2732
59849;1123;1012;1551;2302;2747
59889;1118;1011;1545;2306;2761
59929;1114;1008;1541;2302;2773
59959;1107;1006;1536;2302;2785
59999;1101;1004;1533;2296;2816
60039;1099;1000;1531;2286;2842
60079;1093;995;1529;2281;2859
60109;1087;994;1525;2282;2874
60149;1081;993;1519;2285;2876
60189;1076;992;1516;2292;2894
60229;1074;992;1511;2299;2918
60259;1073;990;1507;2306;2922
60299;1068;989;1501;2315;2956
60339;1059;988;1498;2316;2968
60379;1052;987;1495;2315;2975
60409;1048;981;1492;2318;2983
60449;1044;978;1490;2316;2991
60489;1040;978;1486;2316;3000
60529;1035;978;1483;2313;3011
60559;1030;978;1481;2312;3018
60599;1026;977;1478;2310;3025
60639;1024;975;1476;2312;3031
60679;1020;973;1473;2308;3028
60709;1016;972;1470;2309;3040
60749;1014;970;1467;2301;3049
60789;1011;969;1464;2298;3054
60829;1007;967;1462;2294;3056
60859;1003;966;1460;2290;3060
60899;998;963;1457;2286;3059
60939;995;959;1454;2291;3071
60979;991;957;1452;2283;3075
61009;988;955;1451;2284;3078
61049;986;954;1451;2276;3087
61089;984;951;1449;2275;3092
61129;983;950;1448;2275;3093
61159;982;950;1447;2274;3099
61199;978;950;1445;2275;3100
61239;976;949;1442;2270;3106
61279;976;949;1439;2273;3110
61309;976;948;1436;2271;3112
61349;974;947;1434;2274;3112
61389;974;946;1432;2272;3111
61429;974;946;1430;2272;3110
61459;974;946;1429;2272;3110
61499;974;946;1429;2272;3115
61539;974;946;1429;2270;3120
61579;974;946;1429;2269;3127
61609;973;946;1427;2269;3133
61649;972;946;1425;2271;3140
61689;970;944;1424;2272;3137
61729;968;942;1422;2272;3125
61759;967;941;1422;2266;3114
61799;966;941;1423;2268;3110
61839;966;941;1423;2269;3110
61879;966;941;1423;2269;3110
61909;966;941;1423;2268;3110
61949;966;941;1423;2270;3109
61989;966;940;1422;2271;3109
62029;965;940;1422;2271;3107
62059;965;940;1422;2269;3108
62099;965;940;1422;2267;3108
62139;966;940;1423;2266;3108
62179;966;940;1423;2266;3109
62209;966;941;1423;2267;3108
62249;965;940;1423;2266;3109
62289;965;940;1422;2267;3108
62329;965;940;1422;2269;3107
62359;966;940;1423;2267;3107
62399;966;940;1423;2267;3109
62439;966;940;1423;2272;3108
62479;966;940;1423;2252;3071
62509;966;940;1423;2263;3045
62549;966;940;1423;2278;2954
62589;966;940;1422;2306;2864
62629;966;941;1423;2315;2784
62659;966;941;1423;2316;2756
62699;966;941;1422;2329;2679
62739;966;941;1422;2322;2568
62779;966;941;1422;2322;2473
62809;966;941;1422;2336;2443
62849;966;941;1422;2350;2388
62889;965;941;1422;2336;2335
62929;966;941;1422;2344;2286
62959;966;941;1422;2334;2261
62999;966;941;1422;2343;2248
63039;966;941;1423;2347;2240
63079;966;941;1423;2353;2231
63109;965;941;1422;2349;2225
63149;965;941;1422;2352;2219
63189;965;941;1422;2345;2204
63229;965;942;1423;2347;2204
63259;965;942;1423;2348;2192
63299;965;942;1423;2352;2183
63339;966;943;1423;2358;2175
63379;969;943;1423;2363;2160
63409;970;943;1423;2366;2155
63449;972;943;1423;2378;2144
63489;974;943;1423;2383;2131
63529;978;943;1423;2395;2106
63569;983;943;1423;2394;2089
63609;991;943;1423;2399;2070
63649;1000;942;1423;2400;2066
63679;1006;942;1423;2398;2058
63719;1013;942;1423;2404;2048
63759;1020;942;1423;2407;2043
63799;1026;942;1423;2411;2037
63829;1033;942;1424;2414;2035
63869;1038;942;1423;2412;2037
63909;1044;942;1425;2412;2037
63949;1052;942;1429;2418;2028
63979;1062;942;1433;2419;2021
64019;1067;943;1440;2426;2009
64059;1073;943;1444;2428;2014
64099;1081;943;1448;2429;2014
64129;1090;943;1451;2429;2014
64169;1096;943;1455;2429;2014
64209;1103;943;1460;2429;2006
64249;1111;943;1464;2434;2007
64279;1120;943;1468;2433;2003
64319;1124;943;1472;2435;1997
64359;1134;943;1476;2436;1997
64399;1142;943;1479;2438;1996
64429;1147;943;1481;2441;1994
64469;1156;943;1483;2441;1990
64509;1164;943;1488;2451;1986
64549;1171;943;1492;2447;1988
64579;1178;943;1494;2452;1987
64619;1186;943;1499;2452;1979
64659;1194;943;1502;2451;1976
64699;1201;943;1507;2459;1975
64729;1208;943;1511;2455;1976
64769;1220;942;1514;2459;1976
64809;1228;942;1518;2461;1967
64849;1234;943;1522;2460;1967
64879;1243;943;1526;2459;1967
64919;1249;943;1530;2461;1964
64959;1260;943;1535;2462;1959
64999;1267;943;1542;2463;1958
65029;1276;943;1546;2464;1954
65069;1287;943;1551;2468;1954
65109;1293;943;1554;2471;1953
65149;1299;943;1560;2468;1947
65179;1306;943;1565;2471;1944
65219;1315;943;1570;2473;1942
65259;1325;943;1574;2475;1937
65299;1335;943;1578;2479;1939
65329;1343;943;1581;2483;1938
65369;1356;943;1584;2480;1936
65409;1362;943;1588;2477;1935
65449;1371;942;1593;2481;1932
65479;1377;943;1597;2485;1929
65519;1391;943;1604;2486;1931
23;1400;943;1607;2480;1927
63;1410;943;1611;2483;1927
93;1418;943;1613;2489;1924
133;1425;943;1616;2484;1927
173;1439;943;1620;2497;1919
213;1447;943;1624;2482;1923
243;1453;943;1626;2487;1917
273;1463;943;1630;2495;1914
283;1469;943;1634;2502;1915
323;1474;943;1642;2490;1917
363;1482;943;1647;2492;1910
393;1488;943;1651;2503;1911
433;1493;943;1661;2499;1908
473;1506;943;1671;2495;1907
513;1516;943;1680;2508;1906
543;1518;943;1689;2510;1900
583;1571;943;1698;2503;1902
623;1594;943;1709;2506;1898
653;1598;943;1715;2512;1898
693;1625;943;1724;2508;1897
733;1672;943;1732;2509;1894
773;1703;943;1739;2514;1896
813;1725;943;1747;2513;1890
843;1737;944;1752;2504;1895
883;1744;945;1757;2512;1888
923;1758;945;1760;2509;1894
963;1767;946;1768;2508;1898
993;1768;946;1772;2516;1900
1033;1780;946;1778;2507;1900
1073;1789;946;1781;2507;1899
1113;1803;946;1790;2506;1900
1143;1812;946;1799;2504;1900
1183;1818;946;1806;2503;1900
1223;1831;947;1812;2504;1899
1263;1844;950;1820;2498;1903
1293;1853;953;1825;2497;1905
1333;1862;956;1827;2508;1903
1373;1873;960;1829;2503;1905
1413;1881;966;1833;2494;1906
1443;1887;969;1837;2510;1903
1483;1900;972;1843;2500;1905
1523;1911;975;1847;2496;1909
1563;1923;976;1850;2493;1911
1593;1932;977;1853;2499;1911
1633;1941;983;1857;2493;1914
1673;1953;986;1861;2495;1910
1713;1957;990;1864;2489;1911
1743;1963;996;1867;2489;1913
1773;1967;999;1869;2491;1911
1783;1970;1001;1872;2488;1908
1823;1979;1003;1871;2491;1912
1863;1989;1005;1875;2486;1910
1893;1994;1006;1878;2487;1913
1933;2006;1009;1881;2494;1913
1973;2013;1016;1885;2485;1910
2013;2026;1021;1889;2487;1915
2043;2091;1025;1894;2492;1912
2083;2128;1027;1896;2494;1914
2123;2148;1028;1898;2487;1914
2163;2163;1027;1900;2489;1911
2193;2172;1036;1901;2495;1912
2233;2179;1041;1902;2500;1914
2273;2191;1043;1903;2485;1912
2313;2198;1045;1904;2500;1912
2343;2206;1047;1904;2496;1908
2383;2214;1053;1904;2497;1909
2423;2225;1057;1905;2498;1906
2463;2235;1061;1906;2496;1905
2493;2238;1064;1907;2505;1906
2533;2247;1068;1909;2497;1905
2573;2250;1070;1910;2508;1901
2613;2255;1072;1911;2506;1901
2643;2262;1078;1912;2505;1901
2683;2271;1082;1914;2505;1898
2723;2275;1086;1917;2503;1900
2763;2280;1088;1919;2508;1897
2793;2283;1089;1920;2507;1896
2833;2290;1091;1921;2509;1897
2873;2297;1093;1922;2513;1897
2913;2301;1098;1923;2512;1895
2943;2305;1101;1924;2508;1894
2983;2309;1104;1925;2511;1887
3023;2314;1106;1926;2516;1889
3063;2317;1108;1927;2516;1890
3093;2321;1109;1927;2515;1890
3133;2326;1110;1927;2517;1886
3173;2336;1111;1930;2519;1882
3213;2341;1112;1931;2516;1883
3243;2347;1112;1932;2518;1881
3283;2346;1112;1933;2519;1879
3323;2348;1114;1934;2521;1877
3363;2350;1120;1935;2523;1878
3393;2352;1124;1934;2522;1881
3433;2354;1125;1935;2523;1878
3473;2359;1126;1937;2526;1875
3513;2364;1129;1938;2523;1878
3543;2368;1132;1939;2525;1871
3583;2373;1133;1939;2527;1870
3623;2375;1134;1940;2527;1869
3663;2375;1136;1940;2528;1867
3693;2376;1136;1939;2528;1870
3733;2377;1138;1939;2529;1869
3773;2377;1139;1939;2529;1869
3813;2381;1139;1939;2531;1867
3843;2386;1140;1939;2532;1863
3873;2388;1140;1939;2533;1861
3913;2389;1137;1938;2530;1866
3953;2388;1143;1939;2534;1859
3993;2388;1146;1939;2534;1859
4023;2388;1148;1939;2534;1856
4063;2387;1150;1939;2535;1854
4103;2388;1151;1939;2537;1856
4143;2389;1152;1939;2539;1853
4183;2389;1153;1939;2538;1856
4223;2390;1154;1939;2537;1854
4263;2392;1154;1939;2533;1856
4293;2392;1155;1939;2534;1857
4333;2394;1155;1939;2535;1856
4373;2394;1155;1939;2533;1857
4413;2396;1156;1938;2530;1849
4443;2401;1156;1938;2529;1850
4483;2406;1158;1938;2519;1853
4523;2408;1159;1938;2537;1845
4563;2408;1160;1938;2533;1843
4593;2408;1160;1938;2533;1847
4633;2408;1160;1938;2530;1847
4673;2408;1161;1938;2530;1848
4713;2408;1161;1938;2530;1849
4743;2408;1161;1938;2530;1849
4783;2408;1161;1938;2532;1849
4823;2407;1161;1938;2533;1849
4863;2407;1162;1938;2530;1849
4893;2407;1162;1938;2528;1854
4933;2406;1162;1939;2529;1854
4973;2406;1162;1939;2531;1853
5013;2407;1162;1938;2519;1855
5043;2407;1162;1939;2525;1860
5083;2407;1162;1939;2531;1858
5123;2407;1162;1939;2527;1867
5163;2407;1162;1939;2519;1872
5193;2406;1162;1938;2521;1879
5233;2406;1162;1938;2522;1851
5273;2407;1162;1939;2516;1823
5313;2418;1163;1939;2506;1844
5343;2422;1164;1940;2487;1841
5383;2423;1165;1940;2473;1849
5423;2429;1170;1941;2472;1855
5463;2431;1173;1941;2474;1856
5493;2431;1175;1941;2476;1864
5533;2429;1176;1941;2484;1856
5573;2429;1176;1940;2487;1855
5613;2430;1176;1940;2493;1857
5643;2430;1176;1941;2493;1854
5683;2431;1177;1941;2496;1857
5723;2431;1177;1941;2497;1858
5763;2432;1177;1941;2498;1857
5793;2431;1177;1941;2497;1860
5833;2431;1177;1941;2498;1861
5873;2431;1177;1940;2495;1862
5913;2431;1177;1940;2495;1863
5943;2431;1177;1940;2495;1862
5983;2432;1177;1940;2497;1864
6023;2431;1177;1941;2498;1865
6053;2431;1177;1941;2497;1865
6063;2430;1177;1941;2498;1864
6093;2430;1177;1941;2500;1866
6133;2430;1177;1941;2498;1867
6173;2430;1177;1941;2501;1868
6213;2431;1177;1941;2504;1868
6243;2430;1177;1941;2503;1868
6283;2431;1177;1941;2502;1867
6323;2431;1178;1941;2499;1868
6363;2430;1178;1941;2496;1875
6393;2430;1178;1941;2469;1908
6433;2430;1177;1941;2431;1948
6473;2430;1177;1941;2413;1984
6513;2429;1177;1941;2398;2018
6543;2430;1177;1941;2393;2041
6583;2431;1177;1941;2378;2076
6623;2430;1177;1941;2375;2083
6663;2430;1177;1941;2376;2084
6693;2430;1177;1940;2379;2080
6733;2430;1177;1940;2377;2080
6773;2429;1177;1940;2378;2079
6803;2429;1177;1941;2379;2075
6813;2428;1177;1941;2380;2077
6843;2429;1177;1941;2377;2076
6883;2429;1177;1941;2379;2077
6913;2429;1177;1941;2378;2079
6953;2429;1177;1941;2380;2081
6993;2429;1177;1941;2381;2081
7033;2430;1177;1941;2380;2083
7073;2429;1177;1941;2380;2082
7113;2429;1178;1941;2380;2082
7143;2429;1177;1941;2377;2081
7183;2429;1177;1942;2378;2080
7223;2430;1177;1942;2377;2080
7263;2429;1177;1942;2378;2081
7293;2429;1177;1941;2378;2083
7333;2429;1177;1941;2381;2084
7373;2429;1177;1941;2382;2083
7413;2428;1177;1941;2382;2082
7443;2429;1177;1941;2378;2078
7483;2429;1178;1941;2379;2079
7523;2429;1178;1941;2378;2076
7563;2429;1177;1941;2386;2075
7593;2428;1177;1941;2379;2078
7633;2428;1177;1941;2379;2078
7673;2428;1177;1941;2382;2075
7713;2428;1177;1941;2384;2076
7743;2429;1177;1941;2386;2073
7773;2429;1177;1941;2391;2068
7783;2429;1178;1941;2392;2065
7823;2428;1178;1941;2388;2071
7863;2429;1178;1941;2382;2071
7893;2428;1177;1941;2386;2072
7933;2428;1177;1941;2381;2075
7973;2428;1177;1941;2386;2076
8013;2428;1177;1941;2386;2077
8043;2428;1177;1941;2386;2073
8083;2428;1177;1941;2385;2073
8123;2428;1177;1941;2386;2073
8163;2428;1177;1941;2385;2074
8193;2428;1177;1941;2387;2075
8233;2428;1177;1940;2388;2075
8273;2428;1177;1941;2389;2073
8313;2428;1176;1940;2390;2073
8343;2428;1176;1940;2387;2074
8383;2428;1177;1941;2388;2074
8423;2429;1177;1941;2389;2078
8453;2428;1177;1941;2391;2077
8463;2428;1177;1941;2391;2077
8493;2427;1177;1941;2390;2076
8533;2427;1177;1941;2394;2077
8573;2428;1177;1941;2390;2077
8613;2428;1177;1941;2390;2079
8643;2428;1177;1941;2392;2078
8683;2428;1177;1941;2374;2083
8723;2428;1177;1941;2376;2085
8763;2429;1177;1941;2380;2073
8793;2428;1177;1941;2394;2021
8833;2428;1177;1941;2435;1987
8873;2431;1177;1940;2449;1959
8913;2431;1177;1940;2464;1932
8943;2431;1177;1941;2464;1927
8983;2430;1177;1940;2468;1930
9023;2430;1178;1940;2467;1932
9063;2431;1177;1941;2465;1931
9093;2430;1177;1940;2465;1932
9133;2429;1177;1940;2464;1933
9173;2429;1177;1940;2464;1934
9213;2429;1177;1941;2464;1932
9243;2430;1177;1941;2465;1924
9283;2430;1177;1941;2471;1915
9323;2430;1177;1940;2475;1906
9363;2431;1177;1941;2483;1895
9393;2430;1177;1941;2487;1891
9433;2429;1177;1941;2488;1889
9473;2429;1177;1941;2487;1890
9513;2428;1177;1941;2489;1888
9543;2428;1177;1941;2487;1888
9583;2427;1177;1941;2490;1887
9623;2427;1177;1941;2486;1888
9663;2427;1177;1941;2489;1887
9693;2426;1177;1941;2489;1890
9733;2426;1177;1941;2493;1890
9773;2426;1177;1941;2490;1892
9813;2426;1177;1941;2491;1893
9843;2427;1177;1941;2492;1890
9883;2427;1177;1941;2488;1892
9923;2427;1177;1941;2490;1890
9963;2427;1177;1941;2489;1890
9993;2427;1177;1941;2491;1892
10033;2426;1177;1941;2492;1891
10073;2427;1177;1941;2491;1891
10113;2427;1177;1941;2493;1891
10143;2427;1177;1941;2491;1890
10183;2427;1177;1941;2492;1891
10223;2427;1178;1941;2490;1892
10263;2427;1178;1941;2492;1891
10293;2427;1178;1941;2492;1891
10333;2426;1178;1941;2493;1894
10373;2426;1178;1941;2494;1892
10413;2426;1178;1941;2494;1892
10443;2427;1178;1941;2492;1893
10483;2427;1178;1941;2489;1889
10523;2427;1178;1941;2492;1892
10563;2427;1178;1941;2492;1897
10593;2427;1178;1941;2485;1899
10633;2426;1178;1941;2440;1954
10673;2427;1178;1941;2409;2017
10713;2429;1177;1940;2381;2086
10743;2430;1177;1941;2372;2114
10783;2431;1177;1941;2358;2136
10823;2431;1178;1940;2355;2151
10863;2431;1178;1940;2354;2157
10893;2430;1178;1941;2351;2168
10933;2430;1178;1941;2345;2174
10973;2430;1178;1941;2343;2178
11013;2430;1178;1941;2342;2180
11043;2431;1178;1941;2339;2184
11083;2432;1178;1940;2340;2188
11123;2432;1178;1940;2340;2193
11163;2427;1178;1941;2341;2194
11193;2421;1178;1941;2342;2202
11233;2417;1178;1941;2340;2203
11273;2418;1178;1941;2345;2208
11313;2412;1178;1941;2341;2206
11343;2404;1178;1941;2340;2214
11383;2398;1178;1942;2338;2217
11423;2399;1178;1942;2338;2218
11463;2395;1178;1942;2334;2225
11493;2391;1178;1942;2339;2226
11533;2385;1178;1942;2339;2229
11573;2384;1177;1942;2335;2227
11613;2379;1177;1942;2333;2228
11643;2372;1178;1942;2334;2230
11683;2365;1178;1942;2333;2231
11753;2356;1178;1942;2340;2233
11793;2343;1177;1942;2341;2234
11833;2343;1177;1941;2342;2233
11873;2341;1177;1941;2344;2236
11913;2336;1177;1941;2345;2228
11943;2328;1177;1942;2346;2231
11983;2325;1177;1942;2347;2234
12023;2318;1177;1943;2339;2240
12063;2312;1177;1942;2339;2237
12093;2306;1177;1943;2333;2242
12133;2295;1177;1942;2339;2244
12173;2288;1177;1942;2339;2244
12213;2282;1177;1942;2342;2243
12243;2275;1177;1942;2342;2242
12283;2269;1177;1942;2335;2237
12323;2262;1177;1942;2331;2237
12363;2256;1177;1942;2326;2238
12393;2248;1177;1941;2329;2237
12433;2243;1177;1939;2322;2239
12473;2234;1177;1935;2328;2243
12513;2225;1177;1931;2322;2242
12543;2222;1177;1928;2324;2239
12583;2209;1177;1925;2325;2241
12623;2201;1178;1921;2333;2245
12663;2195;1177;1913;2330;2243
12693;2189;1177;1910;2323;2245
12733;2180;1177;1908;2317;2248
12773;2174;1177;1904;2318;2248
12813;2162;1177;1900;2316;2251
12843;2161;1177;1899;2314;2247
12883;2155;1177;1901;2308;2254
12923;2144;1177;1897;2312;2254
12963;2076;1177;1890;2315;2252
12993;2040;1177;1887;2325;2259
13033;2015;1177;1886;2321;2263
13073;2000;1177;1883;2320;2254
13103;1987;1177;1881;2313;2261
13113;1977;1177;1880;2310;2261
13143;1971;1177;1879;2303;2262
13183;1970;1177;1878;2308;2265
13223;1963;1177;1876;2307;2270
13263;1946;1177;1872;2307;2267
13293;1941;1176;1863;2310;2272
13333;1933;1172;1857;2310;2265
13373;1922;1168;1854;2310;2269
13413;1916;1162;1853;2309;2271
13443;1909;1159;1852;2308;2271
13473;1902;1156;1851;2301;2273
13513;1895;1152;1849;2294;2277
13553;1883;1149;1847;2290;2283
13593;1872;1146;1842;2296;2285
13633;1863;1144;1837;2296;2285
13673;1853;1143;1830;2293;2299
13713;1844;1142;1823;2296;2293
13743;1835;1142;1820;2283;2300
13783;1828;1142;1813;2282;2300
13823;1815;1142;1808;2287;2309
13863;1802;1141;1804;2292;2298
13893;1788;1141;1801;2283;2305
13933;1784;1141;1796;2279;2299
13973;1775;1141;1790;2281;2304
14013;1765;1140;1784;2281;2306
14043;1757;1138;1780;2285;2307
14083;1750;1138;1778;2280;2309
14123;1740;1135;1777;2275;2315
14163;1722;1135;1777;2280;2312
14193;1714;1134;1773;2276;2319
14233;1679;1133;1769;2282;2325
14273;1640;1133;1766;2282;2326
14313;1613;1132;1761;2275;2328
14343;1570;1132;1759;2278;2329
14383;1551;1131;1753;2277;2332
14423;1536;1128;1751;2279;2319
14463;1524;1121;1748;2260;2333
14493;1516;1115;1745;2259;2337
14533;1500;1114;1743;2265;2339
14573;1489;1113;1739;2255;2346
14613;1481;1112;1732;2262;2346
14643;1480;1112;1727;2263;2350
14683;1463;1113;1724;2261;2358
14723;1455;1113;1722;2267;2360
14763;1452;1113;1718;2268;2359
14793;1439;1111;1714;2263;2357
14833;1429;1110;1710;2261;2357
14873;1423;1109;1707;2259;2362
14913;1414;1108;1701;2259;2370
14943;1406;1107;1696;2245;2382
14983;1393;1107;1692;2238;2377
15023;1387;1105;1686;2244;2387
15063;1375;1104;1681;2245;2391
15093;1370;1101;1678;2246;2381
15133;1358;1097;1675;2246;2390
15173;1346;1095;1668;2243;2396
15213;1335;1094;1660;2239;2395
15243;1328;1093;1656;2233;2410
15283;1318;1092;1649;2232;2407
15323;1310;1091;1641;2225;2409
15363;1304;1090;1634;2218;2417
15393;1301;1088;1629;2218;2427
15433;1293;1087;1626;2220;2426
15473;1282;1085;1622;2218;2431
15513;1273;1082;1618;2213;2441
15543;1264;1080;1614;2206;2445
15583;1256;1078;1612;2193;2456
15623;1245;1072;1606;2198;2444
15663;1241;1071;1602;2200;2464
15693;1237;1069;1597;2193;2473
15733;1224;1067;1591;2190;2478
15773;1213;1066;1585;2180;2493
15813;1207;1065;1578;2184;2496
15843;1202;1063;1573;2186;2497
15883;1195;1059;1568;2183;2498
15923;1187;1053;1564;2171;2482
15963;1179;1049;1561;2169;2490
15993;1173;1047;1559;2161;2501
16033;1167;1045;1554;2153;2509
16073;1159;1044;1548;2151;2521
16113;1152;1044;1542;2141;2535
16143;1148;1044;1537;2160;2511
16183;1138;1035;1534;2138;2535
16223;1133;1030;1531;2125;2554
16263;1127;1029;1526;2123;2564
16303;1120;1028;1521;2113;2572
16333;1116;1028;1518;2110;2586
16373;1111;1027;1515;2112;2595
16413;1104;1025;1511;2116;2588
16443;1101;1024;1509;2100;2602
16483;1094;1019;1505;2105;2610
16523;1087;1016;1500;2092;2617
16563;1081;1013;1496;2098;2623
16593;1076;1011;1493;2094;2635
16633;1073;1009;1490;2102;2635
16673;1072;1006;1486;2099;2644
16713;1065;1003;1483;2093;2642
16743;1059;1001;1481;2092;2649
16783;1052;998;1479;2087;2660
16823;1047;995;1475;2075;2679
16863;1043;993;1471;2068;2683
16893;1038;991;1467;2068;2694
16933;1035;990;1464;2053;2693
16973;1030;989;1462;2041;2710
17013;1026;983;1461;2031;2725
17043;1024;979;1459;2027;2728
17083;1021;979;1456;2022;2734
17123;1018;978;1453;2016;2743
17163;1014;977;1451;2015;2747
17203;1012;976;1449;2006;2756
17233;1009;975;1447;2005;2762
17273;1004;974;1444;2005;2770
17313;996;972;1440;2007;2774
17353;991;970;1436;2000;2787
17383;991;969;1434;1984;2794
17423;989;968;1431;1978;2800
17463;986;966;1430;1975;2803
17503;984;962;1428;1972;2813
17533;981;959;1426;1970;2821
17573;978;957;1424;1971;2822
17613;976;956;1423;1963;2826
17653;975;955;1422;1958;2835
17683;974;955;1423;1956;2835
17723;974;955;1423;1953;2837
17763;974;954;1424;1948;2844
17793;974;953;1424;1950;2848
17833;974;953;1421;1953;2850
17873;974;951;1420;1953;2855
17913;973;949;1419;1949;2854
17943;971;949;1418;1946;2863
17983;969;948;1417;1947;2868
18023;967;947;1416;1949;2875
18063;965;945;1415;1948;2882
18093;962;944;1414;1953;2882
18133;960;944;1413;1956;2870
18173;959;944;1413;1957;2867
18213;959;943;1413;1956;2865
18243;959;943;1413;1954;2862
18283;959;943;1413;1953;2860
18323;958;943;1413;1957;2857
18363;958;942;1414;1958;2855
18393;958;942;1414;1957;2856
18433;958;942;1414;1957;2854
18473;958;942;1414;1957;2851
18513;958;943;1413;1956;2851
18543;958;943;1413;1957;2850
18583;958;943;1413;1955;2853
18623;958;943;1413;1958;2849
18663;958;943;1413;1958;2848
18693;958;943;1413;1962;2849
18733;958;943;1413;1962;2850
18773;958;943;1413;1962;2845
18813;957;943;1413;1966;2841
18843;958;943;1414;1969;2823
18883;958;943;1414;1988;2797
18923;958;943;1414;2011;2737
18963;958;943;1414;2048;2655
18993;958;943;1413;2086;2607
19033;958;943;1413;2111;2547
19073;958;943;1413;2127;2484
19113;959;943;1413;2144;2444
19143;959;943;1413;2157;2425
19183;959;943;1413;2188;2374
19223;962;944;1413;2196;2334
19263;963;944;1413;2215;2312
19303;964;943;1413;2227;2296
19333;964;943;1414;2224;2285
19373;964;943;1414;2238;2273
19413;964;943;1414;2250;2262
19443;964;943;1414;2252;2249
19483;964;943;1414;2266;2242
19523;964;943;1415;2266;2227
19563;964;943;1414;2274;2197
19593;964;943;1414;2279;2196
19633;964;943;1414;2282;2176
19673;966;943;1413;2270;2165
19713;969;943;1413;2274;2160
19743;970;943;1414;2274;2158
19783;971;943;1414;2282;2153
19823;973;943;1414;2284;2153
19863;975;943;1413;2286;2145
19893;978;943;1413;2289;2133
19933;983;943;1413;2312;2131
19973;989;943;1413;2312;2122
20013;998;943;1414;2325;2125
20043;1003;943;1414;2328;2117
20083;1009;943;1415;2331;2115
20123;1017;943;1415;2335;2105
20163;1022;943;1415;2334;2098
20203;1028;943;1416;2334;2094
20233;1033;943;1420;2336;2090
20273;1040;943;1421;2342;2085
20313;1047;943;1425;2339;2079
20343;1052;943;1430;2331;2090
20383;1060;943;1434;2335;2084
20423;1065;943;1440;2335;2081
20463;1070;943;1445;2336;2074
20493;1077;943;1448;2341;2074
20533;1087;943;1452;2338;2069
20573;1093;943;1456;2338;2065
20613;1102;943;1459;2352;2037
20643;1109;943;1463;2347;2037
20673;1116;943;1466;2357;2035
20713;1121;943;1470;2349;2027
20753;1128;943;1473;2361;2025
20793;1138;943;1475;2361;2015
20833;1145;943;1478;2367;2014
20873;1153;944;1482;2371;2011
20913;1161;944;1486;2376;2010
20943;1167;944;1490;2376;2007
20983;1175;944;1494;2378;1998
21023;1183;944;1499;2378;2000
21063;1192;944;1503;2379;1997
21093;1198;944;1506;2384;1992
21133;1204;944;1510;2380;1987
21173;1218;944;1514;2383;1983
21213;1228;944;1518;2381;1981
21243;1232;944;1522;2390;1970
21283;1239;944;1525;2384;1970
21323;1245;944;1530;2389;1972
21363;1256;944;1537;2388;1969
21403;1264;944;1545;2388;1959
21433;1272;944;1549;2370;1984
21473;1282;944;1552;2394;1955
21513;1292;943;1557;2415;1954
21543;1296;944;1561;2411;1948
21573;1301;944;1565;2413;1952
21613;1312;944;1570;2410;1953
21653;1321;944;1573;2408;1950
21693;1330;944;1580;2407;1951
21733;1337;944;1586;2409;1950
21773;1352;944;1593;2407;1951
21813;1359;944;1600;2409;1947
21843;1366;944;1605;2418;1941
21883;1373;944;1608;2422;1938
21923;1385;944;1611;2420;1936
21963;1396;944;1614;2422;1938
21993;1406;944;1617;2425;1938
22033;1413;944;1621;2435;1935
22073;1422;944;1625;2428;1937
22113;1436;944;1630;2433;1935
22143;1445;944;1636;2433;1931
22183;1450;944;1643;2428;1934
22223;1462;944;1648;2436;1930
22263;1467;944;1651;2437;1932
22293;1473;944;1655;2442;1933
22333;1481;945;1659;2440;1934
22373;1489;945;1667;2443;1930
22413;1494;944;1673;2443;1928
22453;1512;944;1679;2446;1928
22483;1518;944;1684;2445;1925
22523;1531;944;1694;2447;1918
22563;1557;944;1706;2454;1907
22593;1576;944;1713;2456;1908
22633;1600;944;1718;2454;1911
22673;1650;944;1728;2455;1908
22713;1687;944;1735;2452;1904
22753;1714;945;1742;2465;1892
22783;1732;945;1750;2463;1889
22823;1736;945;1757;2457;1882
22863;1748;945;1760;2448;1892
22903;1762;945;1767;2450;1889
22933;1768;945;1773;2449;1891
22973;1779;945;1777;2444;1889
23013;1782;945;1779;2440;1895
23043;1792;945;1788;2442;1894
23083;1805;946;1796;2442;1890
23123;1813;946;1803;2435;1896
23163;1825;946;1811;2435;1897
23193;1835;946;1816;2438;1898
23233;1845;946;1822;2445;1896
23273;1856;946;1828;2445;1895
23313;1865;946;1834;2446;1891
23353;1865;946;1843;2451;1889
23383;1878;950;1848;2433;1893
23423;1892;954;1852;2430;1903
23463;1902;961;1854;2429;1895
23493;1912;967;1856;2432;1903
23533;1922;971;1860;2427;1896
23573;1932;975;1863;2420;1907
23613;1943;977;1866;2423;1907
23643;1953;978;1868;2421;1905
23683;1959;982;1871;2420;1903
23723;1964;985;1871;2414;1901
23763;1972;987;1875;2416;1900
23793;1982;988;1879;2418;1899
23833;1991;995;1882;2414;1905
23873;1997;999;1887;2413;1900
23913;2010;1003;1890;2421;1904
23943;2018;1007;1894;2411;1901
23983;2086;1015;1896;2417;1898
24023;2122;1020;1897;2418;1895
24063;2144;1025;1899;2414;1903
24093;2156;1027;1900;2421;1902
24133;2166;1026;1901;2419;1896
24173;2177;1035;1902;2419;1900
24213;2186;1039;1903;2423;1899
24243;2195;1042;1904;2431;1898
24283;2203;1044;1905;2422;1901
24323;2212;1046;1905;2430;1904
24363;2221;1052;1906;2415;1902
24393;2229;1057;1906;2422;1900
24433;2239;1060;1906;2431;1896
24473;2243;1065;1906;2437;1907
24513;2249;1069;1908;2434;1908
24553;2256;1072;1910;2431;1913
24583;2262;1075;1911;2440;1904
24623;2271;1080;1913;2436;1902
24663;2275;1082;1915;2441;1902
24693;2278;1084;1917;2434;1899
24733;2283;1086;1920;2445;1900
24773;2292;1089;1921;2440;1899
24813;2297;1091;1923;2444;1896
24843;2301;1091;1925;2442;1895
24883;2304;1095;1926;2442;1898
24923;2309;1097;1927;2444;1896
24963;2314;1100;1928;2443;1900
25003;2319;1104;1928;2440;1896
25033;2325;1107;1928;2442;1897
25073;2332;1107;1929;2445;1899
25113;2339;1109;1931;2441;1901
25143;2346;1111;1932;2440;1898
25183;2347;1112;1932;2445;1898
25223;2349;1112;1933;2436;1896
25263;2351;1112;1934;2445;1897
25303;2353;1116;1934;2444;1895
25333;2354;1118;1934;2445;1895
25373;2358;1123;1934;2449;1892
25413;2360;1125;1934;2448;1895
25443;2362;1127;1935;2447;1892
25483;2364;1128;1935;2449;1891
25523;2368;1128;1935;2456;1885
25563;2371;1128;1935;2455;1883
25593;2373;1128;1935;2460;1884
25633;2376;1129;1935;2460;1883
25673;2375;1131;1935;2452;1881
25713;2376;1133;1935;2468;1881
25743;2377;1135;1935;2464;1882
25783;2378;1136;1935;2470;1871
25823;2382;1137;1935;2465;1862
25863;2385;1138;1935;2465;1867
25903;2387;1139;1936;2471;1858
25933;2388;1140;1935;2472;1858
25973;2388;1141;1935;2475;1859
26013;2387;1139;1935;2478;1859
26043;2387;1139;1936;2473;1855
26083;2387;1139;1936;2477;1852
26113;2387;1139;1936;2472;1858
26153;2388;1138;1936;2475;1865
26193;2389;1143;1936;2473;1860
26233;2391;1147;1936;2483;1858
26273;2393;1149;1936;2487;1845
26313;2395;1151;1936;2486;1845
26353;2396;1152;1936;2482;1847
26383;2398;1153;1937;2483;1843
26423;2402;1154;1938;2485;1837
26463;2406;1157;1939;2485;1837
26503;2408;1158;1940;2491;1831
26533;2409;1159;1939;2487;1847
26573;2409;1159;1939;2485;1834
26613;2409;1160;1939;2487;1838
26653;2408;1160;1939;2490;1839
26683;2408;1160;1940;2486;1843
26723;2408;1160;1940;2488;1843
26763;2408;1160;1940;2488;1846
26793;2407;1160;1940;2490;1846
26833;2407;1160;1939;2491;1847
26873;2407;1160;1939;2489;1847
26913;2406;1160;1939;2487;1848
26943;2406;1160;1940;2490;1847
26983;2407;1160;1941;2489;1846
27023;2407;1161;1941;2486;1849
27063;2408;1161;1941;2488;1851
27103;2408;1161;1941;2488;1850
27133;2408;1161;1940;2490;1853
27173;2408;1160;1940;2489;1852
27213;2408;1160;1940;2490;1854
27243;2408;1160;1940;2494;1849
27283;2408;1160;1940;2498;1845
27323;2408;1160;1940;2498;1845
27363;2408;1160;1940;2495;1842
27403;2407;1161;1940;2493;1834
27433;2407;1161;1940;2489;1839
27473;2408;1160;1940;2495;1839
27513;2407;1160;1940;2494;1834
27553;2407;1160;1940;2494;1835
27583;2407;1160;1940;2493;1833
27623;2407;1160;1940;2492;1833
27663;2407;1161;1941;2492;1833
27693;2407;1161;1940;2492;1836
27733;2407;1161;1940;2495;1833
27773;2406;1161;1940;2494;1839
27813;2405;1161;1940;2493;1841
27843;2406;1161;1940;2491;1841
27883;2406;1161;1940;2491;1840
27923;2406;1161;1940;2491;1842
27963;2406;1161;1940;2489;1840
27993;2406;1161;1940;2491;1841
28033;2406;1160;1940;2492;1840
28073;2406;1160;1940;2494;1840
28113;2406;1160;1940;2493;1843
28143;2406;1161;1940;2490;1841
28183;2407;1161;1941;2491;1842
28223;2407;1161;1941;2491;1842
28263;2407;1161;1941;2491;1842
28293;2407;1161;1940;2492;1843
28333;2407;1161;1940;2492;1846
28373;2406;1161;1940;2486;1850
28413;2406;1161;1940;2429;1892
28453;2405;1161;1940;2380;1931
28483;2405;1161;1941;2362;1970
28523;2405;1161;1941;2342;1998
28563;2405;1161;1941;2328;2014
28593;2405;1161;1941;2323;2030
28633;2405;1161;1941;2320;2038
28673;2405;1160;1941;2320;2043
28713;2406;1160;1941;2321;2044
28743;2406;1160;1941;2322;2042
28783;2405;1160;1941;2320;2043
28823;2406;1160;1940;2323;2043
28863;2406;1160;1940;2322;2046
28893;2406;1160;1940;2324;2048
28933;2406;1160;1940;2323;2046
28973;2406;1160;1940;2327;2046
29013;2406;1160;1940;2324;2045
29053;2406;1160;1940;2325;2044
29083;2405;1160;1940;2324;2045
29123;2405;1160;1941;2326;2043
29163;2405;1160;1941;2327;2044
29203;2405;1160;1941;2325;2045
29233;2405;1160;1941;2327;2049
29273;2405;1160;1941;2329;2053
29313;2405;1160;1940;2330;2048
29353;2405;1160;1940;2330;2047
29433;2405;1160;1939;2330;2052
29473;2405;1160;1940;2330;2053
29593;2405;1160;1940;2329;2052
29633;2405;1160;1940;2329;2052
29673;2405;1160;1940;2327;2050
29713;2405;1160;1940;2329;2055
29753;2405;1160;1940;2328;2055
29793;2405;1160;1940;2329;2059
29823;2405;1160;1940;2327;2051
29863;2406;1161;1940;2327;2057
29903;2406;1161;1940;2327;2057
29943;2406;1161;1940;2327;2056
29973;2406;1161;1940;2326;2058
29983;2406;1161;1940;2326;2054
30023;2406;1161;1940;2326;2056
30063;2406;1161;1940;2327;2055
30103;2406;1161;1941;2325;2059
30133;2405;1161;1941;2330;2059
30173;2404;1160;1940;2330;2058
30213;2404;1160;1941;2329;2059
30253;2405;1160;1940;2328;2057
30333;2405;1160;1940;2325;2056
30373;2405;1160;1940;2357;2023
30493;2407;1160;1940;2394;2003
30533;2407;1160;1940;2395;2004
30573;2407;1160;1939;2409;1992
30613;2407;1160;1938;2405;1978
30653;2408;1160;1939;2402;1988
30693;2410;1160;1939;2371;1995
30723;2412;1160;1939;2363;2004
30763;2413;1161;1939;2376;1993
30803;2413;1161;1939;2379;1989
30843;2415;1161;1940;2389;1951
30873;2416;1160;1939;2409;1926
30913;2421;1160;1939;2435;1907
30953;2423;1160;1939;2448;1887
30993;2422;1160;1939;2454;1883
31023;2422;1160;1939;2449;1884
31063;2421;1160;1939;2449;1885
31103;2421;1160;1939;2450;1888
31143;2421;1160;1939;2451;1887
31173;2421;1160;1939;2452;1890
31213;2421;1160;1939;2454;1882
31253;2421;1160;1939;2461;1879
31293;2421;1161;1939;2470;1871
31323;2422;1161;1939;2470;1866
31363;2423;1161;1940;2476;1865
31403;2424;1161;1940;2474;1860
31443;2425;1161;1940;2477;1851
31473;2425;1161;1939;2483;1853
31513;2426;1161;1939;2482;1851
31553;2427;1161;1939;2484;1850
31593;2427;1161;1939;2482;1848
31623;2427;1161;1939;2479;1847
31663;2427;1161;1939;2480;1849
31703;2428;1161;1940;2482;1852
31743;2428;1161;1940;2480;1849
31773;2428;1161;1939;2483;1851
31813;2426;1161;1939;2482;1851
31973;2426;1161;1939;2483;1851
32013;2425;1161;1939;2484;1852
32053;2426;1160;1939;2482;1852
32083;2427;1160;1939;2481;1852
32123;2427;1160;1940;2482;1852
32163;2427;1161;1940;2481;1853
32203;2427;1161;1940;2479;1852
32233;2427;1161;1939;2481;1852
32273;2426;1161;1939;2484;1853
32313;2426;1161;1939;2482;1854
32343;2426;1161;1939;2482;1853
32383;2426;1161;1939;2483;1852
32423;2426;1161;1939;2482;1853
32463;2426;1161;1940;2484;1854
32493;2426;1160;1940;2487;1856
32533;2426;1160;1940;2490;1858
32573;2426;1160;1939;2485;1863
32613;2426;1160;1939;2442;1896
32643;2427;1160;1940;2409;1933
32683;2427;1160;1940;2374;2009
32723;2427;1160;1940;2365;2067
32763;2427;1160;1940;2352;2110
32793;2426;1160;1940;2342;2135
32833;2426;1160;1940;2337;2151
32873;2424;1160;1941;2280;2105
32913;2424;1160;1940;2291;2130
32943;2424;1160;1940;2293;2138
32983;2425;1161;1940;2292;2137
33023;2427;1161;1940;2294;2135
33063;2427;1161;1939;2289;2142
33103;2425;1161;1940;2291;2142
33133;2420;1161;1940;2295;2145
33173;2415;1161;1940;2293;2148
33213;2412;1160;1940;2298;2146
33253;2409;1161;1940;2291;2153
33283;2409;1161;1940;2290;2157
33323;2405;1161;1940;2292;2156
33363;2399;1161;1940;2291;2169
33393;2396;1161;1939;2292;2168
33433;2393;1161;1939;2296;2164
33473;2393;1161;1939;2301;2166
33513;2385;1160;1939;2298;2170
33553;2383;1160;1939;2292;2175
33583;2382;1160;1940;2292;2185
33623;2373;1160;1940;2288;2191
33663;2365;1160;1940;2287;2198
33693;2358;1160;1940;2285;2202
33733;2351;1160;1940;2281;2200
33773;2341;1160;1940;2278;2201
33813;2345;1160;1940;2279;2201
33853;2339;1160;1940;2282;2201
33883;2334;1160;1940;2279;2201
33923;2327;1160;1940;2279;2198
33963;2324;1160;1940;2279;2199
34003;2320;1160;1939;2279;2204
34033;2311;1160;1939;2278;2203
34073;2305;1160;1939;2280;2207
34113;2295;1160;1940;2278;2207
34153;2289;1160;1940;2279;2208
34183;2287;1161;1940;2276;2199
34223;2277;1161;1940;2276;2200
34263;2271;1161;1940;2274;2198
34303;2263;1161;1940;2278;2187
34333;2256;1161;1940;2275;2191
34373;2248;1160;1939;2279;2185
34413;2241;1160;1938;2277;2195
34453;2232;1160;1934;2278;2192
34483;2224;1160;1932;2274;2194
34523;2218;1160;1929;2272;2199
34563;2206;1160;1923;2275;2209
34603;2199;1160;1916;2273;2196
34633;2194;1160;1912;2274;2202
34673;2186;1160;1909;2273;2206
34713;2178;1160;1905;2273;2216
34753;2173;1161;1902;2273;2214
34783;2164;1161;1900;2271;2214
34823;2160;1161;1899;2269;2220
34863;2153;1161;1903;2268;2207
34893;2145;1161;1903;2270;2226
34933;2076;1161;1895;2269;2224
34973;2041;1161;1890;2267;2228
35013;2020;1161;1888;2256;2233
35053;2003;1161;1887;2265;2230
35083;1988;1161;1885;2261;2225
35123;1980;1161;1882;2263;2234
35163;1973;1161;1881;2260;2234
35203;1966;1161;1878;2260;2233
35233;1951;1161;1875;2263;2238
35273;1943;1161;1871;2259;2239
35313;1937;1160;1860;2259;2244
35353;1929;1160;1855;2256;2248
35383;1921;1160;1851;2254;2247
35423;1913;1160;1849;2255;2248
35463;1903;1158;1847;2251;2244
35493;1896;1157;1846;2257;2246
35533;1890;1152;1842;2254;2257
35573;1876;1144;1838;2254;2259
35613;1867;1141;1835;2248;2253
35643;1861;1138;1833;2246;2258
35683;1851;1138;1827;2247;2261
35723;1839;1138;1823;2244;2262
35763;1829;1139;1821;2244;2268
35803;1823;1139;1817;2246;2267
35833;1811;1138;1812;2235;2279
35873;1798;1138;1807;2236;2276
35913;1788;1138;1803;2223;2287
35953;1777;1139;1796;2227;2286
35983;1773;1139;1789;2215;2286
36023;1759;1138;1784;2209;2296
36063;1755;1138;1779;2228;2288
36103;1746;1139;1778;2220;2289
36133;1725;1138;1775;2210;2302
36173;1719;1137;1772;2227;2294
36213;1678;1135;1768;2218;2293
36253;1643;1131;1766;2213;2311
36283;1631;1130;1762;2215;2303
36323;1591;1129;1760;2204;2316
36363;1562;1129;1756;2206;2312
36393;1544;1129;1752;2204;2322
36433;1532;1128;1749;2197;2317
36473;1518;1125;1746;2194;2332
36513;1508;1121;1741;2190;2329
36543;1494;1117;1737;2191;2340
36583;1485;1116;1730;2181;2342
36623;1479;1114;1725;2180;2349
36663;1470;1114;1723;2184;2349
36693;1462;1114;1721;2188;2354
36733;1455;1113;1716;2178;2365
36773;1443;1113;1710;2180;2371
36813;1433;1113;1705;2181;2374
36843;1427;1113;1701;2178;2375
36883;1419;1113;1697;2174;2376
36923;1410;1112;1691;2179;2378
36963;1394;1112;1685;2177;2384
36993;1387;1111;1681;2185;2378
37033;1379;1108;1677;2171;2384
37073;1371;1107;1671;2171;2389
37113;1368;1106;1662;2171;2393
37153;1352;1105;1658;2168;2392
37233;1336;1105;1647;2160;2401
37273;1322;1101;1638;2162;2397
37313;1311;1096;1633;2154;2407
37353;1304;1092;1628;2156;2408
37393;1296;1091;1622;2158;2414
37433;1288;1090;1617;2148;2428
37473;1280;1089;1613;2154;2431
37513;1269;1087;1611;2144;2429
37553;1258;1085;1608;2144;2436
37593;1251;1080;1602;2141;2431
37623;1244;1078;1596;2139;2438
37663;1239;1076;1590;2121;2450
37703;1229;1073;1584;2132;2431
37743;1217;1072;1580;2119;2458
37773;1206;1068;1576;2123;2471
37813;1199;1066;1571;2119;2478
37853;1193;1065;1564;2118;2479
37893;1186;1063;1559;2112;2498
37923;1182;1062;1555;2111;2500
37963;1176;1058;1550;2106;2501
38003;1171;1052;1546;2103;2509
38043;1164;1050;1542;2100;2511
38073;1157;1048;1536;2085;2496
38113;1152;1046;1532;2090;2512
38153;1147;1045;1528;2087;2515
38193;1138;1045;1523;2084;2534
38223;1134;1045;1518;2079;2535
38263;1127;1045;1515;2076;2548
38303;1120;1040;1511;2076;2542
38343;1115;1032;1508;2066;2563
38373;1108;1029;1503;2061;2570
38413;1102;1029;1499;2054;2579
38453;1099;1028;1495;2049;2582
38493;1092;1028;1491;2043;2593
38523;1085;1026;1487;2045;2593
38563;1080;1022;1485;2037;2614
38603;1075;1018;1482;2035;2626
38643;1073;1016;1479;2036;2638
38673;1071;1014;1476;2036;2645
38713;1063;1012;1472;2034;2644
38753;1055;1007;1469;2028;2662
38793;1049;1004;1466;2024;2678
38823;1045;1002;1464;2021;2682
38863;1042;999;1462;2011;2693
38903;1038;994;1460;2006;2700
38943;1033;992;1458;1999;2712
38973;1028;990;1455;1998;2726
39013;1024;989;1453;1992;2733
39053;1023;988;1450;1987;2742
39093;1020;985;1448;1976;2753
39123;1017;980;1447;1974;2755
39163;1013;978;1445;1966;2764
39203;1010;978;1442;1964;2775
39243;1008;977;1438;1962;2791
39273;1003;975;1435;1959;2797
39313;997;974;1432;1956;2807
39353;992;973;1428;1953;2816
39393;990;971;1426;1954;2830
39423;988;970;1425;1946;2832
39463;985;969;1424;1945;2838
39503;983;968;1424;1939;2843
39543;982;967;1424;1939;2844
39573;978;966;1423;1936;2855
39613;976;964;1423;1934;2857
39653;975;961;1421;1932;2866
39693;975;959;1420;1926;2872
39723;975;957;1419;1923;2878
39763;975;956;1418;1920;2880
39803;975;955;1418;1917;2885
39843;974;955;1417;1915;2874
39873;972;955;1416;1918;2862
39913;972;954;1416;1923;2856
39953;973;954;1416;1925;2854
39993;972;954;1415;1929;2852
40023;972;954;1415;1930;2851
40063;972;954;1416;1931;2846
40103;972;954;1416;1932;2846
40143;972;954;1416;1933;2844
40173;972;954;1415;1932;2846
40213;972;954;1415;1932;2843
40253;972;954;1415;1932;2843
40293;972;954;1415;1932;2840
40323;973;954;1415;1933;2840
40363;973;955;1415;1934;2838
40403;973;955;1415;1953;2817
40443;973;955;1415;1979;2777
40473;973;954;1415;1994;2715
40513;974;954;1415;2027;2634
40553;973;954;1415;2065;2544
40593;973;955;1415;2083;2482
40623;973;955;1415;2089;2449
40663;973;955;1415;2104;2395
40703;973;955;1415;2140;2340
40743;972;955;1415;2159;2302
40773;972;955;1415;2171;2275
40813;972;955;1415;2179;2260
40853;973;955;1415;2187;2243
40893;972;955;1415;2194;2225
40923;972;955;1415;2196;2210
40963;973;955;1415;2210;2193
41003;973;955;1415;2218;2183
41043;973;955;1416;2210;2177
41083;973;955;1416;2224;2172
41123;973;955;1416;2218;2174
41163;973;955;1416;2218;2176
41203;974;955;1416;2215;2177
41233;974;955;1416;2223;2179
41273;974;955;1415;2219;2177
41313;973;955;1415;2221;2179
41353;973;955;1415;2214;2184
41383;973;955;1415;2196;2193
41423;972;955;1415;2180;2253
41463;972;955;1416;2139;2330
41503;972;955;1416;2108;2408
41533;972;955;1416;2092;2448
41573;972;955;1416;2076;2498
41613;972;955;1415;2044;2541
41653;972;955;1415;2023;2577
41683;972;955;1415;2019;2599
41723;972;955;1416;2005;2622
41763;972;955;1416;2000;2646
41803;972;955;1416;1993;2679
41833;972;955;1416;1986;2699
41873;973;955;1416;1983;2718
41913;973;955;1416;1976;2743
41953;973;955;1416;1971;2760
42033;973;955;1416;1963;2777
42073;973;955;1415;1964;2772
42153;973;955;1415;1973;2773
42193;973;955;1415;1973;2772
42233;973;955;1415;1969;2788
42273;973;955;1415;1956;2797
42313;972;954;1415;1957;2809
42353;972;954;1415;1953;2836
42393;971;954;1414;1947;2849
42423;969;954;1414;1944;2855
42463;968;954;1412;1942;2865
42503;966;954;1410;1940;2875
42543;964;954;1408;1940;2889
42573;962;953;1407;1939;2886
42613;960;952;1406;1930;2903
42653;959;951;1406;1930;2899
42693;957;950;1406;1926;2888
42723;958;949;1406;1925;2887
42763;958;949;1406;1927;2883
42803;958;949;1405;1930;2880
42843;958;949;1406;1932;2875
42873;958;949;1406;1936;2876
42913;958;949;1405;1937;2876
42953;957;949;1405;1940;2877
42993;957;949;1405;1939;2878
43023;957;949;1406;1938;2878
43063;958;949;1406;1940;2877
43103;958;949;1406;1938;2875
43143;958;949;1406;1940;2875
43173;957;949;1406;1941;2879
43213;957;949;1406;1940;2880
43253;958;949;1406;1939;2877
43293;958;949;1406;1941;2875
43323;959;949;1406;1941;2875
43363;959;949;1406;1959;2833
43403;959;949;1406;1984;2780
43443;958;949;1406;2014;2711
43473;958;949;1406;2038;2637
43513;958;949;1406;2075;2545
43553;959;949;1407;2096;2474
43593;959;949;1406;2101;2448
43623;959;949;1406;2124;2403
43663;959;949;1406;2137;2357
43703;961;950;1406;2159;2312
43743;962;950;1406;2177;2277
43773;963;950;1406;2193;2255
43813;963;950;1406;2203;2238
43853;963;950;1406;2211;2221
43893;963;950;1406;2220;2203
43923;964;950;1406;2226;2192
43963;964;950;1406;2232;2185
44003;964;950;1407;2234;2184
44043;964;950;1407;2234;2183
44073;964;950;1406;2236;2187
44113;963;950;1406;2235;2193
44153;963;950;1406;2232;2194
44193;963;950;1406;2236;2198
44223;963;950;1406;2234;2196
44263;963;951;1406;2232;2198
44303;963;951;1407;2232;2193
44343;964;951;1407;2208;2237
44373;964;951;1407;2178;2293
44413;963;951;1407;2128;2372
44453;961;951;1407;2098;2432
44493;959;951;1407;2070;2492
44523;958;951;1407;2046;2535
44563;958;951;1407;2014;2589
44603;958;951;1407;2009;2621
44643;959;951;1407;2003;2650
44673;959;950;1406;1998;2671
44713;959;950;1406;1993;2694
44753;958;950;1406;1982;2711
44793;957;950;1407;1978;2718
44823;957;950;1407;1977;2722
44863;957;950;1407;1979;2721
44903;958;951;1407;1982;2715
44943;957;950;1407;1985;2718
44973;957;950;1407;1978;2727
45013;957;950;1407;1976;2741
45053;957;950;1407;1974;2751
45093;958;950;1407;1972;2760
45123;959;950;1407;1970;2766
45163;958;950;1407;1968;2771
45203;958;950;1407;1966;2777
45243;958;950;1407;1962;2783
45273;958;950;1407;1960;2802
45313;958;950;1408;1953;2823
45343;958;950;1408;1948;2839
45383;958;950;1407;1943;2861
45423;957;949;1406;1943;2865
45463;957;949;1406;1942;2859
45503;957;949;1405;1941;2855
45543;956;949;1405;1942;2853
45573;956;949;1405;1944;2854
45613;956;949;1405;1946;2852
45653;956;949;1405;1951;2851
45693;956;949;1405;1949;2853
45723;956;949;1405;1949;2847
45763;956;949;1405;1955;2847
45803;956;949;1405;1955;2846
45843;956;949;1405;1956;2846
45873;956;949;1405;1956;2847
45913;956;949;1405;1957;2839
45953;955;949;1405;1958;2841
45993;955;949;1405;1959;2839
46023;954;949;1405;1961;2840
46063;954;949;1405;1960;2841
46103;953;949;1405;1962;2851
46143;952;949;1405;1971;2811
46173;952;949;1405;1976;2782
46213;952;949;1405;2001;2678
46253;952;949;1405;2068;2602
46293;952;949;1405;2194;2612
46323;953;949;1405;2234;2598
46363;953;949;1405;2238;2563
46403;953;949;1405;2252;2456
46443;953;949;1405;2253;2435
46473;953;949;1405;2253;2444
46513;954;950;1405;2277;2419
46553;955;950;1405;2284;2369
46593;954;950;1406;2284;2332
46623;954;950;1406;2286;2278
46663;954;950;1406;2284;2234
46703;954;950;1406;2245;2183
46743;954;950;1406;2263;2190
46773;954;950;1406;2269;2169
46813;954;950;1405;2262;2152
46853;954;950;1405;2257;2125
46893;954;950;1406;2276;2112
46923;954;950;1406;2278;2106
46963;955;950;1406;2269;2103
47003;958;950;1406;2281;2099
47043;961;950;1406;2296;2088
47073;964;950;1406;2309;2085
47113;967;950;1406;2318;2077
47153;970;950;1406;2327;2065
47193;972;950;1406;2327;2044
47223;977;950;1406;2334;2036
47263;981;950;1406;2337;2026
47303;988;950;1406;2340;2022
47343;996;951;1406;2342;2015
47373;1002;951;1405;2347;2010
47413;1008;950;1405;2355;2007
47453;1015;950;1407;2354;2008
47493;1020;950;1411;2359;2010
47523;1025;950;1413;2357;2007
47563;1032;951;1418;2357;2004
47603;1038;950;1420;2331;2006
47643;1043;950;1422;2354;1991
47673;1050;950;1428;2373;1992
47713;1060;950;1436;2361;1991
47753;1064;950;1442;2365;1984
47793;1072;950;1447;2365;1972
47823;1078;950;1451;2364;1974
47863;1088;951;1456;2375;1975
47903;1093;951;1462;2364;1969
47943;1102;951;1467;2378;1963
47973;1108;951;1471;2371;1964
48013;1117;950;1475;2380;1966
48053;1121;950;1479;2377;1965
48093;1132;950;1481;2377;1963
48123;1139;950;1484;2379;1956
48163;1146;950;1489;2390;1949
48203;1155;950;1493;2379;1953
48243;1162;950;1496;2387;1947
48273;1168;950;1499;2386;1945
48313;1176;950;1503;2397;1937
48353;1184;950;1508;2391;1937
48393;1191;950;1511;2392;1937
48423;1197;950;1515;2399;1926
48463;1207;950;1519;2401;1925
48503;1219;951;1524;2401;1924
48543;1227;951;1528;2398;1922
48573;1233;951;1533;2410;1912
48613;1240;950;1538;2409;1914
48653;1247;950;1545;2408;1915
48693;1258;950;1551;2415;1907
48723;1265;950;1554;2416;1896
48763;1273;950;1559;2417;1898
48803;1283;951;1564;2423;1900
48843;1290;951;1569;2427;1895
48873;1294;951;1573;2433;1894
48913;1304;951;1577;2435;1892
48953;1313;951;1582;2436;1890
48993;1322;951;1587;2434;1889
49023;1331;951;1593;2437;1888
49063;1341;951;1599;2435;1884
49103;1354;951;1605;2436;1887
49143;1360;951;1607;2443;1882
49173;1368;951;1610;2445;1885
49213;1374;951;1612;2450;1884
49253;1388;951;1615;2444;1884
49293;1399;951;1620;2444;1881
49323;1405;951;1624;2446;1880
49363;1414;951;1626;2447;1880
49403;1423;951;1631;2449;1881
49443;1437;951;1639;2460;1875
49473;1445;951;1646;2451;1877
49513;1453;951;1649;2455;1875
49553;1463;951;1652;2460;1871
49593;1466;951;1657;2463;1870
49623;1476;951;1664;2449;1864
49663;1484;951;1670;2460;1858
49703;1491;951;1675;2458;1858
49743;1503;951;1681;2453;1858
49773;1517;951;1686;2459;1856
49813;1514;951;1694;2470;1857
49853;1559;951;1705;2461;1855
49893;1583;951;1711;2463;1850
49923;1592;951;1718;2468;1846
49963;1624;951;1728;2458;1846
50003;1673;951;1736;2454;1845
50043;1703;952;1745;2458;1843
50073;1724;952;1751;2471;1841
50113;1737;952;1757;2469;1840
50153;1739;952;1766;2465;1840
50193;1750;952;1771;2471;1835
50223;1763;952;1776;2459;1835
50263;1765;953;1779;2445;1843
50303;1776;954;1786;2469;1834
50343;1787;955;1792;2450;1839
50373;1798;955;1801;2453;1840
50413;1808;955;1809;2454;1847
50453;1813;955;1814;2456;1841
50493;1828;955;1821;2450;1847
50523;1836;955;1825;2451;1845
50563;1846;955;1832;2453;1845
50603;1857;955;1841;2459;1836
50643;1867;955;1847;2460;1842
50673;1872;955;1854;2466;1834
50713;1881;962;1859;2447;1847
50753;1895;967;1861;2450;1844
50783;1905;972;1863;2447;1848
50823;1915;975;1865;2446;1842
50863;1928;976;1867;2443;1842
50903;1938;979;1870;2443;1844
50943;1952;984;1871;2441;1838
50973;1954;987;1872;2430;1846
51013;1961;992;1873;2435;1842
51053;1965;995;1877;2442;1840
51093;1974;998;1884;2436;1844
51123;1986;1002;1888;2424;1851
51163;1992;1005;1893;2427;1845
51203;2003;1010;1894;2419;1849
51243;2012;1016;1897;2423;1848
51273;2020;1020;1898;2425;1843
51313;2087;1025;1900;2413;1852
51353;2126;1027;1901;2431;1847
51393;2146;1025;1903;2427;1844
51423;2161;1034;1904;2423;1844
51463;2171;1040;1905;2427;1842
51503;2180;1042;1908;2424;1845
51533;2187;1046;1910;2435;1844
51573;2197;1047;1912;2427;1844
51613;2204;1047;1914;2439;1845
51653;2213;1054;1918;2428;1845
51683;2223;1058;1920;2435;1844
51723;2232;1060;1922;2438;1838
51763;2239;1065;1924;2441;1842
51803;2246;1068;1925;2440;1838
51843;2252;1071;1926;2439;1843
51873;2257;1073;1926;2442;1843
51913;2263;1078;1928;2442;1846
51953;2271;1081;1929;2447;1843
51983;2275;1083;1930;2445;1838
52023;2279;1087;1932;2443;1844
52063;2285;1090;1933;2445;1834
52103;2292;1094;1934;2445;1843
52133;2297;1097;1934;2445;1840
52173;2301;1100;1934;2450;1836
52213;2306;1105;1934;2444;1839
52253;2310;1107;1934;2446;1837
52283;2315;1109;1935;2445;1837
52323;2321;1111;1935;2451;1838
52363;2326;1112;1935;2454;1837
52403;2336;1113;1935;2455;1842
52433;2340;1115;1936;2460;1844
52473;2345;1118;1936;2460;1840
52513;2345;1123;1936;2461;1840
52553;2349;1125;1937;2461;1840
52593;2352;1126;1937;2460;1842
52623;2353;1131;1938;2458;1847
52663;2355;1132;1938;2460;1850
52703;2357;1133;1938;2462;1848
52743;2358;1135;1938;2463;1847
52773;2359;1135;1938;2464;1846
52813;2360;1135;1938;2459;1851
52853;2361;1135;1939;2462;1847
52883;2366;1136;1939;2464;1845
52923;2369;1136;1939;2470;1844
52963;2372;1138;1939;2469;1846
53003;2374;1139;1939;2469;1840
53043;2375;1140;1940;2475;1837
53073;2377;1139;1939;2477;1847
53113;2379;1138;1939;2472;1846
53153;2384;1144;1939;2483;1843
53183;2387;1148;1939;2479;1840
53223;2388;1150;1939;2480;1838
53263;2388;1152;1939;2479;1831
53303;2387;1154;1939;2481;1825
53333;2387;1155;1939;2484;1826
53373;2387;1156;1938;2484;1818
53413;2388;1157;1938;2486;1818
53453;2389;1157;1938;2489;1828
53483;2389;1157;1939;2486;1827
53523;2390;1157;1939;2487;1829
53563;2392;1158;1938;2488;1822
53603;2393;1158;1938;2485;1827
53643;2395;1158;1938;2494;1825
53673;2396;1158;1938;2490;1828
53713;2397;1158;1938;2496;1826
53753;2401;1158;1938;2498;1825
53793;2407;1159;1938;2503;1828
53823;2411;1161;1938;2497;1825
53863;2411;1162;1938;2495;1828
53903;2411;1163;1939;2494;1828
53933;2410;1163;1939;2494;1827
53973;2411;1163;1939;2492;1832
54013;2411;1164;1939;2490;1834
54053;2412;1164;1938;2492;1831
54083;2412;1164;1938;2488;1833
54123;2411;1164;1938;2488;1831
54163;2410;1164;1938;2490;1831
54203;2409;1164;1938;2489;1833
54243;2409;1164;1938;2491;1828
54273;2409;1164;1938;2492;1834
54313;2409;1164;1938;2492;1831
54353;2409;1164;1938;2493;1832
54383;2409;1164;1938;2490;1832
54423;2409;1165;1938;2490;1833
54463;2409;1165;1938;2492;1834
54503;2410;1165;1938;2492;1835
54533;2410;1165;1938;2493;1838
54573;2410;1165;1938;2492;1836
54613;2410;1165;1938;2492;1836
54653;2410;1165;1938;2493;1836
54683;2410;1165;1938;2491;1835
54723;2410;1165;1938;2493;1835
54763;2410;1165;1939;2491;1834
54803;2409;1165;1938;2493;1837
54833;2408;1165;1938;2493;1837
54873;2408;1165;1938;2493;1837
54913;2409;1164;1938;2492;1835
54953;2409;1165;1938;2494;1835
54983;2409;1165;1938;2493;1837
55023;2409;1165;1939;2491;1840
55053;2409;1165;1939;2496;1842
55063;2409;1164;1939;2496;1840
55103;2409;1165;1939;2495;1842
55133;2410;1165;1938;2495;1843
55173;2410;1164;1938;2494;1841