
5746;989;925;874;1701;1428
5816;1482;1385;1311;1716;1419
5856;1732;1616;1530;1719;1410
5876;1856;1731;1638;1723;1409
5896;1918;1788;1692;1719;1413
5936;1949;1816;1720;1715;1412
5956;1964;1830;1735;1713;1411
5966;1972;1836;1742;1718;1412
6006;1976;1837;1745;1722;1420
6036;1977;1835;1747;1725;1422
6046;1978;1833;1748;1726;1425
6086;1978;1831;1748;1727;1440
6116;1978;1828;1748;1714;1452
6156;1978;1816;1748;1696;1466
6196;1978;1819;1750;1669;1478
6236;1978;1815;1749;1666;1494
6266;1976;1815;1749;1658;1506
6306;1973;1816;1748;1635;1524
6346;1972;1813;1748;1629;1530
6386;1959;1813;1749;1626;1539
6416;1954;1810;1748;1630;1544
6456;1946;1805;1748;1625;1554
6496;1937;1802;1748;1619;1559
6536;1928;1793;1748;1617;1563
6566;1920;1785;1748;1623;1561
6606;1913;1777;1748;1634;1572
6646;1906;1776;1748;1630;1586
6686;1896;1775;1748;1626;1610
6716;1883;1772;1748;1614;1617
6756;1878;1766;1748;1619;1617
6796;1868;1754;1748;1622;1610
6836;1860;1747;1748;1630;1590
6866;1851;1741;1748;1640;1589
6906;1840;1714;1748;1643;1582
6946;1831;1707;1748;1651;1577
6986;1817;1698;1748;1648;1574
7016;1802;1695;1749;1660;1572
7056;1794;1683;1749;1650;1561
7096;1784;1677;1749;1654;1550
7136;1778;1665;1748;1660;1551
7166;1769;1655;1747;1659;1550
7206;1762;1652;1745;1663;1543
7246;1758;1644;1744;1665;1539
7286;1735;1637;1742;1678;1532
7316;1728;1628;1741;1682;1528
7356;1696;1619;1740;1680;1529
7396;1645;1614;1739;1682;1536
7436;1629;1605;1738;1686;1542
7466;1606;1596;1737;1672;1543
7506;1573;1590;1739;1677;1550
7546;1555;1573;1739;1684;1553
7586;1538;1561;1739;1682;1558
7616;1527;1556;1739;1686;1558
7656;1517;1546;1738;1698;1548
7696;1506;1540;1737;1697;1553
7736;1495;1529;1736;1707;1552
7766;1489;1522;1733;1712;1550
7806;1478;1512;1729;1725;1548
7846;1471;1499;1726;1768;1565
7886;1464;1494;1724;1760;1577
7916;1450;1495;1723;1757;1579
7956;1442;1494;1723;1762;1596
7996;1435;1490;1722;1847;1640
8036;1423;1479;1720;1851;1634
8066;1413;1471;1718;1849;1647
8106;1404;1457;1717;1857;1646
8136;1394;1454;1716;1933;1656
8186;1386;1447;1713;1925;1672
8216;1379;1444;1710;2005;1706
8256;1365;1442;1709;2038;1723
8296;1354;1426;1709;2155;1772
8336;1347;1421;1707;2163;1802
8366;1338;1417;1705;2217;1872
8406;1328;1409;1704;2392;2000
8446;1319;1397;1703;2601;2155
8486;1312;1384;1703;2752;2229
8516;1305;1378;1703;2797;2288
8556;1297;1369;1700;2892;2386
8596;1289;1354;1698;3064;2549
8636;1278;1340;1697;3109;2567
8666;1267;1334;1696;3128;2595
8706;1261;1331;1695;3151;2656
8746;1252;1323;1693;3153;2700
8786;1245;1319;1689;3134;2739
8816;1238;1317;1685;3137;2764
8856;1228;1310;1681;3161;2793
8896;1218;1300;1677;3163;2807
8936;1213;1291;1674;3182;2835
8966;1208;1281;1672;3188;2857
9006;1198;1279;1671;3186;2891
9046;1190;1276;1670;3180;2908
9086;1182;1267;1668;3171;2901
9116;1173;1257;1665;3172;2914
9156;1163;1254;1661;3183;2937
9196;1154;1249;1659;3175;2940
9236;1147;1238;1656;3204;2984
9266;1143;1129;1653;3219;3024
9306;1138;1151;1650;3213;3054
9346;1130;1182;1648;3207;3057
9386;1123;1191;1647;3199;3078
9416;1116;1191;1645;3203;3082
9456;1111;1188;1644;3205;3093
9496;1103;1182;1644;3201;3092
9536;1095;1173;1644;3208;3111
9616;1085;1163;1642;3210;3185
9656;1078;1148;1639;3195;3198
9696;1070;1144;1637;3192;3215
9736;1061;1138;1635;3203;3237
9766;1054;1130;1634;3206;3255
9806;1047;1126;1633;3194;3276
9846;1041;1123;1633;3204;3311
9886;1035;1115;1632;3213;3345
9916;1033;1110;1632;3221;3360
9956;1028;1106;1630;3211;3390
9996;1023;1098;1629;3208;3409
10036;1017;1095;1627;3206;3425
10066;1013;1092;1626;3210;3456
10106;1007;1092;1625;3213;3486
10146;1002;1089;1625;3194;3529
10186;995;1082;1625;3198;3553
10216;989;1070;1625;3203;3575
10256;987;1064;1624;3239;3619
10296;986;1062;1622;3242;3640
10336;984;1059;1619;3235;3657
10366;982;1059;1618;3237;3664
10406;975;1049;1617;3235;3683
10446;970;1047;1616;3237;3684
10486;967;1047;1613;3253;3688
10516;965;1045;1612;3250;3702
10556;959;1044;1610;3253;3705
10596;954;1044;1608;3252;3715
10636;948;1045;1602;3261;3716
10666;946;1042;1600;3264;3737
10706;942;1039;1598;3264;3753
10746;939;1037;1598;3256;3765
10786;936;1033;1596;3267;3793
10816;934;1031;1596;3266;3790
10856;932;1030;1594;3280;3768
10896;931;1029;1591;3288;3783
10936;929;1029;1589;3282;3812
10966;926;1028;1587;3289;3828
11006;923;1028;1586;3285;3819
11046;921;1028;1586;3284;3824
11086;919;1028;1586;3285;3845
11116;918;1026;1586;3296;3860
11156;917;1025;1586;3285;3871
11196;917;1024;1586;3294;3880
11236;916;1023;1586;3284;3882
11266;916;1020;1586;3283;3889
11306;915;1018;1586;3295;3893
11346;915;1017;1586;3298;3900
11386;913;1015;1585;3292;3917
11416;911;1014;1585;3298;3918
11456;908;1013;1584;3306;3924
11496;906;1012;1584;3321;3944
11536;904;1011;1584;3338;3967
11576;903;1009;1583;3340;3986
11616;903;1007;1582;3342;3977
11656;903;1006;1582;3340;3972
11696;903;1005;1582;3338;3968
11736;903;1005;1582;3355;3963
11776;903;1005;1582;3359;3966
11816;903;1005;1582;3357;3969
11856;903;1005;1582;3356;3967
11896;903;1005;1582;3350;3964
11936;903;1005;1582;3355;3964
11966;903;1005;1582;3363;3962
12006;903;1005;1582;3361;3957
12046;903;1005;1582;3365;3957
12086;903;1005;1582;3361;3956
12116;903;1005;1582;3361;3956
12156;903;1005;1582;3366;3955
12196;903;1005;1582;3371;3954
12236;903;1005;1582;3377;3895
12266;903;1005;1582;3381;3850
12306;903;1005;1582;3398;3798
12346;903;1005;1582;3410;3716
12386;903;1005;1582;3423;3626
12416;903;1005;1581;3436;3561
12456;903;1005;1581;3448;3429
12496;903;1005;1581;3450;3318
12536;903;1005;1581;3455;3235
12566;903;1006;1581;3453;3189
12606;903;1006;1581;3448;3123
12646;903;1006;1582;3455;3065
12686;903;1006;1582;3445;2988
12716;903;1006;1582;3444;2934
12756;903;1006;1582;3442;2893
12796;903;1006;1582;3433;2846
12836;903;1006;1582;3437;2814
12866;903;1006;1582;3445;2786
12906;903;1006;1582;3444;2763
12946;903;1006;1582;3454;2737
12986;903;1006;1582;3450;2690
13016;904;1006;1582;3454;2660
13056;909;1006;1582;3453;2632
13096;913;1006;1582;3458;2611
13136;915;1006;1582;3462;2603
13166;918;1006;1582;3464;2592
13206;924;1006;1582;3465;2566
13246;928;1006;1583;3473;2543
13286;932;1006;1582;3477;2523
13316;935;1006;1582;3478;2517
13356;939;1006;1582;3478;2488
13396;944;1007;1582;3478;2458
13406;948;1007;1582;3480;2449
13436;955;1007;1582;3490;2440
13456;959;1007;1582;3489;2431
13466;960;1007;1582;3489;2425
13506;963;1008;1583;3494;2406
13536;966;1008;1583;3494;2394
13546;971;1008;1583;3498;2389
13586;977;1008;1583;3505;2390
13606;981;1008;1583;3505;2383
13616;983;1008;1583;3505;2379
13656;983;1008;1583;3509;2355
13686;988;1008;1583;3511;2346
13696;993;1008;1583;3508;2343
13736;998;1009;1583;3516;2334
13756;1003;1009;1583;3516;2328
13766;1006;1009;1583;3520;2329
13806;1011;1009;1583;3531;2315
13836;1016;1009;1583;3542;2308
13846;1018;1009;1583;3546;2307
13886;1024;1009;1584;3565;2291
13906;1026;1009;1584;3572;2284
13916;1028;1010;1584;3571;2278
13956;1032;1011;1584;3591;2268
13986;1034;1012;1585;3592;2262
13996;1037;1012;1585;3600;2261
14036;1044;1015;1588;3604;2246
14056;1049;1017;1591;3605;2243
14066;1054;1018;1593;3610;2243
14106;1061;1019;1595;3619;2236
14136;1067;1023;1598;3618;2240
14146;1071;1026;1600;3616;2241
14186;1075;1028;1602;3628;2222
14206;1077;1030;1602;3627;2218
14216;1080;1031;1607;3629;2218
14256;1085;1032;1612;3637;2208
14276;1088;1032;1618;3642;2201
14296;1095;1033;1623;3634;2202
14336;1101;1036;1625;3643;2175
14356;1105;1037;1626;3645;2166
14366;1109;1042;1627;3652;2164
14406;1115;1048;1628;3652;2172
14426;1119;1049;1629;3654;2168
14446;1125;1044;1629;3656;2166
14486;1132;1055;1631;3654;2171
14516;1135;1061;1633;3660;2154
14556;1143;1076;1635;3668;2148
14596;1149;1088;1636;3677;2146
14636;1159;1099;1638;3680;2136
14666;1168;1108;1640;3682;2138
14706;1176;1117;1642;3684;2144
14746;1190;1141;1643;3642;2229
14786;1198;1157;1644;3640;2223
14816;1207;1172;1644;3651;2212
14856;1219;1179;1645;3651;2211
14896;1229;1189;1645;3653;2207
14936;1235;1204;1645;3658;2204
14966;1244;1202;1645;3655;2209
15006;1250;1216;1645;3653;2225
15046;1259;1228;1646;3647;2226
15086;1271;1240;1648;3651;2227
15116;1281;1247;1651;3654;2212
15156;1290;1256;1655;3653;2220
15196;1298;1262;1658;3650;2219
15236;1306;1275;1660;3651;2221
15266;1314;1283;1663;3651;2217
15306;1321;1294;1665;3646;2225
15346;1332;1305;1667;3657;2221
15386;1334;1310;1668;3644;2223
15416;1342;1322;1669;3645;2222
15456;1354;1331;1670;3641;2222
15496;1368;1341;1671;3651;2212
15536;1377;1352;1671;3648;2211
15566;1387;1363;1671;3639;2216
15606;1400;1374;1672;3636;2215
15646;1411;1380;1673;3623;2222
15686;1415;1391;1675;3628;2218
15716;1429;1402;1677;3628;2213
15756;1443;1410;1679;3626;2200
15796;1450;1414;1681;3628;2200
15836;1458;1427;1684;3623;2198
15866;1467;1436;1686;3612;2204
15906;1479;1439;1688;3596;2197
15946;1486;1446;1691;3590;2198
15986;1497;1456;1693;3585;2193
16016;1504;1461;1694;3578;2191
16056;1506;1476;1695;3573;2200
16096;1520;1486;1696;3576;2196
16136;1531;1492;1697;3580;2187
16166;1536;1490;1697;3580;2179
16206;1555;1476;1700;3589;2165
16246;1573;1494;1703;3613;2149
16286;1605;1507;1706;3625;2139
16316;1641;1514;1707;3630;2136
16356;1686;1526;1709;3641;2132
16396;1714;1536;1712;3641;2126
16426;1736;1540;1714;3640;2140
16466;1752;1534;1715;3599;2154
16506;1764;1558;1715;3587;2163
16546;1770;1574;1715;3556;2184
16586;1775;1591;1716;3549;2194
16616;1783;1603;1716;3541;2191
16656;1799;1611;1718;3542;2183
16696;1809;1619;1717;3552;2174
16736;1820;1626;1718;3542;2177
16766;1826;1635;1719;3544;2172
16806;1835;1643;1720;3545;2158
16846;1846;1651;1721;3531;2173
16886;1859;1653;1722;3531;2166
16916;1867;1664;1723;3528;2167
16956;1879;1669;1722;3522;2165
16996;1890;1684;1723;3523;2161
17036;1898;1691;1724;3525;2161
17066;1906;1695;1725;3522;2163
17106;1916;1701;1726;3520;2159
17146;1925;1700;1729;3528;2149
17186;1929;1719;1731;3491;2163
17216;1938;1729;1732;3482;2172
17256;1947;1736;1733;3484;2165
17296;1954;1749;1734;3502;2160
17336;1964;1756;1734;3517;2145
17366;1971;1761;1736;3526;2131
17406;1981;1765;1736;3539;2112
17446;1989;1771;1737;3534;2113
17486;1994;1774;1738;3537;2104
17516;2004;1778;1739;3543;2093
17526;2010;1783;1740;3541;2094
17576;2017;1795;1740;3538;2093
17616;2025;1802;1741;3545;2062
17656;2095;1806;1743;3555;2038
17696;2129;1810;1746;3560;2024
17736;2156;1817;1749;3567;2012
17776;2177;1817;1752;3568;2014
17816;2187;1822;1754;3581;2004
17856;2189;1826;1757;3589;2009
17896;2199;1830;1759;3584;2020
17936;2204;1837;1760;3586;2019
17966;2211;1843;1760;3586;2018
18006;2223;1854;1761;3579;2022
18046;2228;1863;1761;3570;2034
18086;2236;1865;1761;3554;2048
18116;2243;1868;1761;3548;2046
18156;2249;1875;1761;3543;2045
18196;2256;1883;1761;3549;2024
18236;2262;1888;1761;3554;2012
18266;2269;1893;1762;3562;2006
18306;2275;1894;1764;3556;2013
18346;2280;1892;1764;3571;1993
18386;2286;1896;1764;3574;1989
18416;2291;1902;1765;3583;1982
18456;2293;1895;1766;3580;1991
18496;2294;1896;1766;3584;1980
18536;2296;1909;1767;3580;1986
18566;2301;1919;1768;3570;1997
18596;2305;1923;1768;3569;1994
18606;2308;1926;1768;3570;1995
18646;2311;1928;1768;3565;1996
18676;2317;1929;1768;3559;1997
18716;2321;1929;1768;3419;1922
18756;2326;1936;1769;3355;1930
18796;2329;1943;1769;3319;1931
18836;2329;1948;1769;3307;1927
18866;2329;1952;1769;3311;1927
18906;2330;1957;1769;3279;1922
18946;2335;1959;1769;3249;1901
18986;2338;1963;1769;3170;1820
19016;2341;1963;1769;3166;1806
19056;2342;1963;1769;3145;1811
19086;2343;1964;1770;3063;1756
19136;2344;1965;1770;3061;1743
19166;2344;1965;1770;3063;1731
19206;2345;1965;1769;3061;1727
19246;2346;1965;1769;3057;1715
19286;2350;1972;1769;3029;1732
19316;2353;1976;1769;3034;1723
19356;2354;1979;1769;3041;1717
19396;2352;1980;1769;3036;1728
19436;2351;1980;1769;3041;1725
19466;2356;1983;1769;3041;1736
19506;2360;1986;1769;3056;1722
19546;2361;1987;1769;3070;1702
19586;2361;1988;1770;3069;1703
19616;2360;1991;1770;3056;1722
19656;2359;1993;1771;3058;1728
19696;2359;1994;1771;3074;1722
19736;2359;1995;1771;3088;1719
19766;2360;1995;1771;3100;1719
19806;2359;1995;1772;3114;1713
19846;2359;1995;1773;3127;1714
19886;2359;1995;1774;3151;1690
19916;2360;1995;1774;3164;1681
19956;2360;1995;1774;3167;1668
19996;2362;1995;1775;3174;1668
20036;2367;1996;1776;3178;1651
20066;2368;1996;1776;3187;1649
20106;2369;1996;1776;3193;1660
20146;2370;1996;1776;3189;1663
20186;2371;1996;1776;3192;1663
20196;2371;1996;1776;3189;1665
20246;2371;1996;1776;3176;1677
20326;2371;1996;1776;3185;1675
20366;2371;1996;1776;3190;1675
20406;2371;1996;1776;3190;1674
20446;2371;1996;1776;3191;1674
20486;2370;1996;1776;3192;1674
20516;2370;1996;1777;3201;1672
20556;2370;1996;1777;3206;1674
20596;2370;1996;1777;3206;1675
20636;2370;1997;1777;3209;1674
20666;2370;1997;1777;3212;1673
20706;2370;1996;1777;3221;1671
20746;2370;1996;1777;3223;1669
20786;2370;1996;1777;3226;1669
20816;2370;1996;1777;3229;1671
20856;2370;1996;1777;3230;1672
20896;2370;1996;1777;3231;1672
20936;2370;1996;1777;3236;1683
20966;2370;1996;1777;3234;1689
21006;2370;1996;1777;3246;1690
21046;2370;1996;1777;3253;1691
21086;2370;1996;1777;3257;1692
21116;2370;1996;1777;3262;1690
21156;2370;1996;1777;3266;1689
21196;2370;1996;1777;3266;1687
21236;2370;1996;1777;3262;1689
21266;2370;1996;1777;3259;1690
21306;2370;1996;1777;3256;1691
21336;2371;1996;1777;3255;1690
21386;2371;1996;1777;3255;1691
21416;2371;1996;1777;3256;1691
21456;2371;1996;1777;3259;1692
21496;2371;1996;1777;3259;1694
21536;2371;1996;1777;3260;1695
21566;2370;1996;1777;3260;1696
21606;2370;1996;1778;3260;1695
21646;2370;1996;1778;3262;1699
21686;2370;1996;1778;3262;1699
21716;2370;1996;1778;3270;1698
21726;2370;1996;1778;3270;1707
21776;2371;1996;1778;3272;1718
21816;2370;1996;1777;3269;1722
21856;2370;1996;1777;3266;1741
21896;2370;1996;1777;3202;1803
21936;2370;1996;1777;3170;1847
21976;2371;1996;1777;3159;1868
22016;2372;1996;1777;3154;1879
22056;2372;1996;1777;3147;1889
22096;2371;1996;1777;3160;1888
22136;2371;1996;1777;3171;1887
22166;2371;1996;1777;3176;1890
22206;2371;1996;1777;3181;1893
22246;2371;1996;1777;3186;1902
22286;2371;1996;1777;3170;1919
22316;2371;1996;1777;3154;1936
22356;2372;1996;1777;3137;1946
22396;2372;1997;1777;3137;1941
22436;2372;1997;1777;3147;1934
22466;2371;1997;1777;3156;1922
22506;2371;1997;1777;3165;1909
22546;2371;1996;1777;3164;1899
22586;2372;1996;1778;3144;1903
22616;2372;1996;1778;3128;1908
22656;2372;1996;1778;3122;1907
22696;2371;1996;1778;3117;1901
22736;2371;1996;1778;3100;1903
22766;2371;1996;1778;3085;1905
22806;2371;1997;1778;3093;1895
22846;2371;1997;1778;3097;1886
22856;2371;1997;1778;3098;1883
22906;2371;1997;1778;3101;1864
22986;2371;1997;1778;3125;1846
23026;2371;1997;1778;3121;1847
23066;2371;1997;1778;3128;1846
23106;2371;1997;1778;3130;1842
23146;2371;1997;1778;3135;1841
23186;2371;1997;1778;3132;1842
23216;2371;1997;1778;3130;1840
23256;2371;1997;1778;3137;1838
23296;2371;1997;1778;3140;1838
23336;2371;1997;1778;3140;1838
23366;2371;1997;1777;3139;1839
23406;2371;1997;1777;3140;1839
23446;2371;1997;1778;3135;1840
23486;2371;1997;1778;3134;1844
23516;2371;1997;1778;3134;1845
23556;2371;1997;1778;3138;1845
23596;2371;1997;1778;3143;1845
23636;2371;1997;1778;3147;1844
23666;2371;1997;1778;3148;1844
23706;2371;1997;1778;3154;1845
23746;2372;1997;1778;3162;1843
23786;2372;1997;1778;3166;1841
23816;2372;1997;1778;3164;1844
23856;2372;1997;1777;3163;1847
23896;2372;1997;1777;3161;1852
23936;2372;1997;1777;3158;1858
23966;2371;1997;1778;3151;1868
23996;2371;1997;1778;3140;1876
24046;2371;1997;1778;3130;1883
24086;2371;1997;1778;3115;1889
24096;2371;1997;1778;3112;1889
24146;2371;1997;1778;3114;1887
24226;2371;1997;1777;3089;1898
24266;2371;1997;1777;3067;1897
24306;2371;1997;1778;3051;1897
24346;2371;1997;1778;3049;1888
24386;2371;1997;1778;3056;1878
24436;2371;1996;1778;3045;1863
24466;2371;1996;1778;3024;1852
24506;2371;1996;1778;3024;1837
24546;2371;1996;1778;3048;1818
24586;2370;1996;1777;3090;1810
24616;2370;1996;1777;3109;1806
24656;2370;1997;1777;3121;1819
24696;2370;1996;1777;3147;1811
24736;2372;1996;1777;3201;1777
24766;2373;1996;1777;3222;1772
24806;2375;1995;1777;3251;1774
24846;2376;1995;1777;3277;1764
24886;2379;1995;1777;3248;1795
24916;2379;1997;1778;3223;1833
24956;2379;1998;1778;3149;1845
24996;2378;1999;1777;3025;1816
25036;2377;1999;1777;2874;1731
25076;2378;1999;1777;2806;1685
25116;2379;2000;1777;2807;1680
25156;2380;2000;1777;2786;1681
25196;2381;2000;1778;2725;1642
25236;2381;2000;1778;2691;1615
25276;2381;2000;1778;2688;1598
25306;2382;2000;1778;2695;1595
25346;2382;2000;1777;2705;1587
25386;2381;2000;1777;2715;1589
25426;2381;2000;1778;2722;1586
25466;2380;2000;1778;2724;1588
25506;2379;2000;1778;2726;1586
25546;2379;2000;1777;2745;1575
25586;2379;2001;1777;2754;1564
25616;2379;2001;1777;2753;1562
25656;2379;2001;1777;2745;1560
25686;2379;2001;1777;2744;1567
25726;2379;2001;1777;2743;1570
25766;2378;2001;1777;2748;1570
25806;2378;2001;1777;2747;1570
25846;2378;2001;1777;2747;1574
25886;2378;2001;1777;2755;1575
25916;2379;2001;1778;2759;1575
25956;2379;2001;1778;2764;1581
25996;2379;2001;1778;2770;1582
26036;2380;2001;1778;2742;1630
26066;2380;2001;1778;2747;1641
26106;2383;2001;1778;2727;1671
26146;2386;2001;1778;2682;1698
26186;2390;2001;1778;2647;1719
26216;2389;2001;1778;2633;1724
26256;2390;2001;1778;2486;1661
26296;2390;2001;1778;2455;1677
26336;2390;2001;1778;2451;1695
26366;2389;2001;1778;2463;1703
26406;2389;2001;1778;2466;1713
26436;2388;2002;1778;2460;1722
26476;2388;2001;1777;2459;1726
26516;2387;2001;1777;2470;1732
26556;2388;2001;1777;2467;1756
26596;2388;2001;1777;2465;1759
26636;2387;2001;1777;2452;1766
26666;2387;2001;1777;2449;1770
26706;2388;2001;1777;2434;1783
26746;2387;2002;1778;2423;1798
26756;2384;2002;1778;2419;1800
26786;2380;2002;1778;2411;1815
26826;2381;2002;1778;2394;1830
26866;2369;2002;1778;2380;1831
26906;2358;2002;1777;2383;1825
26946;2350;2002;1777;2384;1817
26986;2344;2002;1777;2381;1799
27026;2340;1999;1777;2254;1723
27066;2332;1996;1778;2242;1711
27106;2328;1990;1778;2241;1674
27146;2331;1985;1778;2251;1650
27176;2322;1976;1778;2263;1652
27216;2315;1968;1778;2267;1651
27256;2312;1962;1778;2271;1652
27296;2306;1955;1778;2311;1658
27336;2299;1943;1778;2344;1660
27376;2290;1937;1778;2353;1662
27416;2280;1932;1778;2349;1657
27456;2269;1923;1778;2358;1659
27496;2259;1908;1778;2373;1659
27536;2253;1894;1778;2364;1660
27566;2248;1894;1778;2358;1663
27606;2250;1892;1778;2360;1661
27646;2248;1887;1778;2362;1660
27686;2236;1879;1778;2378;1663
27716;2225;1874;1778;2378;1666
27756;2213;1871;1778;2380;1670
27796;2206;1859;1778;2386;1671
27836;2196;1846;1778;2391;1668
27866;2192;1837;1778;2392;1667
27906;2178;1830;1779;2390;1671
27936;2169;1824;1778;2392;1672
27976;2178;1819;1778;2390;1672
28016;2165;1816;1778;2388;1674
28056;2151;1811;1778;2388;1674
28096;2141;1804;1778;2390;1678
28136;2131;1791;1778;2391;1675
28166;2065;1783;1778;2397;1682
28206;2028;1778;1778;2391;1684
28246;2002;1772;1777;2395;1684
28286;1992;1764;1777;2395;1680
28316;1983;1754;1777;2395;1682
28356;1968;1749;1777;2401;1683
28396;1957;1742;1777;2406;1685
28436;1948;1729;1777;2408;1686
28466;1944;1706;1777;2421;1690
28506;1935;1705;1777;2439;1702
28546;1928;1701;1777;2484;1763
28586;1919;1699;1777;2502;1781
28616;1912;1694;1777;2533;1810
28656;1904;1683;1777;2618;1871
28686;1890;1676;1777;2653;1897
28726;1883;1664;1777;2691;1906
28766;1874;1658;1777;2694;1913
28806;1864;1651;1777;2748;1934
28846;1853;1648;1777;2760;1939
28886;1841;1639;1777;2796;1960
28916;1836;1635;1777;2805;1968
28956;1831;1628;1777;2805;1969
28996;1822;1620;1777;2808;1979
29036;1810;1617;1777;2824;2010
29066;1797;1614;1777;2829;2018
29106;1790;1608;1777;2841;2034
29146;1786;1599;1777;2863;2055
29186;1773;1593;1777;2855;2056
29216;1766;1589;1775;2854;2062
29256;1766;1576;1774;2853;2062
29296;1742;1555;1772;2851;2065
29336;1725;1554;1769;2847;2066
29366;1686;1547;1768;2841;2067
29406;1665;1543;1767;2837;2074
29436;1637;1539;1766;2844;2073
29476;1595;1530;1765;2834;2076
29516;1570;1519;1763;2826;2075
29556;1552;1508;1762;2811;2074
29596;1530;1488;1761;2805;2081
29636;1524;1482;1758;2812;2090
29666;1517;1489;1756;2810;2098
29706;1505;1492;1753;2809;2104
29786;1493;1487;1747;2807;2117
29826;1474;1478;1744;2806;2130
29866;1467;1472;1741;2809;2146
29906;1462;1465;1740;2810;2153
29946;1444;1457;1740;2800;2165
29986;1435;1450;1739;2811;2150
30016;1425;1445;1739;2808;2157
30056;1416;1444;1737;2815;2165
30096;1405;1440;1735;2818;2175
30136;1392;1425;1730;2827;2186
30166;1385;1417;1726;2827;2190
30206;1374;1416;1723;2827;2204
30246;1363;1413;1722;2829;2213
30286;1354;1406;1721;2833;2216
30326;1347;1394;1717;2845;2240
30366;1336;1389;1716;2885;2310
30406;1326;1384;1714;2910;2328
30446;1317;1380;1711;2904;2349
30476;1311;1376;1709;2912;2356
30526;1302;1367;1706;2985;2474
30536;1296;1353;1705;2987;2479
30586;1286;1349;1703;2992;2509
30616;1279;1348;1700;3016;2531
30656;1266;1341;1698;3054;2590
30696;1259;1339;1696;3069;2624
30726;1250;1335;1695;3082;2642
30766;1246;1326;1692;3102;2687
30806;1239;1319;1690;3128;2730
30856;1226;1309;1685;3143;2765
30886;1215;1299;1682;3151;2780
30946;1209;1288;1678;3209;2851
30986;1200;1281;1676;3227;2876
31026;1190;1270;1674;3279;2942
31066;1183;1256;1672;3334;2980
31106;1173;1250;1671;3344;2965
31146;1163;1242;1670;3347;2994
31186;1153;1236;1663;3348;2995
31226;1145;1230;1656;3347;3031
31236;1142;1203;1652;3346;3039
31266;1138;1205;1650;3339;3046
31306;1131;1211;1648;3343;3100
31346;1125;1213;1646;3344;3135
31406;1117;1208;1642;3344;3158
31446;1110;1198;1640;3347;3176
31486;1101;1193;1638;3333;3200
31526;1092;1190;1637;3317;3227
31566;1086;1181;1636;3311;3247
31606;1081;1173;1636;3330;3268
31686;1070;1156;1635;3418;3351
31726;1060;1140;1634;3407;3359
31766;1052;1132;1633;3393;3390
31806;1044;1127;1633;3363;3397
31846;1037;1123;1632;3338;3421
31886;1034;1114;1631;3335;3431
31916;1031;1110;1630;3337;3438
31956;1025;1110;1629;3337;3470
31986;1021;1106;1629;3336;3486
32036;1015;1103;1628;3331;3499
32066;1008;1101;1626;3335;3511
32106;1003;1098;1626;3336;3536
32146;997;1095;1625;3338;3567
32186;991;1088;1623;3323;3584
32216;988;1078;1621;3324;3614
32256;986;1073;1619;3311;3638
32296;984;1071;1617;3299;3654
32336;982;1069;1615;3297;3666
32366;976;1065;1614;3305;3684
32406;969;1059;1613;3296;3703
32446;966;1055;1612;3293;3721
32486;964;1054;1610;3288;3748
32516;962;1051;1608;3292;3766
32556;956;1051;1607;3306;3797
32596;949;1046;1602;3359;3761
32636;942;1044;1590;3398;3578
32666;937;1043;1581;3393;3590
32706;934;1043;1577;3372;3665
32746;933;1042;1575;3345;3771
32786;932;1041;1574;3309;3836
32816;931;1037;1573;3318;3822
32856;930;1035;1573;3313;3856
32896;929;1034;1573;3295;3880
32936;926;1034;1573;3291;3893
32966;923;1032;1573;3290;3904
33006;921;1029;1573;3301;3925
33046;919;1027;1573;3319;3945
33086;918;1025;1573;3327;3963
33116;917;1023;1573;3329;3979
33156;916;1019;1573;3333;4002
33196;916;1017;1573;3339;4026
33236;916;1016;1573;3335;4046
33266;915;1015;1573;3341;4059
33306;914;1014;1573;3338;4055
33346;913;1014;1573;3343;4052
33386;913;1014;1573;3348;4058
33416;913;1014;1573;3348;4061
33456;913;1014;1573;3347;4059
33496;913;1014;1573;3338;4057
33546;913;1014;1573;3320;4057
33576;913;1014;1573;3311;4056
33616;913;1014;1573;3299;4051
33656;913;1014;1573;3289;4036
33696;913;1013;1573;3282;4027
33736;913;1013;1573;3267;4015
33776;912;1013;1573;3268;4013
33816;912;1013;1573;3256;4010
33856;912;1013;1573;3253;4019
33896;912;1013;1573;3244;4024
33936;912;1013;1573;3243;4025
33976;912;1013;1573;3242;4027
34016;912;1013;1573;3245;4030
34056;912;1013;1573;3241;4033
34096;912;1013;1573;3240;4037
34136;912;1013;1573;3240;4035
34166;912;1013;1573;3240;4033
34206;912;1013;1573;3245;4036
34246;912;1013;1573;3250;4036
34286;912;1013;1573;3253;4036
34316;912;1013;1573;3258;4038
34356;912;1013;1573;3256;4014
34396;912;1013;1573;3266;3969
34436;912;1013;1573;3284;3885
34466;912;1013;1573;3304;3790
34506;912;1013;1573;3333;3672
34546;912;1013;1573;3355;3540
34586;912;1013;1573;3383;3432
34616;912;1013;1573;3390;3344
34636;913;1013;1573;3378;3276
34686;913;1013;1573;3383;3201
34726;913;1013;1573;3390;3149
34766;913;1013;1573;3387;3071
34806;914;1013;1573;3389;2993
34846;914;1013;1573;3387;2943
34886;914;1013;1573;3380;2888
34916;914;1013;1573;3374;2846
34956;914;1013;1573;3370;2821
34996;914;1013;1573;3357;2768
35036;915;1013;1573;3351;2729
35066;916;1013;1574;3348;2704
35106;918;1013;1574;3344;2684
35146;923;1013;1574;3348;2661
35186;927;1013;1574;3348;2629
35216;931;1013;1574;3357;2604
35256;934;1013;1574;3360;2573
35296;938;1013;1574;3359;2550
35336;941;1013;1574;3257;2366
35366;946;1013;1574;3257;2366
35406;954;1013;1574;3261;2360
35446;959;1014;1574;3263;2358
35486;964;1014;1574;3270;2335
35516;972;1014;1574;3270;2328
35556;978;1014;1574;3274;2321
35596;981;1014;1574;3273;2302
35636;985;1014;1574;3283;2284
35666;992;1014;1574;3287;2273
35706;998;1014;1574;3296;2260
35746;1004;1014;1574;3303;2255
35786;1011;1014;1574;3318;2246
35816;1017;1014;1573;3324;2239
35856;1023;1014;1575;3333;2220
35896;1026;1014;1578;3341;2218
35936;1031;1014;1581;3349;2216
35966;1036;1014;1583;3361;2210
36006;1043;1014;1586;3366;2201
36046;1051;1014;1590;3377;2186
36086;1060;1014;1594;3392;2177
36116;1066;1015;1597;3398;2172
36156;1072;1015;1600;3400;2179
36206;1078;1015;1604;3411;2163
36246;1084;1017;1610;3418;2152
36286;1093;1019;1619;3416;2151
36316;1101;1021;1623;3413;2148
36356;1108;1025;1626;3418;2128
36396;1114;1027;1630;3433;2112
36436;1123;1031;1635;3439;2107
36476;1130;1034;1639;3459;2086
36516;1134;1035;1643;3483;2047
36556;1142;1036;1650;3484;2046
36606;1152;1044;1658;3497;2034
36646;1163;1053;1663;3490;2052
36686;1172;1064;1666;3492;2049
36726;1187;1087;1668;3388;2144
36766;1195;1102;1669;3402;2141
36806;1204;1116;1669;3404;2126
36846;1217;1130;1669;3412;2130
36886;1228;1137;1669;3403;2139
36926;1234;1152;1669;3409;2137
36966;1244;1170;1670;3399;2143
37006;1254;1179;1670;3417;2145
37046;1264;1196;1671;3422;2148
37086;1274;1207;1671;3411;2161
37126;1286;1218;1671;3405;2169
37166;1296;1231;1671;3404;2183
37206;1304;1240;1672;3400;2190
37246;1313;1255;1672;3394;2192
37286;1321;1266;1672;3392;2188
37296;1330;1275;1672;3392;2185
37346;1335;1280;1673;3410;2167
37386;1342;1295;1675;3418;2152
37426;1352;1306;1677;3428;2137
37466;1365;1320;1680;3452;2116
37506;1372;1328;1685;3461;2105
37546;1385;1336;1688;3478;2096
37586;1398;1341;1692;3494;2088
37616;1404;1327;1694;3501;2076
37656;1414;1351;1696;3507;2078
37696;1422;1365;1697;3513;2075
37736;1437;1376;1698;3500;2076
37766;1445;1380;1699;3498;2088
37806;1452;1396;1701;3471;2108
37846;1462;1406;1702;3475;2105
37886;1473;1416;1703;3464;2102
37916;1483;1428;1703;3466;2097
37956;1493;1431;1704;3464;2101
37996;1504;1440;1705;3460;2101
38036;1507;1450;1706;3458;2099
38066;1517;1460;1707;3451;2104
38106;1528;1472;1708;3442;2109
38146;1535;1482;1708;3451;2101
38186;1551;1490;1708;3440;2102
38216;1582;1487;1709;3436;2108
38256;1596;1479;1709;3431;2108
38296;1650;1499;1710;3400;2123
38336;1686;1516;1711;3402;2125
38366;1713;1532;1712;3389;2131
38406;1737;1539;1713;3391;2138
38436;1743;1547;1714;3364;2144
38476;1759;1562;1714;3356;2144
38486;1770;1572;1714;3354;2141
38516;1772;1580;1714;3342;2134
38556;1776;1590;1714;3349;2131
38596;1785;1603;1715;3341;2116
38636;1798;1608;1716;3343;2110
38666;1805;1616;1718;3347;2099
38706;1819;1625;1720;3351;2094
38746;1823;1629;1721;3347;2091
38786;1835;1637;1722;3370;2076
38816;1844;1642;1723;3359;2083
38826;1849;1647;1724;3359;2085
38876;1860;1652;1727;3376;2071
38916;1867;1654;1730;3376;2074
38956;1882;1666;1734;3375;2059
38996;1892;1673;1735;3363;2072
39036;1902;1688;1735;3361;2090
39076;1914;1692;1735;3361;2084
39116;1923;1699;1735;3340;2116
39156;1928;1710;1735;3322;2129
39196;1938;1725;1735;3322;2117
39236;1949;1734;1735;3301;2127
39266;1955;1742;1734;3302;2127
39306;1966;1753;1735;3313;2107
39346;1972;1761;1736;3327;2087
39386;1983;1766;1736;3338;2064
39416;1990;1771;1737;3345;2068
39456;1996;1774;1738;3363;2027
39496;2006;1778;1739;3364;2016
39536;2013;1781;1742;3384;1995
39566;2021;1784;1746;3389;1986
39606;2025;1793;1750;3388;1993
39646;2098;1802;1753;3393;1982
39686;2131;1808;1754;3398;1977
39716;2160;1812;1756;3395;1978
39756;2180;1815;1758;3416;1967
39796;2191;1819;1759;3418;1973
39836;2192;1824;1760;3422;1974
39866;2200;1828;1761;3416;1980
39906;2204;1835;1761;3424;1980
39946;2211;1840;1762;3430;1962
39986;2223;1844;1763;3423;1977
40016;2227;1856;1764;3416;1975
40056;2235;1864;1764;3424;1971
40096;2242;1868;1764;3430;1955
40136;2248;1871;1765;3443;1938
40166;2254;1871;1766;3447;1932
40206;2259;1877;1767;3441;1942
40246;2268;1883;1768;3445;1942
40286;2276;1887;1769;3431;1959
40316;2281;1890;1771;3437;1965
40356;2287;1892;1773;3436;1962
40396;2290;1894;1775;3434;1969
40436;2292;1892;1776;3426;1975
40466;2295;1891;1776;3438;1970
40506;2300;1898;1776;3439;1968
40546;2303;1901;1776;3448;1957
40586;2306;1904;1777;3451;1944
40616;2310;1907;1777;3457;1938
40656;2319;1918;1777;3443;1963
40696;2326;1923;1778;3437;1968
40736;2327;1925;1778;3439;1970
40766;2329;1927;1778;3436;1971
40806;2332;1928;1778;3430;1974
40846;2331;1931;1778;3402;2000
40886;2331;1933;1778;3391;2004
40916;2331;1935;1778;3380;2010
40956;2331;1934;1778;3370;2022
40996;2332;1934;1778;3397;1998
41036;2336;1936;1778;3413;1981
41066;2340;1944;1778;3413;1990
41096;2342;1948;1778;3434;1972
41146;2349;1951;1779;3440;1961
41186;2353;1958;1780;3461;1946
41216;2355;1962;1781;3471;1937
41256;2353;1963;1782;3477;1917
41296;2356;1964;1783;3455;1946
41336;2359;1966;1784;3461;1943
41366;2361;1967;1785;3463;1950
41406;2362;1968;1785;3464;1952
41446;2362;1968;1785;3465;1947
41486;2361;1968;1785;3473;1939
41516;2361;1968;1785;3477;1934
41556;2361;1968;1785;3488;1929
41596;2361;1968;1785;3489;1927
41636;2361;1968;1785;3493;1926
41666;2361;1968;1785;3498;1913
41706;2361;1968;1785;3522;1898
41746;2363;1968;1785;3534;1886
41786;2363;1968;1785;3536;1873
41826;2362;1968;1786;3540;1863
41866;2364;1968;1787;3545;1845
41906;2369;1968;1788;3548;1835
41976;2373;1968;1795;3511;1869
42006;2375;1968;1799;3509;1872
42046;2375;1968;1801;3507;1872
42086;2376;1968;1802;3508;1875
42126;2376;1968;1803;3509;1875
42166;2376;1968;1803;3509;1875
42236;2376;1968;1803;3511;1876
42276;2376;1968;1803;3512;1876
42316;2376;1968;1804;3512;1876
42356;2376;1968;1804;3512;1877
42396;2377;1968;1804;3515;1877
42436;2376;1968;1804;3514;1879
42466;2377;1968;1804;3520;1880
42506;2377;1968;1804;3522;1881
42546;2377;1968;1804;3524;1880
42586;2376;1968;1804;3525;1880
42616;2376;1968;1804;3525;1881
42656;2376;1968;1804;3527;1885
42696;2376;1968;1804;3529;1885
42736;2376;1968;1804;3525;1885
42816;2377;1968;1804;3525;1884
42856;2376;1968;1804;3527;1882
42896;2377;1968;1804;3527;1881
42936;2378;1968;1804;3527;1881
42976;2378;1968;1804;3527;1883
43016;2378;1968;1804;3527;1888
43056;2377;1968;1804;3529;1890
43096;2377;1968;1804;3529;1890
43136;2377;1968;1804;3531;1891
43166;2377;1968;1804;3529;1889
43206;2378;1968;1804;3529;1890
43246;2378;1968;1804;3530;1891
43286;2378;1968;1804;3528;1889
43316;2378;1968;1804;3527;1889
43356;2378;1968;1804;3527;1890
43396;2378;1969;1804;3526;1890
43436;2378;1968;1804;3529;1898
43466;2378;1968;1804;3527;1901
43506;2378;1968;1804;3527;1903
43546;2379;1968;1804;3524;1902
43586;2379;1968;1804;3523;1904
43616;2380;1968;1804;3526;1908
43656;2379;1968;1804;3527;1915
43696;2379;1968;1804;3535;1916
43736;2379;1968;1804;3547;1923
43766;2380;1968;1804;3557;1929
43806;2380;1968;1804;3553;1948
43846;2379;1968;1804;3522;2011
43886;2379;1969;1804;3495;2063
43916;2379;1969;1804;3494;2106
43956;2381;1969;1804;3493;2124
43996;2380;1969;1804;3496;2134
44036;2379;1969;1804;3499;2127
44066;2379;1969;1804;3504;2123
44106;2379;1969;1804;3509;2119
44146;2379;1969;1804;3516;2116
44186;2379;1969;1804;3521;2116
44216;2379;1969;1804;3527;2114
44256;2379;1969;1804;3528;2117
44296;2378;1969;1804;3530;2116
44336;2378;1969;1805;3534;2117
44366;2378;1969;1805;3532;2119
44406;2378;1969;1805;3533;2118
44446;2378;1969;1805;3532;2120
44486;2378;1969;1805;3534;2120
44516;2378;1969;1805;3532;2121
44556;2379;1969;1805;3531;2123
44596;2379;1969;1805;3534;2124
44636;2379;1969;1805;3532;2128
44666;2379;1969;1805;3533;2130
44706;2379;1969;1805;3533;2129
44746;2379;1969;1805;3535;2130
44786;2379;1969;1805;3535;2131
44816;2379;1969;1805;3538;2131
44856;2379;1969;1805;3540;2131
44896;2379;1969;1805;3540;2130
44936;2379;1969;1805;3541;2127
44966;2379;1969;1805;3542;2127
45006;2378;1969;1805;3545;2125
45046;2378;1969;1805;3548;2125
45086;2378;1969;1805;3551;2127
45116;2378;1969;1805;3550;2127
45156;2378;1969;1805;3550;2128
45196;2378;1969;1805;3553;2128
45236;2378;1969;1805;3551;2130
45266;2378;1969;1805;3551;2130
45296;2378;1969;1805;3551;2132
45346;2378;1969;1805;3553;2137
45386;2378;1969;1805;3553;2140
45436;2377;1969;1805;3551;2141
45466;2377;1969;1806;3550;2148
45506;2377;1969;1805;3553;2148
45546;2377;1969;1805;3554;2144
45586;2377;1969;1805;3554;2141
45626;2377;1969;1804;3557;2146
45666;2377;1969;1804;3557;2145
45706;2377;1969;1804;3560;2145
45746;2378;1969;1804;3560;2146
45786;2378;1969;1804;3557;2146
45826;2378;1969;1804;3559;2145
45866;2378;1969;1805;3559;2147
45906;2377;1969;1805;3562;2146
45946;2377;1969;1805;3562;2148
45986;2377;1969;1805;3562;2150
46026;2377;1969;1805;3560;2152
46066;2378;1969;1804;3563;2152
46106;2378;1969;1804;3561;2152
46146;2378;1969;1804;3561;2152
46186;2377;1968;1804;3560;2150
46226;2377;1968;1804;3562;2152
46266;2377;1968;1804;3562;2154
46306;2377;1968;1804;3564;2153
46346;2377;1968;1804;3564;2154
46386;2377;1968;1804;3565;2152
46416;2377;1968;1805;3566;2153
46466;2377;1968;1805;3562;2152
46506;2377;1968;1805;3565;2155
46546;2377;1968;1805;3564;2155
46586;2377;1969;1805;3567;2154
46616;2377;1969;1805;3564;2155
46656;2377;1969;1805;3565;2155
46696;2377;1969;1805;3594;2091
46736;2378;1969;1805;3618;2021
46766;2380;1969;1805;3642;1991
46806;2381;1969;1805;3658;1961
46846;2382;1969;1805;3660;1958
46886;2382;1969;1805;3658;1966
46916;2381;1968;1805;3651;1970
46956;2381;1968;1805;3643;1974
46996;2380;1968;1805;3645;1975
47036;2381;1968;1805;3643;1978
47066;2382;1968;1806;3643;1978
47106;2383;1968;1806;3643;1979
47146;2383;1968;1806;3643;1981
47186;2382;1968;1806;3641;1983
47216;2382;1968;1806;3639;1985
47256;2382;1968;1806;3637;1986
47296;2382;1968;1806;3635;1986
47336;2382;1968;1806;3633;1986
47366;2382;1968;1806;3631;1988
47406;2382;1968;1806;3628;1988
47446;2382;1968;1806;3629;1988
47486;2382;1968;1806;3626;1991
47516;2383;1968;1806;3624;1993
47556;2383;1968;1806;3618;1994
47596;2382;1968;1805;3614;1994
47636;2382;1968;1805;3606;1995
47666;2382;1968;1806;3605;1995
47706;2382;1968;1806;3597;1996
47746;2382;1968;1805;3595;1998
47786;2382;1968;1805;3595;1997
47816;2382;1968;1805;3590;1998
47856;2382;1968;1805;3591;1998
47896;2382;1968;1805;3594;2003
47936;2382;1968;1805;3587;2004
47966;2382;1968;1805;3580;2014
48006;2382;1968;1805;3554;2035
48046;2382;1968;1805;3492;2130
48086;2384;1968;1805;3458;2191
48116;2385;1968;1806;3430;2220
48156;2385;1968;1807;3397;2263
48196;2386;1968;1806;3358;2281
48236;2388;1968;1807;3337;2308
48266;2389;1968;1806;3323;2319
48306;2390;1968;1806;3316;2331
48346;2389;1968;1806;3307;2339
48386;2387;1968;1806;3310;2336
48416;2386;1968;1806;3311;2328
48456;2386;1968;1806;3306;2328
48496;2386;1968;1806;3305;2314
48536;2386;1968;1806;3313;2307
48566;2386;1968;1806;3319;2301
48606;2388;1969;1806;3330;2296
48646;2387;1969;1806;3342;2291
48686;2385;1969;1806;3350;2289
48716;2387;1969;1806;3352;2293
48756;2383;1969;1806;3356;2303
48796;2379;1969;1806;3350;2313
48836;2376;1969;1806;3351;2332
48866;2373;1969;1806;3352;2340
48906;2368;1969;1806;3352;2347
48946;2358;1967;1806;3351;2352
48986;2351;1965;1806;3352;2349
49016;2344;1961;1806;3354;2350
49056;2341;1955;1806;3375;2314
49096;2337;1943;1806;3363;2329
49136;2331;1937;1806;3366;2323
49166;2328;1932;1806;3361;2332
49206;2321;1930;1806;3367;2334
49246;2314;1926;1806;3371;2341
49286;2312;1913;1805;3371;2341
49316;2310;1904;1805;3370;2344
49356;2306;1899;1805;3370;2346
49396;2304;1897;1805;3371;2343
49436;2298;1894;1805;3367;2350
49466;2287;1893;1805;3366;2347
49496;2279;1889;1805;3367;2348
49546;2268;1880;1806;3363;2342
49576;2257;1874;1806;3364;2348
49586;2250;1872;1805;3365;2347
49616;2249;1871;1805;3363;2347
49656;2242;1862;1805;3367;2353
49696;2248;1854;1805;3363;2357
49736;2242;1844;1805;3362;2364
49766;2232;1836;1805;3362;2365
49806;2220;1829;1805;3354;2361
49846;2211;1825;1805;3357;2356
49886;2200;1819;1805;3348;2364
49916;2193;1816;1806;3341;2361
49956;2182;1813;1806;3334;2364
49996;2175;1808;1806;3335;2365
50036;2178;1802;1805;3320;2360
50066;2180;1792;1805;3321;2359
50106;2162;1782;1805;3323;2360
50146;2146;1777;1805;3320;2360
50186;2137;1772;1803;3309;2360
50216;2066;1766;1804;3310;2364
50256;2031;1759;1805;3306;2360
50296;2004;1752;1805;3304;2362
50336;1990;1744;1805;3306;2355
50366;1980;1739;1806;3312;2361
50406;1964;1725;1806;3311;2355
50446;1956;1713;1805;3308;2350
50486;1943;1698;1805;3317;2354
50516;1942;1696;1806;3322;2352
50556;1933;1694;1806;3329;2358
50596;1924;1684;1805;3339;2361
50636;1914;1677;1805;3350;2367
50666;1906;1667;1805;3349;2371
50706;1895;1663;1805;3346;2376
50746;1891;1656;1805;3346;2379
50786;1882;1652;1805;3348;2386
50816;1872;1647;1805;3341;2386
50856;1865;1637;1805;3348;2386
50896;1854;1634;1805;3348;2391
50936;1839;1628;1805;3346;2398
50966;1836;1622;1805;3347;2400
51006;1821;1618;1805;3351;2403
51046;1817;1614;1805;3347;2407
51086;1804;1607;1803;3343;2411
51116;1794;1598;1799;3354;2408
51156;1789;1592;1795;3356;2420
51196;1787;1584;1794;3368;2430
51236;1773;1563;1794;3368;2435
51266;1765;1551;1793;3376;2440
51306;1743;1552;1790;3366;2448
51346;1733;1542;1788;3375;2448
51386;1712;1540;1786;3379;2449
51416;1698;1533;1785;3382;2453
51456;1667;1526;1783;3387;2450
51496;1618;1513;1782;3381;2468
51536;1577;1475;1779;3402;2488
51566;1552;1458;1777;3438;2517
51606;1542;1468;1775;3455;2541
51646;1526;1480;1772;3467;2567
51686;1518;1483;1769;3512;2626
51716;1507;1485;1768;3533;2656
51756;1500;1479;1766;3562;2697
51796;1491;1474;1765;3592;2730
51836;1484;1455;1764;3609;2757
51866;1473;1444;1763;3613;2769
51906;1465;1442;1762;3628;2795
51946;1461;1437;1761;3637;2833
51986;1441;1419;1760;3641;2849
52016;1435;1418;1758;3636;2852
52056;1424;1414;1755;3651;2857
52096;1416;1409;1750;3661;2877
52136;1408;1401;1746;3657;2888
52166;1395;1394;1743;3653;2891
52206;1388;1390;1741;3648;2901
52246;1376;1385;1739;3656;2907
52276;1362;1381;1737;3654;2919
52286;1356;1378;1738;3657;2920
52316;1353;1374;1739;3660;2933
52356;1348;1331;1739;3657;2952
52396;1338;1340;1738;3656;2959
52436;1329;1339;1736;3664;2973
52466;1320;1337;1733;3661;2975
52506;1314;1335;1728;3644;2984
52546;1307;1328;1725;3658;3002
52586;1298;1322;1723;3655;3006
52616;1287;1315;1722;3650;3011
52646;1279;1308;1719;3647;3023
52676;1273;1298;1716;3641;3034
52726;1264;1292;1715;3646;3065
52856;1244;1282;1709;3653;3093
52896;1230;1280;1703;3655;3109
52936;1218;1273;1698;3647;3106
52976;1210;1263;1696;3645;3150
53016;1200;1258;1694;3635;3172
53056;1191;1250;1692;3624;3196
53136;1178;1202;1687;3626;3240
53176;1167;1209;1684;3620;3267
53216;1157;1213;1681;3618;3286
53256;1148;1211;1677;3620;3318
53306;1141;1200;1674;3617;3335
53346;1133;1193;1672;3614;3360
53386;1126;1190;1671;3615;3373
53426;1119;1181;1670;3621;3394
53466;1112;1173;1669;3619;3405
53506;1107;1167;1668;3618;3420
53546;1099;1149;1666;3628;3449
53586;1090;1146;1664;3616;3467
53626;1084;1140;1661;3631;3516
53666;1078;1131;1659;3637;3539
53706;1073;1124;1658;3638;3562
53746;1066;1115;1656;3641;3588
53786;1058;1113;1654;3633;3601
53816;1051;1112;1650;3624;3624
53856;1044;1107;1647;3613;3633
53896;1039;1104;1645;3610;3664
53936;1034;1101;1644;3600;3676
53966;1031;1097;1644;3601;3689
54006;1026;1094;1643;3590;3705
54046;1023;1088;1641;3587;3717
54086;1017;1082;1639;3580;3740
54116;1012;1077;1637;3572;3759
54156;1007;1076;1636;3570;3766
54196;1002;1074;1635;3552;3798
54236;996;1070;1633;3543;3808
54266;990;1067;1633;3541;3826
54306;987;1065;1632;3532;3846
54346;985;1061;1632;3520;3872
54386;984;1055;1631;3526;3894
54416;983;1054;1629;3517;3910
54456;979;1051;1628;3514;3918
54496;972;1051;1628;3512;3940
54536;967;1051;1627;3511;3976
54566;964;1046;1627;3500;3990
54586;963;1042;1626;3500;3990
54606;963;1040;1627;3504;4013
54646;959;1036;1627;3497;4039
54686;953;1032;1626;3498;4064
54716;948;1033;1625;3495;4072
54756;945;1034;1625;3495;4090
54796;943;1032;1623;3490;4095
54826;942;1029;1621;3489;4095
54866;939;1026;1619;3479;4095
54906;937;1023;1618;3475;4095
54946;935;1021;1617;3473;4095
54986;933;1018;1616;3470;4095
55016;932;1016;1615;3472;4095
55056;932;1015;1613;3467;4095
55096;931;1014;1612;3461;4095
55136;930;1012;1611;3458;4095
55166;929;1011;1611;3458;4095
55206;927;1009;1610;3450;4095
55246;924;1008;1610;3450;4095
55276;921;1007;1610;3444;4095
55286;920;1006;1610;3446;4095
55316;920;1005;1610;3448;4095
55356;919;1004;1609;3456;4095
55396;918;1001;1608;3464;4095
55436;917;999;1607;3472;4095
55466;916;998;1607;3474;4095
55506;915;997;1607;3477;4095
55546;913;997;1606;3482;4095
55586;912;996;1606;3491;4095
55616;912;995;1606;3493;4095
55656;912;996;1605;3495;4095
55696;911;996;1604;3498;4095
55736;911;996;1604;3501;4095
55766;911;996;1604;3499;4095
55806;911;996;1603;3503;4095
55846;911;995;1602;3507;4095
55886;911;995;1602;3509;4095
55916;911;995;1602;3512;4095
55916;911;995;1602;3512;4095
55976;911;995;1602;3514;4095
56016;911;995;1602;3517;4095
56056;911;995;1602;3516;4095
56096;911;995;1602;3517;4095
56136;911;995;1602;3519;4095
56176;911;995;1602;3520;4095
56216;911;995;1602;3521;4095
56256;911;995;1602;3522;4095
56296;911;995;1602;3522;4095
56336;911;994;1602;3519;4095
56366;911;994;1601;3520;4095
56406;911;994;1601;3541;4095
56446;911;995;1602;3569;4039
56486;911;995;1602;3595;3866
56516;911;995;1602;3606;3737
56546;911;995;1602;3607;3642
56556;911;995;1602;3615;3606
56556;911;995;1602;3615;3606
56636;911;995;1602;3619;3411
56666;911;995;1602;3614;3353
56706;911;996;1602;3621;3303
56746;911;996;1602;3633;3237
56786;912;996;1602;3640;3181
56816;912;996;1602;3637;3138
56856;912;996;1602;3642;3103
56896;912;996;1602;3651;3067
56936;912;996;1602;3658;3035
56966;913;996;1602;3664;3017
57006;914;996;1602;3673;3001
57046;916;996;1602;3684;2979
57066;918;996;1602;3686;2967
57116;924;996;1602;3694;2950
57156;928;996;1602;3695;2921
57196;932;996;1602;3702;2900
57236;935;996;1602;3705;2877
57266;939;997;1602;3714;2874
57306;941;997;1602;3717;2856
57346;949;997;1602;3726;2844
57386;956;997;1602;3730;2838
57416;959;997;1602;3736;2836
57456;964;997;1602;3740;2824
57496;973;997;1602;3742;2806
57536;979;997;1602;3750;2787
57566;981;997;1602;3755;2780
57606;985;997;1602;3760;2762
57646;992;997;1602;3766;2734
57686;999;997;1602;3775;2729
57716;1005;997;1602;3779;2724
57756;1012;998;1602;3787;2705
57796;1018;998;1602;3789;2695
57836;1023;998;1602;3807;2666
57866;1026;998;1604;3812;2655
57906;1031;998;1605;3825;2639
57946;1036;997;1606;3833;2622
57986;1043;997;1609;3842;2600
58016;1051;997;1612;3847;2590
58056;1060;997;1619;3857;2589
58096;1067;997;1623;3872;2584
58136;1073;997;1626;3871;2585
58166;1077;997;1627;3883;2572
58206;1082;997;1628;3891;2566
58246;1092;997;1634;3894;2549
58286;1099;997;1639;3893;2535
58316;1104;997;1642;3892;2520
58356;1110;997;1646;3901;2490
58396;1116;998;1655;3905;2481
58436;1124;998;1662;3916;2461
58466;1131;998;1666;3926;2438
58506;1135;998;1671;3927;2411
58546;1141;999;1678;3931;2387
58586;1149;998;1685;3938;2360
58616;1157;998;1691;3945;2354
58656;1167;1004;1695;3951;2340
58696;1175;1008;1701;3947;2330
58736;1188;1022;1704;3909;2409
58766;1197;1031;1706;3911;2383
58806;1204;1043;1707;3921;2376
58846;1214;1055;1709;3923;2376
58886;1226;1066;1711;3932;2381
58916;1234;1078;1713;3931;2384
58956;1244;1090;1714;3932;2392
58996;1251;1101;1714;3927;2394
59036;1259;1111;1715;3926;2400
59066;1268;1120;1715;3927;2398
59106;1278;1130;1715;3932;2402
59146;1290;1145;1716;3932;2395
59186;1299;1158;1718;3932;2397
59216;1305;1169;1719;3930;2396
59256;1313;1177;1720;3926;2386
59296;1321;1187;1721;3935;2384
59336;1331;1203;1722;3937;2384
59366;1337;1210;1722;3949;2380
59406;1342;1219;1722;3959;2383
59446;1352;1230;1723;3958;2380
59486;1366;1241;1725;3968;2370
59516;1370;1247;1727;3973;2366
59556;1385;1258;1728;3969;2371
59596;1399;1266;1731;3978;2368
59636;1406;1277;1733;3979;2365
59666;1415;1283;1734;3979;2363
59706;1425;1295;1736;3986;2355
59746;1439;1307;1737;3995;2348
59786;1448;1320;1737;3990;2346
59816;1452;1326;1737;3997;2354
59856;1463;1336;1737;3992;2355
59896;1476;1320;1737;3990;2370
59936;1485;1346;1738;3997;2370
59966;1495;1361;1738;4000;2376
60006;1504;1373;1739;3990;2380
60046;1507;1379;1740;3985;2389
60086;1521;1390;1741;3999;2384
60116;1530;1402;1742;3997;2386
60136;1535;1410;1742;3985;2390
60186;1546;1420;1742;3997;2396
60226;1584;1431;1743;3997;2399
60266;1599;1436;1745;3994;2394
60306;1650;1444;1747;4000;2394
60346;1682;1458;1750;3989;2400
60386;1715;1471;1752;3991;2408
60416;1737;1482;1753;3980;2408
60456;1752;1490;1754;3988;2410
60496;1767;1483;1755;3978;2404
60536;1773;1468;1756;3983;2408
60566;1778;1493;1757;3970;2411
60606;1786;1512;1758;3976;2415
60646;1797;1529;1759;3957;2419
60686;1806;1544;1760;3961;2419
60716;1819;1541;1760;3975;2405
60756;1826;1553;1760;3981;2399
60796;1836;1570;1760;3982;2394
60836;1846;1585;1761;3978;2393
60866;1855;1594;1762;3986;2388
60906;1865;1602;1763;3992;2378
60946;1878;1609;1765;4004;2373
60986;1888;1616;1766;4008;2373
61016;1896;1623;1767;4005;2370
61056;1905;1627;1768;4008;2371
61096;1916;1638;1770;3997;2386
61136;1926;1646;1771;3960;2451
61166;1931;1651;1771;3956;2458
61206;1939;1653;1772;3953;2461
61246;1948;1661;1771;3949;2480
61286;1957;1676;1772;3950;2468
61316;1967;1689;1772;3966;2428
61356;1974;1693;1774;3979;2404
61366;1978;1695;1775;3979;2401
61416;1987;1694;1776;4001;2373
61456;1991;1702;1779;3997;2376
61496;2001;1699;1781;4014;2360
61536;2010;1707;1783;4021;2347
61576;2019;1723;1784;4029;2335
61616;2086;1733;1785;4035;2318
61656;2126;1738;1786;4045;2297
61696;2145;1741;1787;4041;2298
61736;2171;1752;1788;4042;2296
61766;2185;1759;1789;4039;2298
61806;2192;1768;1791;4039;2299
61846;2194;1772;1792;4031;2319
61886;2198;1780;1793;4026;2319
61916;2204;1789;1793;4012;2327
61956;2216;1799;1793;3995;2340
61996;2225;1807;1793;3994;2338
62026;2229;1811;1793;4005;2325
62036;2234;1814;1793;3998;2334
62066;2238;1819;1793;4013;2323
62106;2244;1821;1794;4008;2321
62146;2250;1827;1794;4013;2317
62186;2257;1829;1794;4015;2297
62216;2263;1831;1794;4025;2285
62256;2271;1836;1794;4032;2267
62296;2277;1841;1794;4034;2277
62336;2284;1843;1795;4037;2264
62366;2288;1848;1796;4037;2276
62406;2290;1857;1796;4034;2274
62446;2292;1864;1797;4036;2274
62486;2295;1869;1798;4028;2284
62516;2301;1873;1798;4022;2288
62556;2306;1873;1799;4016;2292
62596;2311;1881;1799;4009;2298
62636;2321;1887;1799;4008;2293
62666;2328;1891;1799;3995;2311
62706;2332;1892;1799;3992;2304
62746;2332;1894;1799;3977;2307
62786;2335;1896;1799;3975;2310
62816;2337;1897;1799;3975;2310
62856;2337;1897;1799;3982;2295
62896;2334;1898;1799;3983;2286
62936;2332;1898;1799;3989;2274
62966;2331;1898;1799;3993;2271
63006;2331;1898;1800;3988;2271
63046;2335;1903;1801;3920;2250
63086;2337;1905;1802;3941;2219
63116;2341;1905;1802;3945;2206
63156;2346;1897;1802;3943;2200
63196;2350;1875;1803;3944;2181
63236;2355;1897;1804;3938;2177
63266;2353;1909;1804;3946;2157
63306;2353;1916;1805;3943;2144
63346;2356;1921;1806;3927;2097
63386;2359;1925;1807;3919;2119
63416;2361;1927;1808;3919;2128
63456;2361;1928;1808;3913;2138
63496;2361;1929;1809;3910;2143
63536;2361;1929;1809;3910;2157
63566;2361;1929;1809;3910;2165
63606;2361;1929;1809;3914;2175
63646;2361;1929;1809;3922;2182
63686;2361;1929;1809;3929;2181
63716;2362;1930;1809;3938;2180
63756;2363;1930;1809;3958;2159
63796;2362;1930;1809;3962;2160
63836;2362;1930;1810;3964;2148
63866;2367;1929;1810;3969;2141
63906;2372;1932;1811;3947;2173
63946;2376;1933;1811;3970;2138
63986;2377;1933;1811;3976;2134
64016;2378;1934;1812;3977;2142
64056;2378;1935;1813;3976;2146
64096;2378;1935;1813;3975;2147
64136;2378;1935;1813;3976;2153
64166;2378;1935;1813;3971;2157
64206;2378;1934;1814;3962;2165
64246;2378;1934;1814;3961;2175
64286;2378;1934;1814;3953;2177
64316;2378;1934;1814;3946;2185
64356;2378;1934;1814;3942;2190
64396;2379;1934;1814;3940;2190
64436;2379;1934;1814;3940;2190
64466;2379;1934;1814;3941;2189
64506;2379;1935;1814;3944;2187
64546;2379;1935;1814;3947;2186
64586;2379;1935;1814;3955;2182
64616;2378;1935;1814;3957;2180
64656;2378;1935;1814;3960;2181
64696;2378;1935;1814;3960;2185
64736;2378;1935;1814;3960;2184
64766;2378;1935;1814;3961;2186
64806;2378;1935;1814;3962;2187
64846;2378;1935;1814;3963;2189
64886;2378;1935;1814;3964;2193
64916;2378;1935;1814;3958;2195
64956;2378;1935;1815;3956;2195
64996;2378;1935;1815;3959;2194
65036;2378;1935;1815;3962;2188
65056;2378;1935;1815;3963;2189
65106;2378;1935;1815;3963;2190
65146;2378;1936;1815;3964;2190
65186;2378;1936;1815;3961;2194
65216;2378;1936;1815;3961;2195
65256;2378;1936;1815;3963;2196
65296;2378;1936;1815;3962;2195
65336;2378;1936;1815;3962;2196
65366;2378;1936;1815;3959;2196
65406;2378;1936;1815;3959;2198
65446;2378;1935;1815;3959;2199
65486;2378;1935;1815;3961;2200
65516;2378;1935;1815;3958;2200
20;2378;1935;1815;3960;2208
60;2379;1935;1814;3958;2206
100;2379;1935;1814;3957;2209
130;2379;1935;1815;3959;2213
170;2379;1935;1815;3958;2220
210;2380;1935;1815;3960;2228
250;2380;1935;1815;3960;2232
280;2380;1935;1815;3927;2270
320;2380;1935;1815;3893;2311
360;2379;1935;1815;3865;2357
400;2379;1935;1815;3843;2395
430;2380;1935;1815;3829;2409
470;2379;1935;1815;3826;2415
510;2379;1935;1815;3823;2415
550;2379;1936;1815;3818;2416
580;2379;1936;1815;3816;2417
620;2379;1936;1815;3815;2415
660;2379;1936;1815;3816;2415
700;2379;1936;1815;3817;2415
730;2379;1936;1815;3818;2415
770;2379;1936;1815;3816;2416
810;2379;1936;1815;3816;2413
850;2379;1935;1815;3815;2410
880;2379;1935;1815;3814;2408
920;2379;1935;1815;3815;2405
960;2379;1935;1815;3812;2406
1000;2378;1935;1815;3811;2408
1030;2378;1935;1815;3810;2407
1070;2378;1935;1815;3809;2408
1110;2378;1935;1815;3808;2410
1150;2378;1935;1815;3809;2411
1180;2378;1935;1815;3804;2410
1220;2378;1935;1815;3800;2410
1260;2378;1935;1815;3802;2408
1300;2378;1935;1814;3799;2411
1330;2378;1935;1814;3799;2410
1370;2378;1935;1815;3794;2411
1410;2378;1935;1815;3796;2409
1450;2378;1935;1815;3797;2409
1480;2378;1935;1815;3800;2409
1520;2378;1935;1815;3800;2411
1560;2378;1935;1815;3800;2410
1600;2378;1935;1815;3802;2409
1630;2378;1935;1815;3805;2409
1670;2378;1936;1815;3809;2410
1710;2378;1936;1815;3807;2409
1750;2378;1936;1815;3806;2409
1780;2379;1936;1815;3807;2410
1820;2379;1936;1815;3809;2410
1860;2379;1936;1815;3811;2412
1900;2379;1936;1815;3810;2413
1930;2378;1936;1815;3809;2411
1970;2378;1936;1815;3807;2413
2010;2378;1936;1815;3805;2414
2050;2378;1936;1815;3799;2418
2080;2378;1936;1815;3795;2419
2120;2378;1936;1815;3790;2419
2160;2378;1936;1815;3789;2419
2200;2378;1936;1815;3786;2419
2230;2378;1936;1815;3785;2419
2270;2378;1936;1815;3770;2421
2310;2378;1936;1815;3773;2420
2350;2378;1936;1815;3772;2423
2380;2378;1936;1815;3771;2423
2420;2378;1936;1816;3760;2430
2460;2378;1936;1816;3746;2429
2500;2378;1936;1816;3739;2433
2530;2378;1936;1816;3737;2431
2570;2378;1936;1816;3718;2440
2610;2378;1936;1816;3703;2434
2650;2378;1936;1816;3706;2424
2680;2377;1936;1815;3706;2417
2720;2377;1936;1815;3710;2416
2760;2378;1936;1815;3713;2418
2800;2378;1936;1815;3710;2417
2830;2378;1936;1815;3710;2417
2870;2378;1936;1815;3712;2416
2910;2378;1936;1815;3717;2411
2950;2378;1936;1815;3716;2406
2980;2378;1936;1815;3718;2404
3020;2378;1936;1815;3718;2403
3060;2378;1936;1815;3721;2403
3100;2378;1936;1815;3715;2400
3130;2377;1936;1815;3714;2395
3170;2377;1936;1815;3736;2320
3210;2379;1936;1815;3740;2265
3250;2381;1936;1815;3757;2218
3280;2389;1943;1815;3733;2247
3320;2394;1947;1815;3732;2243
3360;2395;1949;1815;3731;2243
3400;2395;1950;1815;3733;2244
3420;2395;1951;1815;3734;2244
3470;2395;1951;1815;3736;2241
3510;2395;1952;1815;3736;2241
3550;2395;1952;1815;3738;2241
3580;2395;1952;1815;3738;2241
3620;2395;1952;1815;3738;2242
3660;2395;1952;1815;3744;2242
3700;2394;1952;1815;3748;2244
3730;2394;1952;1815;3751;2244
3770;2394;1952;1815;3757;2239
3810;2395;1952;1815;3760;2237
3850;2395;1952;1815;3763;2234
3880;2395;1953;1815;3766;2233
3920;2394;1952;1815;3771;2233
3960;2394;1952;1815;3773;2229
4000;2394;1953;1815;3774;2226
4030;2394;1953;1815;3777;2225
4070;2394;1953;1815;3778;2223
4110;2394;1953;1815;3780;2220
4150;2394;1953;1815;3779;2219
4180;2394;1953;1815;3782;2219
4220;2394;1953;1815;3784;2217
4260;2394;1953;1815;3782;2220
4300;2394;1953;1815;3782;2223
4330;2394;1953;1815;3781;2226
4370;2394;1953;1816;3800;2230
4410;2394;1953;1816;3802;2236
4430;2394;1953;1816;3803;2240
4480;2394;1953;1816;3788;2283
4520;2394;1953;1816;3757;2343
4560;2397;1953;1815;3726;2400
4600;2395;1953;1815;3713;2437
4630;2393;1953;1815;3690;2463
4670;2390;1953;1815;3678;2488
4710;2388;1953;1815;3652;2515
4750;2388;1953;1815;3630;2535
4780;2388;1953;1815;3621;2547
4820;2388;1953;1815;3618;2546
4860;2388;1953;1815;3606;2569
4900;2387;1953;1815;3597;2575
4930;2387;1953;1815;3593;2588
4970;2390;1953;1815;3580;2591
5010;2391;1953;1815;3572;2605
5050;2390;1953;1816;3561;2614
5080;2388;1953;1816;3564;2626
5120;2381;1953;1816;3556;2629
5160;2377;1953;1815;3557;2634
5200;2374;1953;1815;3558;2629
5230;2368;1953;1815;3568;2630
5320;2359;1953;1815;3592;2616
5360;2351;1953;1815;3596;2611
5400;2343;1951;1815;3612;2602
5440;2338;1948;1815;3623;2606
5480;2336;1945;1815;3625;2608
5520;2331;1939;1815;3630;2615
5560;2328;1933;1815;3642;2586
5600;2320;1930;1815;3643;2581
5640;2314;1925;1815;3641;2590
5680;2310;1907;1815;3641;2603
5720;2309;1901;1816;3641;2613
5760;2304;1896;1816;3641;2614
5800;2299;1896;1816;3644;2615
5830;2307;1894;1816;3642;2616
5870;2294;1893;1815;3640;2619
5910;2282;1888;1815;3641;2621
5950;2270;1878;1815;3641;2622
5980;2259;1873;1815;3640;2626
6020;2253;1872;1816;3638;2625
6060;2247;1862;1816;3640;2627
6100;2240;1854;1816;3641;2629
6130;2247;1845;1815;3643;2628
6170;2235;1837;1815;3641;2629
6210;2224;1832;1815;3644;2634
6250;2210;1824;1815;3642;2628
6280;2205;1822;1815;3640;2634
6320;2196;1818;1815;3639;2632
6360;2190;1813;1817;3643;2636
6400;2178;1807;1816;3642;2634
6430;2171;1801;1816;3644;2638
6470;2175;1790;1816;3643;2631
6510;2171;1784;1816;3645;2639
6550;2151;1778;1816;3654;2635
6580;2140;1769;1816;3653;2638
6620;2131;1758;1815;3658;2634
6660;2065;1752;1815;3667;2631
6700;2026;1745;1815;3675;2636
6730;1998;1734;1815;3678;2637
6770;1981;1706;1815;3684;2640
6810;1971;1706;1815;3677;2640
6850;1959;1697;1815;3683;2645
6880;1950;1696;1815;3681;2643
6920;1942;1694;1815;3680;2658
6960;1938;1688;1815;3687;2649
7000;1930;1678;1815;3682;2659
7030;1923;1675;1815;3687;2661
7070;1910;1664;1815;3686;2671
7110;1898;1661;1815;3686;2674
7150;1876;1656;1815;3686;2678
7180;1881;1651;1815;3685;2685
7220;1878;1647;1815;3688;2693
7260;1867;1638;1815;3691;2700
7300;1861;1634;1815;3684;2702
7330;1850;1630;1814;3689;2719
7370;1838;1623;1812;3690;2715
7410;1836;1618;1810;3699;2723
7450;1823;1614;1807;3689;2725
7480;1816;1609;1804;3698;2729
7490;1809;1605;1803;3697;2729
7540;1797;1596;1798;3703;2729
7580;1789;1591;1795;3699;2737
7620;1786;1584;1795;3706;2742
7660;1773;1566;1795;3702;2754
7700;1764;1557;1794;3701;2752
7740;1742;1552;1790;3704;2761
7780;1723;1547;1789;3701;2758
7820;1705;1542;1787;3697;2766
7860;1677;1532;1785;3704;2766
7900;1636;1524;1783;3702;2773
7930;1598;1506;1783;3704;2773
7970;1564;1490;1779;3709;2785
8010;1552;1484;1777;3712;2797
8050;1533;1489;1776;3712;2809
8080;1523;1489;1775;3713;2819
8120;1515;1488;1773;3716;2828
8160;1506;1481;1770;3718;2836
8200;1497;1475;1768;3718;2844
8230;1490;1469;1766;3720;2856
8270;1483;1459;1765;3719;2870
8310;1470;1449;1765;3723;2896
8350;1461;1442;1763;3718;2938
8380;1456;1441;1762;3715;2938
8420;1435;1440;1761;3706;2968
8460;1428;1431;1759;3718;2940
8500;1419;1418;1756;3708;2954
8530;1411;1417;1752;3705;2958
8570;1403;1414;1748;3700;2958
8610;1391;1405;1744;3705;2959
8640;1385;1392;1742;3718;2964
8680;1373;1388;1741;3710;2985
8720;1359;1381;1739;3709;2986
8760;1353;1377;1737;3710;2999
8800;1348;1333;1739;3714;3002
8830;1337;1341;1739;3710;3011
8870;1329;1339;1739;3712;3019
8910;1319;1339;1737;3713;3021
8950;1313;1328;1736;3734;3062
8980;1305;1318;1735;3752;3080
9020;1295;1304;1731;3754;3104
9060;1284;1295;1727;3764;3133
9100;1275;1284;1724;3783;3166
9130;1267;1280;1723;3776;3179
9170;1260;1272;1722;3772;3193
9210;1250;1264;1719;3769;3199
9250;1244;1254;1717;3758;3225
9280;1235;1247;1715;3766;3238
9320;1223;1245;1712;3769;3263
9360;1215;1232;1710;3771;3270
9400;1209;1222;1709;3766;3298
9430;1201;1220;1706;3775;3317
9470;1192;1215;1704;3778;3351
9510;1184;1203;1702;3792;3369
9550;1174;1194;1700;3786;3381
9580;1166;1190;1698;3792;3401
9620;1158;1184;1696;3792;3432
9660;1147;1175;1694;3794;3451
9700;1142;1168;1693;3786;3459
9730;1138;1150;1691;3790;3496
9770;1129;1145;1689;3789;3508
9810;1122;1135;1686;3812;3538
9850;1116;1127;1683;3828;3561
9880;1111;1117;1681;3834;3574
9920;1106;1115;1678;3820;3602
9960;1099;1110;1675;3822;3637
10000;1090;1106;1673;3824;3658
10030;1084;1103;1672;3815;3677
10070;1079;1098;1671;3812;3688
10110;1074;1094;1669;3809;3719
10150;1067;1087;1667;3804;3744
10170;1061;1081;1664;3801;3753
10220;1052;1078;1661;3799;3807
10260;1044;1073;1658;3805;3832
10300;1038;1068;1656;3813;3878
10330;1034;1063;1653;3814;3907
10370;1032;1058;1650;3816;3945
10410;1027;1054;1648;3826;3978
10450;1022;1050;1646;3838;4016
10480;1018;1043;1645;3843;4041
10520;1013;1039;1644;3844;4085
10560;1007;1038;1643;3835;4095
10600;1002;1035;1642;3846;4095
10630;997;1030;1640;3847;4095
10670;990;1026;1638;3849;4095
10710;987;1022;1636;3845;4095
10750;986;1018;1634;3843;4095
10780;984;1014;1633;3846;4095
10820;982;1008;1632;3841;4095
10860;976;1004;1632;3842;4095
10900;969;1001;1632;3835;4095
10930;965;999;1631;3836;4095
10970;963;994;1629;3839;4095
11010;960;989;1628;3834;4095
11050;954;986;1628;3827;4095
11080;948;984;1627;3830;4095
11120;946;982;1626;3827;4095
11160;944;980;1626;3826;4095
11200;942;979;1627;3827;4095
11230;942;978;1627;3830;4095
11270;941;977;1627;3833;4095
11310;941;977;1627;3843;4095
11350;941;977;1627;3848;4095
11380;940;977;1627;3847;4095
11410;938;977;1626;3846;4095
11460;937;977;1625;3855;4095
11500;936;977;1624;3857;4095
11530;934;976;1622;3858;4095
11570;932;975;1619;3855;4095
11610;931;968;1618;3860;4095
11650;930;964;1617;3858;4095
11680;927;961;1616;3855;4095
11720;923;957;1615;3854;4095
11760;921;954;1613;3845;4095
11800;920;953;1612;3854;4095
11830;919;952;1612;3846;4095
11870;917;951;1612;3845;4095
11910;916;950;1611;3843;4095
11950;916;950;1611;3839;4095
11980;916;949;1611;3831;4095
12020;916;949;1610;3835;4095
12060;916;949;1610;3841;4095
12100;916;949;1610;3841;4095
12130;916;949;1610;3842;4095
12180;916;949;1610;3842;4095
12220;916;949;1610;3846;4095
12260;916;949;1610;3844;4095
12300;916;948;1609;3840;4095
12340;916;948;1609;3844;4095
12380;916;948;1609;3850;4095
12420;916;948;1609;3852;4095
12460;916;948;1609;3851;4095
12500;916;948;1609;3850;4095
12540;916;948;1609;3851;4095
12580;916;948;1609;3854;4095
12620;916;948;1609;3854;4095
12660;916;948;1609;3858;4095
12700;916;948;1609;3860;4095
12730;916;948;1609;3859;4095
12770;916;948;1609;3858;4095
12810;915;948;1609;3856;4095
12850;915;948;1609;3864;4095
12880;916;948;1610;3874;4095
12920;916;948;1610;3892;4095
12960;916;948;1609;3901;4095
13000;916;948;1610;3904;3976
13030;916;948;1609;3902;3893
13070;916;948;1609;3909;3788
13110;916;948;1609;3910;3689
13150;916;948;1609;3901;3591
13180;916;948;1609;3899;3567
13220;916;948;1609;3903;3520
13240;916;948;1609;3904;3494
13290;916;948;1609;3881;3370
13330;916;948;1609;3888;3336
13370;916;948;1609;3896;3307
13410;916;948;1609;3903;3279
13450;916;949;1609;3908;3246
13480;918;949;1609;3910;3218
13520;923;949;1609;3912;3188
13560;927;949;1609;3920;3166
13600;930;949;1609;3926;3145
13630;932;949;1609;3928;3118
13670;936;949;1609;3931;3099
13710;939;949;1609;3932;3063
13750;943;949;1609;3940;3045
13780;949;949;1609;3946;3037
13820;955;949;1609;3956;3026
13860;960;949;1609;3957;2997
13900;968;949;1609;3952;2979
13930;975;949;1610;3954;2956
13970;980;949;1610;3957;2936
14010;981;949;1610;3959;2912
14050;988;949;1610;3942;2883
14080;994;949;1610;3899;2797
14120;1001;949;1610;3906;2779
14160;1008;949;1610;3908;2771
14200;1014;949;1610;3904;2755
14230;1020;949;1610;3907;2747
14270;1024;949;1610;3906;2740
14310;1027;949;1610;3916;2719
14350;1031;949;1610;3915;2685
14380;1037;949;1610;3918;2677
14420;1044;949;1611;3911;2660
14460;1052;949;1613;3914;2650
14500;1061;949;1620;3920;2642
14530;1067;949;1624;3929;2628
14570;1073;949;1626;3937;2620
14610;1078;949;1628;3925;2638
14650;1083;949;1628;3943;2601
14680;1091;949;1628;3947;2586
14720;1098;949;1632;3958;2569
14760;1104;949;1637;3950;2548
14800;1111;949;1642;3963;2514
14830;1116;949;1647;3969;2506
14870;1124;949;1656;3984;2497
14910;1130;949;1662;3998;2481
14950;1136;949;1666;4001;2471
14980;1141;949;1671;3995;2450
15020;1148;949;1678;4007;2439
15060;1156;949;1685;4018;2418
15100;1166;949;1691;4029;2406
15130;1172;949;1697;4032;2392
15170;1181;949;1703;4025;2407
15210;1191;949;1708;4006;2433
15250;1198;949;1715;4020;2408
15280;1205;949;1719;4021;2411
15320;1214;949;1726;4030;2400
15360;1225;949;1730;4055;2392
15400;1234;949;1734;4061;2375
15430;1237;950;1738;4068;2360
15470;1247;955;1743;4047;2352
15510;1256;966;1748;4047;2360
15550;1265;974;1752;4043;2370
15580;1274;986;1754;4051;2371
15620;1283;999;1755;4054;2361
15660;1294;1014;1757;4053;2363
15700;1301;1025;1757;4058;2361
15730;1309;1038;1758;4058;2372
15770;1318;1051;1759;4049;2379
15810;1329;1063;1760;4023;2398
15850;1334;1082;1760;4010;2435
15880;1339;1097;1760;4007;2430
15920;1350;1110;1760;4008;2427
15960;1365;1123;1760;4007;2421
16000;1375;1138;1760;3978;2458
16030;1389;1153;1760;3959;2480
16070;1401;1170;1760;3949;2489
16110;1411;1178;1761;3924;2501
16150;1418;1196;1761;3925;2501
16180;1431;1207;1761;3920;2491
16220;1442;1217;1760;3920;2492
16260;1449;1230;1760;3922;2471
16300;1459;1241;1760;3939;2453
16330;1469;1252;1761;3961;2445
16370;1480;1263;1761;3964;2438
16410;1486;1273;1760;3978;2425
16450;1496;1282;1760;3993;2406
16480;1502;1288;1760;4005;2396
16520;1505;1301;1761;4007;2393
16560;1520;1311;1763;4020;2390
16600;1531;1324;1763;4027;2390
16630;1535;1330;1765;4026;2389
16670;1558;1341;1766;4026;2389
16710;1577;1328;1766;4040;2385
16750;1608;1351;1767;4033;2384
16780;1658;1363;1768;4044;2383
16820;1687;1375;1769;4036;2380
16860;1718;1381;1770;4039;2387
16900;1735;1396;1772;4040;2384
16930;1752;1406;1773;4035;2390
16970;1764;1413;1774;4036;2380
17010;1771;1424;1775;4026;2394
17040;1776;1429;1775;4035;2395
17080;1784;1439;1776;4023;2396
17120;1797;1452;1776;4032;2387
17160;1808;1462;1777;4029;2382
17200;1820;1475;1778;4038;2377
17230;1823;1483;1780;4037;2373
17270;1834;1491;1782;4034;2379
17310;1843;1475;1783;4035;2378
17350;1855;1475;1784;4041;2379
17380;1865;1497;1784;4043;2384
17420;1877;1515;1784;4048;2388
17460;1889;1532;1785;4051;2389
17500;1895;1537;1785;4050;2393
17530;1905;1541;1786;4051;2391
17570;1917;1558;1787;4053;2395
17600;1925;1573;1787;4053;2400
17640;1928;1587;1787;4060;2401
17680;1938;1599;1787;4066;2394
17720;1945;1608;1788;4058;2407
17760;1952;1615;1788;4053;2417
17800;1967;1622;1788;4058;2415
17830;1974;1632;1788;4058;2419
17870;1985;1641;1788;4056;2422
17910;1990;1648;1789;4025;2445
17950;1999;1650;1790;4023;2455
17980;2009;1659;1791;4041;2433
18020;2017;1665;1792;4039;2418
18060;2083;1678;1793;4044;2423
18100;2124;1690;1794;4048;2408
18130;2143;1697;1794;4055;2395
18170;2159;1694;1794;4059;2393
18210;2180;1702;1795;4051;2405
18250;2189;1697;1795;4055;2403
18280;2191;1715;1796;4040;2420
18320;2195;1727;1797;4061;2394
18350;2203;1733;1797;4057;2396
18390;2206;1737;1797;4049;2399
18430;2216;1751;1797;4049;2404
18470;2225;1758;1798;4062;2391
18510;2231;1765;1799;4059;2393
18550;2239;1772;1800;4051;2401
18580;2245;1775;1800;4041;2418
18620;2250;1780;1800;4056;2396
18660;2257;1787;1801;4052;2400
18700;2266;1798;1802;4033;2426
18730;2272;1804;1803;4052;2399
18770;2279;1809;1803;4045;2410
18810;2285;1815;1803;4035;2423
18850;2289;1820;1804;4053;2395
18880;2292;1823;1805;4058;2390
18920;2293;1822;1806;4069;2393
18960;2296;1826;1807;4075;2387
19000;2301;1830;1809;4076;2382
19030;2305;1831;1810;4066;2400
19070;2310;1834;1811;4069;2400
19100;2320;1840;1811;4057;2404
19140;2326;1843;1811;4067;2393
19180;2329;1848;1811;4050;2408
19220;2334;1852;1811;4057;2408
19260;2332;1862;1811;4038;2418
19300;2332;1866;1811;3998;2377
19330;2335;1870;1811;3957;2370
19370;2337;1869;1812;3957;2365
19410;2341;1876;1812;3955;2365
19450;2348;1880;1812;3954;2353
19480;2351;1883;1812;3945;2360
19520;2354;1888;1812;3896;2391
19560;2355;1891;1812;3863;2380
19600;2355;1892;1812;3849;2380
19630;2356;1892;1812;3836;2390
19670;2354;1892;1812;3791;2416
19700;2352;1894;1812;3797;2418
19750;2352;1895;1812;3833;2393
19780;2353;1896;1812;3846;2379
19820;2357;1894;1812;3824;2408
19850;2359;1895;1812;3840;2390
19890;2360;1896;1812;3863;2353
19930;2361;1898;1812;3881;2298
19970;2364;1897;1812;3866;2337
20010;2368;1900;1812;3874;2297
20050;2371;1911;1812;3839;2348
20080;2372;1918;1812;3832;2362
20120;2373;1923;1812;3817;2376
20160;2373;1925;1812;3802;2382
20200;2373;1927;1812;3783;2387
20230;2373;1927;1812;3780;2388
20270;2374;1927;1812;3787;2381
20310;2375;1928;1812;3795;2376
20350;2376;1928;1812;3786;2374
20380;2377;1928;1812;3776;2377
20420;2382;1932;1812;3734;2409
20460;2385;1934;1812;3739;2400
20500;2389;1935;1812;3740;2389
20530;2391;1936;1812;3735;2391
20570;2391;1936;1812;3731;2392
20600;2391;1937;1812;3732;2393
20640;2392;1937;1812;3732;2390
20680;2392;1937;1812;3727;2389
20720;2391;1937;1812;3730;2386
20760;2390;1937;1812;3736;2374
20800;2390;1937;1812;3745;2363
20880;2390;1937;1812;3765;2336
20920;2390;1937;1812;3772;2322
20950;2390;1937;1813;3779;2316
20990;2390;1937;1813;3785;2307
21030;2390;1937;1813;3794;2288
21070;2390;1937;1814;3799;2282
21110;2390;1937;1815;3798;2281
21150;2389;1937;1816;3794;2272
21190;2390;1937;1817;3800;2264
21230;2390;1937;1818;3806;2258
21270;2390;1937;1818;3802;2257
21310;2390;1937;1819;3800;2258
21340;2390;1937;1820;3794;2261
21380;2390;1937;1820;3781;2257
21420;2389;1937;1820;3708;2137
21460;2389;1937;1820;3686;2138
21500;2389;1937;1820;3673;2142
21540;2389;1937;1820;3657;2141
21580;2389;1937;1820;3632;2147
21620;2389;1937;1820;3554;2116
21660;2389;1937;1820;3550;2118
21700;2389;1937;1820;3540;2122
21730;2388;1937;1820;3537;2121
21770;2388;1937;1820;3537;2118
21810;2389;1937;1821;3532;2123
21850;2389;1937;1821;3526;2122
21880;2389;1937;1821;3522;2124
21920;2389;1937;1821;3519;2134
21960;2389;1937;1821;3517;2136
22000;2389;1937;1821;3518;2137
22030;2389;1938;1821;3455;2082
22070;2388;1938;1821;3442;2075
22100;2388;1938;1821;3441;2071
22140;2388;1937;1821;3439;2064
22180;2388;1938;1821;3437;2047
22220;2388;1938;1821;3433;2061
22260;2388;1938;1821;3428;2071
22300;2388;1938;1821;3429;2073
22330;2389;1938;1821;3408;2108
22360;2390;1938;1821;3373;2138
22400;2392;1938;1821;3344;2156
22410;2392;1938;1821;3336;2156
22450;2390;1938;1821;3243;2130
22480;2389;1938;1820;3252;2130
22520;2388;1938;1821;3246;2130
22560;2387;1938;1821;3254;2132
22600;2387;1938;1822;3254;2132
22630;2387;1938;1822;3261;2132
22670;2387;1938;1822;3266;2131
22710;2386;1938;1821;3264;2130
22750;2387;1938;1821;3269;2124
22780;2388;1938;1821;3267;2124
22820;2388;1938;1821;3269;2123
22860;2388;1938;1821;3269;2122
22900;2387;1938;1821;3267;2120
22930;2386;1938;1821;3270;2121
22970;2386;1938;1821;3276;2120
23010;2386;1938;1821;3280;2120
23050;2385;1938;1821;3283;2117
23080;2385;1938;1821;3295;2115
23110;2385;1938;1821;3298;2111
23160;2385;1938;1821;3312;2103
23200;2385;1938;1821;3325;2094
23230;2386;1938;1821;3332;2085
23270;2386;1938;1821;3344;2077
23310;2386;1938;1821;3350;2073
23350;2386;1938;1821;3352;2071
23380;2386;1938;1821;3356;2067
23420;2386;1938;1821;3361;2067
23460;2386;1938;1821;3363;2065
23510;2386;1938;1821;3364;2065
23550;2385;1937;1821;3369;2051
23590;2385;1937;1821;3377;2057
23630;2385;1937;1821;3378;2054
23670;2385;1938;1821;3381;2065
23710;2385;1938;1821;3381;2066
23750;2385;1938;1821;3379;2064
23790;2385;1938;1821;3379;2062
23830;2385;1938;1821;3379;2065
23870;2385;1938;1821;3380;2067
23910;2385;1938;1821;3378;2066
23950;2385;1938;1821;3379;2066
23980;2385;1938;1821;3381;2069
24020;2385;1938;1821;3380;2072
24060;2385;1938;1821;3379;2075
24100;2385;1938;1822;3380;2075
24130;2385;1938;1822;3382;2078
24170;2385;1938;1821;3386;2077
24210;2385;1938;1821;3385;2073
24250;2385;1938;1821;3386;2070
24280;2385;1938;1821;3386;2069
24320;2385;1938;1822;3386;2069
24360;2385;1938;1822;3385;2069
24400;2385;1938;1822;3385;2069
24430;2385;1938;1822;3384;2071
24470;2385;1938;1822;3383;2074
24510;2385;1938;1821;3384;2077
24550;2385;1938;1821;3382;2080
24580;2385;1938;1821;3382;2080
24620;2384;1938;1821;3380;2081
24660;2384;1938;1822;3380;2082
24700;2384;1938;1822;3378;2085
24730;2385;1938;1822;3377;2088
24770;2385;1938;1822;3370;2089
24810;2385;1938;1822;3363;2091
24850;2385;1938;1822;3365;2089
24880;2385;1938;1822;3367;2086
24920;2386;1938;1822;3363;2087
24960;2387;1938;1822;3363;2085
25000;2387;1937;1822;3363;2080
25030;2387;1938;1822;3359;2076
25070;2387;1938;1822;3352;2071
25110;2387;1938;1822;3353;2065
25150;2386;1938;1822;3357;2015
25180;2386;1938;1822;3370;1990
25220;2386;1938;1822;3387;1939
25260;2388;1938;1822;3409;1905
25300;2390;1938;1822;3420;1901
25330;2391;1938;1822;3423;1907
25370;2390;1938;1822;3425;1909
25410;2390;1938;1822;3426;1911
25450;2390;1938;1822;3428;1911
25480;2390;1938;1822;3429;1913
25520;2391;1938;1823;3430;1911
25560;2391;1938;1823;3432;1914
25600;2391;1938;1823;3431;1914
25630;2391;1938;1823;3432;1913
25670;2391;1938;1823;3435;1913
25710;2390;1938;1823;3435;1912
25750;2390;1938;1823;3442;1913
25780;2391;1938;1823;3445;1911
25820;2391;1938;1823;3446;1907
25860;2391;1938;1823;3457;1906
25900;2390;1938;1824;3464;1903
25950;2389;1938;1824;3472;1901
25990;2390;1938;1824;3481;1897
26050;2391;1938;1824;3492;1892
26090;2391;1938;1824;3500;1888
26130;2391;1938;1824;3507;1890
26170;2390;1938;1825;3511;1893
26210;2390;1939;1825;3516;1892
26240;2391;1939;1825;3520;1895
26280;2391;1939;1825;3521;1896
26320;2391;1938;1825;3527;1894
26360;2390;1938;1825;3548;1885
26400;2390;1938;1825;3549;1887
26440;2390;1938;1825;3539;1893
26480;2390;1938;1825;3480;1925
26520;2391;1938;1825;3444;1965
26600;2390;1938;1825;3403;2028
26640;2390;1938;1825;3386;2070
26680;2389;1938;1825;3366;2090
26720;2389;1938;1825;3359;2109
26760;2389;1938;1825;3355;2114
26800;2389;1938;1825;3346;2121
26830;2389;1938;1825;3342;2126
26870;2389;1938;1825;3342;2131
26910;2390;1938;1825;3344;2138
26950;2392;1938;1825;3345;2150
26980;2392;1938;1825;3345;2156
27020;2391;1938;1825;3346;2166
27060;2391;1938;1826;3344;2176
27100;2391;1938;1826;3343;2194
27130;2389;1938;1826;3340;2200
27170;2388;1938;1826;3339;2216
27210;2386;1938;1826;3332;2225
27250;2380;1939;1826;3330;2235
27280;2375;1939;1826;3327;2241
27320;2373;1939;1826;3323;2242
27360;2375;1939;1826;3330;2239
27400;2373;1939;1826;3323;2241
27430;2366;1939;1826;3319;2245
27470;2355;1936;1826;3317;2243
27510;2346;1933;1826;3313;2249
27550;2342;1928;1825;3307;2250
27580;2340;1927;1826;3304;2253
27620;2332;1927;1826;3296;2258
27660;2325;1920;1826;3315;2235
27710;2317;1908;1826;3319;2239
27740;2313;1905;1826;3314;2256
27780;2309;1898;1826;3314;2257
27820;2305;1895;1826;3307;2257
27860;2303;1894;1826;3309;2251
27900;2305;1888;1826;3298;2244
27940;2290;1879;1826;3296;2249
27980;2276;1874;1826;3300;2249
28020;2266;1872;1826;3295;2249
28100;2257;1859;1826;3286;2249
28140;2246;1849;1826;3283;2251
28180;2252;1836;1825;3278;2239
28220;2244;1829;1825;3273;2251
28260;2232;1826;1825;3276;2250
28300;2219;1819;1825;3277;2255
28330;2210;1816;1825;3274;2255
28370;2198;1812;1825;3275;2257
28410;2192;1806;1825;3276;2259
28450;2179;1796;1825;3268;2264
28480;2174;1785;1825;3278;2264
28520;2177;1781;1825;3280;2268
28560;2169;1777;1825;3285;2272
28600;2150;1768;1825;3284;2272
28630;2140;1761;1825;3291;2272
28670;2133;1753;1825;3296;2273
28710;2067;1746;1825;3304;2277
28750;2028;1739;1825;3304;2278
28780;2005;1731;1825;3311;2281
28820;1989;1705;1825;3313;2283
28860;1975;1707;1825;3313;2282
28900;1962;1698;1825;3311;2279
28930;1951;1697;1825;3312;2280
28970;1946;1694;1825;3314;2278
29010;1941;1687;1825;3315;2284
29050;1933;1678;1825;3320;2289
29080;1924;1673;1825;3322;2291
29120;1912;1662;1825;3320;2295
29160;1903;1658;1825;3325;2294
29200;1889;1652;1825;3328;2307
29230;1886;1651;1825;3327;2316
29270;1881;1646;1825;3323;2324
29310;1863;1637;1825;3322;2334
29350;1862;1633;1824;3325;2342
29380;1851;1627;1819;3324;2343
29420;1841;1618;1815;3325;2346
29460;1837;1616;1813;3315;2348
29500;1826;1613;1807;3326;2361
29530;1819;1607;1803;3327;2356
29570;1807;1597;1800;3334;2366
29610;1793;1591;1798;3337;2363
29650;1789;1579;1796;3338;2374
29680;1781;1557;1794;3341;2386
29720;1767;1551;1794;3349;2381
29760;1756;1545;1794;3353;2400
29800;1742;1538;1794;3359;2394
29840;1701;1529;1793;3363;2410
29880;1694;1513;1790;3381;2416
29920;1672;1486;1788;3371;2423
29960;1643;1478;1786;3377;2434
29990;1599;1477;1784;3378;2443
30020;1568;1485;1783;3380;2447
30060;1554;1488;1780;3377;2454
30100;1532;1488;1778;3378;2461
30140;1524;1478;1776;3387;2472
30170;1516;1475;1775;3391;2478
30210;1508;1468;1772;3387;2488
30250;1499;1455;1769;3391;2505
30290;1490;1445;1767;3393;2513
30330;1481;1442;1766;3386;2529
30370;1469;1442;1765;3382;2539
30440;1455;1426;1763;3372;2553
30480;1440;1421;1761;3374;2564
30520;1430;1415;1759;3384;2554
30560;1419;1405;1757;3385;2563
30590;1412;1397;1755;3388;2568
30630;1402;1391;1750;3387;2579
30670;1392;1383;1746;3391;2583
30710;1386;1377;1743;3392;2588
30740;1372;1350;1741;3389;2589
30780;1355;1316;1739;3379;2597
30820;1351;1332;1737;3381;2604
30860;1347;1334;1738;3382;2617
30890;1336;1337;1739;3384;2627
30930;1326;1331;1739;3377;2638
30970;1318;1325;1737;3376;2657
31010;1311;1316;1735;3379;2667
31040;1305;1301;1730;3381;2676
31080;1293;1296;1726;3373;2680
31120;1283;1292;1724;3378;2708
31160;1275;1283;1723;3381;2745
31190;1266;1278;1722;3391;2789
31230;1260;1273;1718;3401;2816
31270;1250;1267;1717;3396;2846
31310;1243;1255;1715;3404;2864
31340;1234;1253;1711;3397;2882
31380;1225;1248;1710;3399;2891
31420;1214;1241;1708;3394;2895
31460;1209;1209;1706;3392;2922
31490;1203;1212;1705;3394;2934
31530;1194;1215;1702;3411;2975
31570;1185;1206;1700;3424;2987
31610;1175;1195;1698;3434;3017
31640;1168;1192;1697;3450;3053
31680;1160;1189;1695;3452;3111
31720;1152;1181;1693;3447;3123
31760;1145;1174;1690;3441;3144
31790;1140;1168;1688;3440;3159
31830;1134;1155;1684;3450;3199
31870;1127;1149;1682;3457;3219
31910;1120;1141;1679;3479;3244
31940;1114;1133;1677;3487;3269
31980;1109;1126;1675;3489;3294
32020;1102;1117;1673;3491;3314
32060;1093;1114;1672;3489;3327
32090;1087;1112;1671;3485;3345
32130;1082;1108;1670;3484;3375
32170;1077;1104;1669;3495;3407
32210;1071;1102;1666;3487;3437
32240;1065;1097;1663;3488;3449
32280;1059;1094;1661;3483;3485
32320;1051;1087;1658;3484;3523
32360;1043;1082;1656;3479;3547
32390;1038;1077;1653;3483;3566
32430;1034;1074;1650;3493;3606
32470;1032;1072;1648;3492;3631
32510;1027;1067;1646;3491;3653
32540;1024;1062;1645;3497;3679
32570;1020;1049;1645;3500;3701
32610;1014;1051;1644;3500;3740
32620;1011;1053;1644;3502;3749
32660;1006;1052;1643;3508;3774
32690;1003;1051;1643;3515;3803
32730;998;1052;1640;3510;3831
32770;991;1046;1638;3506;3841
32810;988;1040;1637;3505;3872
32840;987;1036;1636;3505;3882
32880;986;1034;1634;3511;3925
32920;983;1034;1633;3512;3947
32960;978;1030;1632;3510;3975
33000;971;1027;1631;3517;4005
33040;966;1023;1631;3517;4027
33080;964;1019;1631;3512;4051
33120;962;1016;1629;3513;4079
33200;954;1009;1628;3508;4095
33240;948;1003;1627;3516;4095
33280;945;1000;1627;3520;4095
33320;944;993;1627;3523;4095
33360;942;989;1627;3530;4095
33400;939;986;1627;3533;4095
33430;938;984;1627;3538;4095
33470;936;983;1627;3540;4095
33510;934;983;1626;3538;4095
33550;933;982;1625;3542;4095
33580;932;981;1625;3544;4095
33620;931;981;1625;3547;4095
33660;931;980;1624;3554;4095
33700;930;979;1624;3557;4095
33730;930;979;1623;3556;4095
33770;929;979;1623;3556;4095
33810;928;979;1622;3556;4095
33850;925;979;1619;3553;4095
33880;922;979;1617;3553;4095
33920;919;972;1616;3562;4095
33960;918;968;1615;3559;4095
34000;917;966;1614;3557;4095
34030;916;965;1614;3554;4095
34070;915;964;1613;3554;4095
34100;915;963;1612;3557;4095
34110;914;962;1612;3557;4095
34150;914;962;1612;3559;4095
34180;914;962;1612;3560;4095
34220;914;962;1612;3558;4095
34270;914;962;1612;3558;4095
34310;914;962;1612;3558;4095
34350;913;962;1612;3557;4095
34390;913;962;1612;3556;4095
34430;913;962;1612;3556;4095
34470;913;962;1612;3557;4095
34510;913;962;1612;3558;4095
34550;913;962;1612;3558;4095
34590;913;962;1612;3556;4095
34630;913;962;1612;3556;4095
34670;913;962;1612;3557;4095
34710;913;962;1612;3557;4095
34750;913;962;1612;3565;4095
34780;913;962;1612;3577;4095
34820;913;962;1612;3610;4095
34860;913;962;1612;3642;4095
34900;913;962;1612;3669;4019
34930;913;962;1612;3679;3933
34970;913;962;1612;3688;3818
35010;913;962;1612;3692;3694
35050;913;962;1612;3696;3607
35080;914;962;1612;3693;3546
35120;914;962;1612;3699;3505
35160;914;962;1612;3700;3462
35200;915;962;1612;3701;3410
35230;915;963;1613;3700;3361
35270;915;963;1613;3698;3301
35310;915;963;1613;3700;3262
35350;915;963;1613;3701;3233
35380;915;963;1613;3709;3204
35420;916;962;1613;3718;3165
35460;916;962;1613;3721;3143
35500;918;962;1613;3724;3119
35530;923;962;1613;3730;3103
35570;927;962;1613;3736;3077
35610;930;963;1613;3745;3053
35650;933;963;1613;3750;3036
35680;937;963;1613;3754;3023
35720;940;963;1613;3758;3000
35760;946;963;1613;3762;2981
35800;954;963;1613;3769;2966
35830;958;963;1613;3772;2956
35870;964;963;1613;3777;2939
35910;972;963;1613;3782;2926
35950;978;963;1613;3788;2907
35980;982;963;1613;3793;2891
36020;982;963;1613;3795;2878
36060;990;963;1613;3798;2870
36100;997;963;1613;3802;2849
36130;1003;963;1613;3808;2845
36170;1010;963;1613;3812;2826
36210;1017;963;1613;3810;2812
36250;1023;963;1613;3816;2806
36280;1027;963;1613;3818;2786
36320;1031;963;1613;3818;2760
36360;1035;963;1614;3829;2738
36400;1042;963;1615;3831;2729
36430;1048;963;1618;3836;2723
36470;1057;963;1623;3839;2714
36510;1065;963;1625;3843;2694
36550;1071;963;1626;3846;2686
36580;1077;963;1627;3849;2683
36620;1082;963;1629;3849;2673
36660;1088;963;1631;3847;2668
36700;1097;963;1634;3846;2657
36730;1102;963;1638;3850;2655
36770;1108;963;1641;3850;2636
36820;1115;963;1645;3868;2604
36860;1124;963;1655;3888;2590
36900;1130;963;1662;3897;2567
36940;1135;963;1667;3921;2553
36980;1142;963;1673;3940;2519
37020;1150;963;1681;3966;2500
37100;1163;963;1690;3994;2465
37140;1173;963;1698;3992;2454
37180;1187;964;1705;3945;2526
37230;1198;965;1712;3957;2507
37270;1205;965;1718;3956;2492
37310;1215;966;1725;3974;2479
37340;1226;970;1729;3970;2485
37380;1234;976;1733;3947;2518
37420;1243;985;1735;3955;2515
37460;1251;996;1735;3950;2511
37490;1259;1004;1736;3972;2495
37530;1267;1017;1737;3958;2507
37570;1278;1027;1737;3958;2513
37610;1290;1040;1738;3940;2528
37640;1299;1037;1738;3954;2515
37680;1305;1053;1738;3927;2528
37720;1314;1072;1738;3926;2540
37760;1321;1087;1738;3921;2540
37790;1332;1100;1738;3915;2555
37830;1336;1110;1739;3929;2554
37850;1340;1117;1739;3936;2542
37870;1346;1126;1739;3926;2555
37900;1355;1134;1739;3901;2576
37950;1367;1148;1739;3911;2568
37980;1377;1160;1739;3900;2579
38020;1392;1175;1739;3899;2590
38060;1403;1180;1739;3879;2598
38100;1412;1197;1739;3857;2606
38140;1422;1207;1739;3863;2606
38180;1440;1219;1739;3858;2598
38220;1449;1231;1739;3874;2590
38260;1455;1241;1739;3877;2581
38300;1466;1257;1740;3867;2596
38340;1479;1266;1740;3861;2604
38380;1486;1278;1740;3855;2616
38420;1497;1286;1740;3842;2631
38460;1502;1302;1740;3832;2631
38500;1505;1321;1740;3837;2635
38530;1521;1329;1741;3832;2633
38570;1531;1338;1741;3831;2630
38610;1537;1327;1741;3840;2622
38650;1563;1351;1741;3841;2623
38680;1585;1366;1742;3840;2621
38720;1625;1378;1741;3849;2614
38760;1672;1383;1741;3849;2607
38800;1697;1397;1742;3869;2601
38830;1724;1406;1743;3861;2596
38870;1741;1414;1745;3882;2592
38910;1753;1427;1747;3882;2587
38950;1765;1427;1750;3894;2575
38980;1773;1434;1753;3891;2570
39020;1777;1443;1755;3904;2540
39060;1787;1459;1757;3900;2529
39100;1798;1469;1758;3906;2517
39130;1807;1478;1759;3920;2501
39170;1820;1484;1762;3913;2497
39210;1827;1491;1763;3938;2492
39250;1837;1473;1764;3931;2493
39280;1846;1475;1765;3941;2493
39320;1857;1498;1766;3939;2494
39360;1867;1517;1767;3939;2487
39400;1879;1531;1770;3944;2488
39430;1891;1534;1770;3943;2492
39440;1896;1543;1770;3945;2495
39490;1903;1557;1770;3922;2506
39530;1915;1573;1770;3921;2505
39570;1921;1587;1771;3918;2510
39650;1935;1601;1772;3896;2524
39690;1944;1614;1773;3881;2528
39730;1952;1621;1773;3877;2533
39770;1965;1633;1773;3878;2531
39810;1972;1642;1774;3869;2528
39850;1984;1649;1774;3803;2428
39930;1996;1664;1775;3800;2416
39970;2007;1677;1775;3808;2412
40010;2016;1691;1776;3812;2401
40040;2025;1690;1777;3812;2404
40080;2027;1694;1778;3830;2359
40120;2095;1699;1781;3827;2363
40160;2137;1699;1783;3860;2309
40190;2170;1694;1785;3864;2282
40230;2182;1713;1789;3850;2295
40270;2188;1727;1793;3865;2271
40310;2192;1735;1795;3868;2256
40340;2196;1739;1795;3869;2268
40380;2203;1748;1795;3868;2259
40420;2214;1757;1794;3875;2246
40460;2223;1764;1794;3865;2256
40490;2228;1771;1794;3864;2260
40530;2238;1775;1794;3857;2257
40550;2244;1780;1794;3806;2210
40600;2250;1786;1794;3783;2206
40640;2256;1792;1794;3794;2191
40680;2263;1801;1794;3800;2192
40720;2270;1805;1795;3807;2183
40760;2276;1810;1795;3808;2184
40790;2281;1813;1796;3822;2172
40830;2286;1816;1798;3825;2168
40870;2291;1820;1799;3839;2166
40910;2291;1821;1801;3847;2153
40950;2294;1827;1801;3851;2158
40990;2299;1831;1803;3861;2149
41030;2304;1833;1805;3864;2142
41070;2314;1839;1806;3851;2174
41150;2321;1844;1808;3850;2177
41190;2326;1847;1808;3857;2164
41230;2327;1859;1808;3844;2173
41270;2327;1866;1808;3851;2167
41310;2329;1869;1809;3833;2179
41350;2333;1873;1809;3844;2168
41380;2336;1869;1809;3833;2186
41420;2339;1868;1809;3834;2174
41460;2340;1869;1809;3833;2172
41500;2340;1869;1809;3830;2179
41530;2340;1870;1809;3829;2179
41570;2341;1870;1809;3830;2172
41610;2343;1870;1809;3832;2169
41650;2345;1870;1809;3827;2175
41680;2350;1870;1809;3830;2169
41710;2352;1870;1809;3833;2164
41760;2351;1882;1810;3805;2188
41800;2350;1888;1810;3812;2166
41830;2355;1891;1810;3813;2171
41870;2358;1895;1810;3815;2164
41910;2359;1896;1810;3821;2149
41950;2360;1899;1810;3809;2170
41990;2366;1902;1810;3818;2144
42030;2368;1905;1810;3825;2141
42070;2369;1906;1810;3826;2145
42110;2369;1907;1810;3830;2145
42140;2369;1907;1811;3830;2148
42180;2368;1907;1811;3832;2148
42220;2367;1907;1811;3831;2149
42260;2368;1907;1811;3833;2151
42290;2369;1907;1811;3833;2147
42330;2370;1907;1811;3835;2144
42370;2370;1908;1811;3839;2137
42410;2369;1908;1811;3838;2138
42440;2369;1908;1811;3837;2138
42480;2369;1908;1811;3841;2133
42520;2369;1908;1811;3841;2125
42550;2370;1908;1811;3845;2125
42590;2372;1908;1812;3848;2119
42630;2374;1908;1813;3851;2113
42670;2375;1908;1814;3853;2111
42710;2375;1908;1814;3850;2121
42740;2376;1908;1815;3849;2125
42780;2376;1908;1816;3849;2122
42820;2375;1908;1817;3852;2123
42860;2374;1907;1817;3850;2123
42890;2374;1907;1817;3851;2124
42930;2374;1907;1818;3852;2126
42970;2375;1907;1818;3852;2126
43010;2375;1907;1819;3854;2125
43040;2375;1907;1819;3852;2127
43080;2376;1908;1819;3852;2128
43120;2375;1908;1819;3851;2130
43160;2375;1908;1819;3853;2133
43190;2375;1908;1819;3852;2135
43230;2375;1908;1819;3852;2138
43270;2375;1908;1819;3851;2139
43310;2375;1908;1819;3849;2138
43340;2374;1908;1819;3850;2138
43380;2374;1908;1820;3847;2138
43420;2374;1908;1820;3848;2140
43460;2374;1908;1820;3844;2141
43490;2373;1908;1820;3843;2142
43530;2374;1908;1821;3842;2142
43570;2374;1908;1820;3841;2141
43610;2374;1908;1820;3839;2142
43640;2374;1908;1820;3838;2144
43680;2374;1908;1820;3833;2146
43720;2374;1908;1820;3831;2146
43760;2374;1908;1820;3830;2144
43790;2374;1908;1820;3827;2145
43830;2374;1908;1820;3827;2147
43840;2374;1908;1820;3825;2146