
55220;1191;973;913;3447;2005
55330;1786;1459;1370;3437;2014
55350;2084;1702;1598;3433;2016
55370;2233;1824;1712;3431;2017
55410;2308;1885;1769;3428;2015
55420;2345;1915;1798;3429;2016
55470;2363;1930;1812;3424;2017
55550;2372;1938;1820;3427;2012
55590;2377;1942;1824;3427;2004
55630;2379;1943;1825;3428;2002
55670;2381;1944;1826;3434;2000
55710;2382;1945;1827;3436;1997
55750;2382;1945;1827;3438;1993
55780;2382;1945;1827;3434;1997
55820;2382;1945;1827;3417;2019
55860;2386;1945;1827;3401;2025
55900;2387;1945;1826;3388;2031
55930;2387;1945;1826;3376;2034
55970;2386;1945;1826;3371;2035
56010;2385;1945;1826;3372;2032
56050;2385;1945;1827;3371;2030
56080;2385;1945;1827;3371;2028
56120;2385;1945;1827;3370;2028
56160;2385;1945;1827;3371;2031
56200;2385;1945;1827;3372;2029
56230;2385;1945;1827;3370;2028
56270;2385;1945;1827;3375;2026
56310;2385;1945;1827;3373;2026
56350;2385;1945;1827;3378;2025
56380;2385;1945;1827;3379;2027
56420;2385;1945;1827;3380;2025
56460;2385;1945;1827;3379;2027
56500;2385;1946;1827;3378;2026
56530;2385;1946;1827;3379;2025
56570;2385;1946;1827;3382;2025
56610;2385;1946;1827;3383;2026
56650;2385;1946;1827;3386;2019
56680;2385;1946;1826;3387;2022
56720;2385;1946;1827;3390;2019
56760;2385;1946;1827;3389;2023
56800;2385;1946;1827;3393;2023
56830;2385;1946;1827;3396;2025
56870;2385;1946;1827;3397;2021
56910;2385;1946;1827;3400;2022
56950;2385;1946;1827;3400;2022
56980;2385;1946;1827;3399;2023
57020;2385;1946;1827;3403;2020
57060;2385;1946;1827;3408;2021
57100;2385;1946;1827;3407;2022
57130;2385;1946;1827;3410;2021
57170;2385;1946;1827;3411;2022
57210;2384;1946;1827;3413;2021
57250;2384;1946;1827;3413;2018
57280;2384;1945;1827;3417;2019
57320;2384;1945;1827;3418;2019
57360;2384;1945;1827;3424;2019
57400;2384;1945;1827;3425;2020
57430;2384;1945;1827;3426;2019
57470;2384;1945;1827;3433;2021
57510;2384;1945;1827;3431;2024
57550;2384;1945;1827;3435;2024
57580;2384;1945;1826;3436;2023
57620;2384;1945;1826;3437;2022
57660;2384;1945;1826;3438;2024
57700;2384;1945;1826;3440;2019
57730;2384;1945;1827;3441;2020
57770;2384;1946;1827;3440;2025
57810;2384;1946;1827;3440;2024
57850;2384;1946;1827;3443;2023
57880;2384;1946;1827;3443;2025
57920;2384;1946;1827;3441;2028
57960;2384;1946;1827;3436;2028
58000;2384;1946;1827;3438;2030
58030;2384;1946;1827;3437;2029
58070;2384;1946;1827;3438;2030
58110;2384;1946;1827;3439;2033
58150;2384;1945;1827;3440;2034
58180;2384;1945;1827;3438;2036
58220;2384;1945;1827;3438;2039
58260;2384;1945;1827;3437;2039
58300;2384;1945;1827;3435;2041
58330;2384;1945;1827;3435;2044
58370;2384;1945;1826;3433;2042
58410;2384;1945;1826;3432;2044
58450;2384;1945;1826;3432;2056
58480;2384;1945;1826;3430;2065
58520;2384;1945;1826;3421;2068
58560;2384;1945;1826;3415;2067
58600;2384;1945;1827;3407;2065
58630;2385;1945;1827;3402;2046
58670;2385;1945;1827;3445;2004
58710;2384;1945;1827;3474;1974
58750;2385;1945;1827;3496;1948
58780;2385;1945;1827;3513;1923
58820;2385;1945;1827;3524;1938
58860;2385;1945;1827;3530;1934
58900;2384;1945;1827;3531;1930
58930;2384;1945;1827;3533;1926
58970;2384;1945;1827;3536;1930
59010;2384;1945;1827;3537;1943
59050;2384;1945;1827;3537;1953
59080;2384;1945;1827;3537;1935
59120;2384;1945;1827;3539;1928
59160;2384;1945;1827;3541;1927
59200;2384;1945;1827;3542;1905
59220;2384;1945;1827;3541;1900
59270;2383;1945;1827;3543;1928
59310;2383;1945;1827;3542;1935
59350;2383;1945;1827;3543;1951
59380;2383;1945;1827;3543;1944
59420;2383;1945;1827;3543;1951
59460;2383;1945;1827;3542;1947
59500;2383;1945;1827;3542;1947
59530;2383;1945;1827;3540;1956
59570;2383;1945;1827;3541;1955
59610;2383;1945;1827;3542;1969
59650;2383;1945;1827;3540;1985
59680;2383;1945;1827;3542;1991
59720;2383;1945;1827;3543;1988
59760;2383;1945;1827;3541;1986
59800;2383;1945;1827;3544;1979
59830;2383;1945;1827;3556;1989
59870;2383;1945;1827;3550;1999
59910;2383;1945;1827;3535;2024
59950;2383;1945;1827;3513;2039
59980;2383;1945;1827;3485;2073
60020;2383;1945;1827;3433;2099
60060;2388;1945;1827;3391;2102
60100;2388;1945;1827;3366;2125
60130;2389;1945;1827;3328;2127
60170;2388;1945;1827;3312;2141
60210;2388;1945;1827;3297;2150
60250;2389;1945;1827;3286;2159
60280;2390;1945;1827;3281;2163
60320;2389;1945;1827;3275;2165
60360;2388;1945;1827;3273;2179
60400;2389;1945;1827;3272;2179
60430;2389;1945;1828;3272;2185
60470;2388;1946;1828;3266;2194
60510;2387;1946;1828;3259;2202
60550;2388;1946;1828;3250;2198
60580;2387;1946;1827;3241;2205
60620;2388;1945;1827;3239;2208
60660;2384;1944;1827;3235;2209
60700;2379;1941;1827;3226;2216
60730;2376;1938;1827;3225;2220
60740;2375;1936;1827;3225;2223
60790;2373;1935;1827;3211;2229
60830;2366;1935;1827;3202;2231
60870;2355;1937;1827;3200;2238
60950;2346;1932;1827;3215;2239
60990;2342;1927;1827;3210;2252
61030;2334;1921;1827;3208;2259
61070;2330;1909;1827;3219;2262
61110;2329;1907;1827;3208;2272
61150;2325;1898;1827;3207;2273
61180;2319;1896;1827;3210;2274
61220;2311;1894;1827;3206;2276
61260;2309;1894;1827;3204;2282
61300;2306;1891;1827;3192;2285
61330;2299;1884;1827;3192;2285
61370;2291;1877;1827;3180;2282
61410;2281;1872;1827;3179;2289
61450;2272;1871;1827;3157;2291
61480;2262;1866;1827;3150;2289
61520;2256;1857;1828;3144;2286
61560;2251;1851;1827;3141;2287
61600;2245;1844;1827;3132;2284
61630;2252;1837;1827;3131;2287
61670;2249;1834;1827;3124;2284
61710;2233;1828;1827;3123;2293
61750;2220;1825;1827;3129;2294
61780;2211;1823;1827;3125;2295
61820;2200;1819;1828;3113;2290
61860;2195;1814;1827;3105;2289
61900;2189;1810;1827;3104;2293
61930;2176;1805;1827;3105;2296
61970;2185;1795;1827;3110;2294
62010;2170;1786;1827;3106;2297
62050;2155;1781;1827;3109;2296
62080;2143;1779;1827;3111;2298
62120;2137;1777;1827;3103;2299
62160;2130;1771;1827;3108;2297
62200;2066;1767;1827;3109;2300
62230;2029;1756;1827;3105;2309
62270;2004;1751;1827;3098;2305
62310;1990;1745;1827;3099;2298
62350;1978;1740;1827;3090;2299
62380;1966;1730;1827;3091;2302
62420;1956;1695;1827;3091;2308
62460;1947;1701;1827;3089;2312
62500;1942;1692;1827;3076;2317
62530;1934;1691;1826;3073;2315
62570;1921;1696;1826;3064;2321
62610;1913;1694;1826;3060;2317
62650;1905;1684;1825;3059;2321
62680;1896;1678;1824;3053;2330
62720;1886;1676;1816;3047;2327
62760;1876;1664;1812;3040;2327
62800;1864;1658;1810;3028;2329
62830;1858;1651;1808;3019;2335
62870;1850;1650;1805;3019;2336
62910;1840;1642;1803;3012;2338
62950;1834;1636;1801;3014;2339
62980;1823;1628;1799;3014;2339
63020;1809;1619;1797;3019;2338
63060;1796;1616;1796;3010;2343
63100;1789;1612;1794;3013;2344
63130;1785;1605;1794;3008;2346
63170;1775;1597;1795;3005;2348
63210;1768;1591;1794;3005;2357
63250;1765;1581;1792;3000;2361
63280;1742;1564;1790;2996;2367
63320;1735;1556;1789;3000;2371
63360;1701;1542;1787;2992;2376
63400;1669;1541;1785;2995;2378
63430;1639;1541;1783;2988;2387
63470;1595;1534;1782;2996;2396
63510;1567;1528;1779;2991;2414
63550;1547;1511;1778;2992;2417
63580;1527;1492;1776;2992;2427
63620;1522;1480;1775;2994;2419
63660;1516;1489;1772;2987;2439
63700;1504;1490;1770;2995;2442
63730;1497;1489;1768;3000;2459
63770;1490;1488;1767;3002;2459
63810;1474;1482;1766;3003;2501
63850;1467;1479;1764;3005;2523
63880;1464;1473;1762;3009;2546
63920;1454;1459;1761;3011;2552
63960;1439;1449;1760;3018;2552
64000;1429;1444;1759;3031;2554
64030;1420;1441;1757;3030;2558
64070;1413;1426;1756;3043;2555
64110;1405;1421;1754;3045;2559
64150;1394;1415;1750;3049;2569
64180;1387;1406;1745;3048;2584
64220;1373;1395;1742;3043;2602
64260;1363;1393;1740;3039;2610
64300;1353;1389;1738;3037;2622
64330;1347;1383;1738;3035;2642
64370;1337;1378;1739;3029;2641
64410;1327;1365;1739;3020;2657
64450;1319;1358;1738;3017;2672
64480;1313;1351;1737;3013;2683
64520;1307;1345;1734;3020;2685
64560;1297;1332;1730;3018;2687
64600;1286;1325;1726;3018;2717
64630;1278;1317;1724;3020;2741
64670;1268;1303;1723;3018;2750
64710;1259;1295;1722;3020;2764
64750;1250;1286;1719;3023;2792
64780;1244;1280;1717;3017;2806
64820;1235;1276;1716;3013;2839
64860;1224;1270;1712;3015;2852
64900;1214;1259;1710;3018;2862
64930;1211;1256;1708;3010;2882
64970;1206;1249;1706;3008;2907
65010;1196;1243;1704;3003;2924
65050;1188;1219;1701;2999;2955
65080;1182;1215;1699;2998;2961
65120;1172;1217;1697;2999;2986
65160;1164;1212;1695;3009;3000
65200;1154;1200;1694;3015;3016
65230;1147;1194;1693;3024;3029
65270;1143;1191;1692;3041;3039
65310;1137;1183;1690;3045;3052
65350;1130;1176;1686;3041;3085
65380;1125;1171;1683;3039;3105
65420;1118;1166;1680;3039;3117
65460;1113;1156;1677;3036;3144
65500;1108;1150;1674;3029;3174
65530;1101;1147;1673;3028;3218
34;1092;1140;1672;3022;3225
74;1085;1133;1671;3007;3253
84;1082;1128;1670;3004;3259
104;1079;1126;1669;2999;3275
154;1075;1123;1668;3009;3333
194;1069;1117;1667;3010;3363
234;1061;1114;1662;3015;3401
274;1054;1112;1660;2999;3427
284;1049;1110;1659;3005;3432
364;1041;1105;1656;3002;3477
414;1035;1099;1653;3199;3725
454;1032;1095;1650;3206;3747
494;1026;1085;1648;3201;3780
524;1023;1081;1647;3195;3793
574;1017;1075;1646;3202;3808
604;1012;1071;1645;3196;3832
644;1007;1069;1644;3203;3865
684;1003;1065;1643;3203;3902
724;997;1044;1642;3259;4030
754;990;1046;1641;3269;4056
794;987;1050;1639;3262;4082
834;986;1050;1638;3260;4095
874;985;1052;1637;3253;4095
904;983;1051;1636;3257;4095
944;978;1046;1634;3250;4095
984;971;1041;1633;3249;4095
1024;967;1038;1632;3255;4095
1054;965;1036;1631;3263;4095
1094;964;1035;1632;3267;4095
1134;962;1032;1632;3275;4095
1174;957;1029;1631;3340;4095
1204;953;1026;1631;3365;4095
1244;949;1025;1630;3366;4095
1284;946;1024;1628;3365;4095
1324;945;1023;1628;3371;4095
1354;944;1022;1627;3373;4095
1394;942;1018;1626;3383;4095
1434;940;1016;1626;3382;4095
1474;938;1014;1626;3382;4095
1504;937;1013;1626;3384;4095
1544;935;1012;1626;3384;4095
1584;934;1010;1627;3379;4095
1624;933;1009;1627;3388;4095
1634;932;1008;1627;3386;4095
1684;932;1007;1627;3391;4095
1724;932;1007;1627;3387;4095
1764;931;1007;1627;3388;4095
1804;931;1006;1626;3388;4095
1844;930;1002;1625;3403;4095
1884;927;999;1625;3395;4095
1924;924;998;1624;3389;4095
1954;922;996;1624;3385;4095
1994;919;992;1623;3386;4095
2024;918;989;1623;3391;4095
2064;918;987;1622;3396;4095
2104;917;986;1622;3400;4095
2144;917;986;1622;3402;4095
2184;917;986;1622;3410;4095
2224;917;986;1622;3409;4095
2254;917;986;1622;3413;4095
2294;917;987;1622;3417;4095
2334;917;987;1622;3411;4095
2374;917;987;1622;3413;4095
2404;917;987;1622;3416;4095
2444;917;987;1622;3413;4095
2484;917;987;1622;3413;4095
2524;917;987;1622;3414;4095
2554;917;987;1621;3415;4095
2594;917;987;1621;3414;4095
2634;916;987;1621;3409;4095
2674;916;987;1621;3409;4095
2704;916;987;1621;3409;4095
2734;916;987;1621;3377;4095
2764;916;987;1621;3401;4095
2814;916;987;1621;3413;4095
2854;916;988;1621;3420;4095
2884;916;988;1621;3422;4095
2924;916;988;1621;3420;4014
2964;916;988;1621;3399;3854
3004;916;988;1621;3404;3774
3044;916;988;1621;3407;3660
3084;916;987;1622;3405;3575
3124;916;987;1622;3408;3487
3154;916;987;1622;3415;3458
3244;916;987;1622;3430;3369
3304;916;987;1622;3448;3304
3344;916;987;1622;3454;3251
3384;916;987;1622;3452;3220
3424;916;987;1622;3450;3172
3454;917;987;1622;3455;3140
3484;921;987;1622;3457;3106
3524;925;987;1622;3455;3085
3564;928;987;1622;3466;3058
3604;932;987;1622;3476;3043
3644;937;987;1622;3484;3003
3684;940;987;1622;3495;2975
3724;946;987;1622;3502;2925
3754;953;987;1622;3506;2905
3794;957;987;1622;3513;2891
3834;962;987;1622;3524;2868
3874;971;987;1622;3529;2855
3904;976;987;1622;3531;2840
3944;980;987;1622;3540;2830
3994;981;987;1622;3548;2798
4034;989;987;1622;3548;2770
4094;997;987;1622;3546;2755
4134;1004;986;1622;3546;2735
4174;1011;986;1622;3555;2730
4204;1018;987;1622;3569;2732
4244;1024;987;1622;3581;2701
4284;1026;987;1622;3580;2707
4324;1029;987;1622;3600;2693
4354;1032;987;1622;3604;2686
4394;1039;987;1622;3619;2669
4434;1047;987;1622;3634;2653
4474;1057;987;1624;3650;2640
4504;1065;987;1626;3659;2634
4544;1070;987;1626;3671;2628
4584;1076;988;1627;3678;2615
4624;1084;988;1631;3685;2599
4654;1094;989;1635;3689;2588
4694;1101;989;1640;3707;2585
4734;1108;989;1644;3721;2569
4774;1114;989;1650;3751;2559
4804;1121;989;1657;3773;2558
4844;1128;989;1663;3791;2548
4884;1133;989;1667;3809;2538
4954;1142;990;1675;3844;2511
4994;1150;991;1683;3858;2504
5034;1161;991;1689;3886;2496
5074;1169;992;1694;3893;2487
5104;1176;992;1700;3901;2496
5144;1189;996;1704;3849;2556
5184;1197;998;1709;3867;2541
5224;1203;999;1715;3877;2536
5254;1209;1000;1720;3885;2527
5294;1222;1005;1727;3883;2528
5334;1231;1008;1732;3900;2500
5374;1235;1010;1734;3893;2501
5404;1245;1021;1736;3862;2523
5464;1256;1028;1737;3872;2523
5504;1265;1042;1738;3852;2535
5554;1277;1057;1739;3832;2556
5594;1290;1068;1740;3820;2564
5634;1298;1084;1740;3796;2582
5674;1309;1098;1741;3787;2592
5704;1318;1106;1741;3805;2575
5734;1331;1115;1741;3784;2590
5744;1336;1122;1741;3786;2589
5784;1337;1133;1741;3774;2603
5824;1342;1147;1741;3765;2609
5854;1353;1159;1741;3761;2616
5894;1368;1173;1741;3765;2618
5934;1375;1181;1741;3764;2627
5974;1388;1197;1741;3749;2635
6004;1401;1208;1741;3741;2632
6044;1411;1211;1741;3741;2635
6084;1416;1228;1742;3736;2627
6124;1431;1240;1742;3726;2614
6154;1444;1248;1743;3717;2610
6194;1451;1261;1743;3693;2602
6234;1460;1273;1744;3695;2602
6274;1470;1281;1744;3692;2601
6304;1480;1289;1744;3696;2605
6344;1488;1305;1744;3700;2617
6384;1499;1323;1744;3700;2633
6424;1503;1333;1744;3693;2641
6454;1506;1343;1744;3696;2642
6494;1521;1351;1744;3690;2635
6534;1532;1364;1744;3684;2649
6574;1537;1376;1744;3679;2650
6604;1563;1382;1744;3676;2659
6644;1591;1394;1744;3667;2671
6684;1624;1405;1744;3673;2661
6724;1680;1421;1744;3657;2669
6754;1700;1426;1745;3663;2667
6794;1729;1437;1745;3651;2673
6834;1742;1452;1745;3661;2664
6874;1759;1461;1745;3657;2666
6904;1763;1475;1745;3663;2655
6944;1768;1482;1745;3653;2667
6964;1776;1490;1745;3645;2672
7014;1784;1487;1745;3647;2669
7054;1799;1496;1744;3651;2657
7094;1814;1515;1746;3640;2658
7134;1821;1531;1747;3646;2656
7164;1834;1538;1748;3647;2653
7174;1841;1545;1749;3651;2645
7204;1846;1542;1751;3643;2634
7244;1854;1563;1753;3646;2624
7284;1864;1580;1755;3653;2620
7324;1870;1594;1757;3651;2625
7354;1881;1602;1759;3677;2592
7384;1892;1609;1760;3663;2600
7424;1898;1612;1762;3698;2572
7464;1909;1623;1763;3701;2569
7504;1919;1629;1765;3688;2593
7544;1927;1640;1766;3673;2610
7584;1932;1645;1767;3678;2604
7624;1940;1651;1768;3700;2589
7654;1947;1659;1768;3718;2593
7694;1953;1670;1769;3722;2582
7734;1967;1681;1770;3714;2593
7774;1975;1694;1770;3709;2592
7804;1984;1700;1771;3735;2570
7844;1988;1697;1773;3733;2559
7884;1994;1701;1774;3728;2565
7924;2006;1697;1775;3722;2566
7954;2013;1715;1776;3741;2544
7994;2023;1731;1776;3736;2540
8034;2089;1735;1776;3738;2532
8074;2129;1744;1777;3738;2535
8104;2147;1756;1778;3730;2550
8144;2169;1765;1779;3705;2591
8184;2182;1773;1779;3687;2625
8224;2189;1776;1780;3705;2606
8254;2191;1787;1780;3702;2605
8294;2200;1799;1780;3687;2621
8334;2206;1806;1780;3658;2626
8374;2216;1810;1780;3693;2597
8404;2226;1815;1781;3684;2603
8444;2229;1819;1782;3704;2577
8484;2236;1820;1783;3690;2578
8524;2242;1826;1784;3717;2558
8554;2245;1830;1785;3714;2539
8594;2251;1831;1786;3725;2522
8634;2258;1837;1786;3710;2543
8674;2265;1842;1787;3731;2491
8704;2269;1844;1790;3738;2475
8744;2275;1844;1792;3750;2468
8784;2281;1854;1793;3729;2487
8824;2286;1860;1793;3757;2453
8854;2289;1862;1793;3767;2448
8884;2292;1864;1794;3775;2436
8924;2292;1870;1795;3755;2445
8964;2295;1873;1796;3778;2426
9004;2301;1874;1797;3766;2426
9044;2305;1876;1798;3773;2421
9084;2309;1878;1798;3775;2417
9094;2313;1880;1798;3777;2414
9134;2322;1883;1800;3787;2398
9194;2328;1889;1802;3771;2401
9234;2330;1892;1803;3800;2404
9274;2334;1894;1804;3812;2378
9304;2333;1895;1806;3822;2369
9344;2332;1896;1808;3836;2322
9384;2332;1897;1811;3852;2295
9424;2332;1897;1812;3866;2296
9454;2334;1897;1815;3869;2262
9494;2337;1897;1818;3879;2268
9534;2339;1897;1820;3888;2275
9574;2339;1897;1822;3889;2270
9604;2344;1897;1823;3890;2268
9644;2350;1897;1824;3897;2267
9674;2351;1896;1825;3801;2335
9714;2352;1896;1825;3822;2331
9754;2352;1896;1825;3831;2335
9794;2352;1896;1825;3822;2359
9834;2353;1896;1825;3814;2374
9874;2356;1901;1825;3782;2398
9904;2359;1906;1825;3799;2378
9934;2360;1908;1825;3812;2368
9974;2360;1910;1826;3816;2346
10004;2360;1910;1826;3818;2348
10014;2360;1910;1826;3820;2349
10054;2360;1910;1826;3820;2347
10094;2360;1910;1825;3824;2346
10134;2360;1910;1825;3830;2344
10174;2361;1910;1825;3853;2304
10204;2361;1910;1825;3867;2283
10234;2361;1910;1825;3878;2252
10244;2361;1910;1825;3881;2244
10284;2361;1910;1826;3887;2226
10324;2361;1910;1826;3893;2223
10354;2361;1910;1827;3899;2214
10394;2362;1910;1827;3894;2215
10434;2362;1909;1827;3892;2215
10474;2362;1909;1827;3892;2215
10504;2363;1908;1826;3894;2204
10544;2363;1909;1826;3896;2207
10584;2363;1909;1825;3902;2195
10614;2363;1910;1825;3906;2187
10624;2363;1910;1824;3907;2185
10654;2364;1909;1825;3908;2186
10694;2364;1910;1825;3908;2183
10734;2364;1910;1825;3909;2181
10754;2364;1911;1825;3911;2185
10804;2364;1911;1825;3925;2169
10844;2365;1911;1825;3937;2164
10884;2366;1912;1825;3936;2167
10924;2368;1912;1826;3928;2170
10954;2369;1911;1826;3930;2167
10994;2369;1911;1826;3930;2167
11034;2369;1911;1826;3935;2162
11074;2370;1911;1826;3941;2166
11104;2371;1911;1826;3936;2175
11134;2371;1911;1826;3940;2179
11174;2370;1911;1826;3943;2178
11214;2370;1910;1826;3942;2176
11254;2370;1910;1827;3943;2175
11294;2370;1910;1827;3943;2171
11334;2370;1910;1827;3945;2173
11374;2370;1910;1827;3945;2174
11404;2369;1910;1828;3945;2177
11444;2369;1910;1828;3945;2183
11484;2369;1910;1828;3946;2190
11524;2369;1910;1828;3953;2184
11554;2369;1910;1828;3957;2183
11594;2370;1909;1828;3958;2179
11634;2370;1909;1828;3959;2183
11674;2370;1909;1829;3960;2184
11704;2370;1909;1828;3962;2173
11744;2369;1909;1828;3965;2171
11784;2370;1910;1829;3965;2175
11824;2370;1910;1829;3965;2180
11854;2370;1910;1829;3966;2178
11894;2370;1910;1829;3967;2179
11934;2370;1909;1829;3969;2178
11974;2370;1909;1829;3970;2180
12004;2370;1909;1829;3970;2181
12034;2370;1909;1829;3970;2180
12074;2370;1909;1829;3969;2179
12114;2370;1910;1829;3997;2193
12154;2370;1910;1830;3973;2207
12194;2370;1911;1830;3962;2242
12234;2370;1911;1830;3932;2297
12274;2370;1911;1830;3895;2353
12284;2370;1911;1830;3890;2364
12334;2370;1911;1830;3857;2413
12374;2368;1911;1830;3844;2427
12414;2367;1911;1830;3841;2437
12454;2366;1911;1830;3842;2438
12484;2366;1911;1830;3845;2435
12524;2366;1911;1830;3850;2430
12564;2366;1911;1830;3850;2432
12604;2365;1911;1830;3853;2431
12644;2366;1911;1830;3856;2433
12684;2366;1911;1830;3860;2431
12724;2366;1911;1830;3862;2434
12754;2366;1911;1830;3863;2433
12794;2365;1911;1830;3866;2429
12804;2365;1911;1830;3866;2431
12854;2365;1911;1830;3866;2433
12894;2365;1911;1830;3873;2428
12944;2365;1911;1830;3875;2432
12984;2364;1911;1830;3880;2431
13024;2364;1911;1830;3889;2434
13054;2364;1911;1830;3898;2427
13094;2364;1911;1830;3906;2428
13134;2364;1911;1830;3918;2427
13174;2364;1911;1830;3918;2431
13204;2364;1911;1830;3921;2435
13244;2364;1911;1830;3925;2429
13284;2364;1911;1830;3928;2434
13324;2364;1911;1831;3929;2436
13354;2364;1911;1831;3929;2435
13394;2364;1911;1831;3937;2436
13414;2364;1911;1831;3941;2433
13464;2364;1911;1831;3952;2433
13504;2364;1911;1831;3955;2433
13544;2364;1911;1831;3955;2436
13584;2364;1911;1831;3958;2432
13624;2364;1911;1830;3960;2435
13654;2364;1911;1830;3963;2432
13694;2364;1911;1830;3964;2433
13734;2364;1911;1830;3964;2433
13764;2364;1911;1830;3964;2430
13774;2364;1911;1830;3966;2429
13804;2364;1911;1830;3966;2434
13844;2364;1911;1830;3969;2430
13884;2364;1911;1831;3970;2431
13924;2364;1911;1831;3970;2431
13954;2364;1911;1830;3975;2428
13984;2364;1911;1830;3974;2428
13994;2364;1911;1830;3974;2430
14034;2365;1911;1830;3974;2426
14074;2364;1911;1830;3976;2428
14104;2364;1911;1830;3973;2433
14144;2364;1911;1830;3979;2424
14184;2364;1911;1831;3979;2432
14224;2364;1911;1831;3982;2427
14254;2365;1911;1831;3981;2429
14284;2364;1911;1831;3981;2426
14324;2364;1911;1831;3986;2427
14364;2364;1911;1831;3989;2426
14404;2364;1911;1831;3992;2425
14444;2364;1911;1831;4002;2426
14484;2364;1911;1830;4012;2427
14524;2364;1911;1830;4015;2432
14554;2364;1911;1830;4019;2429
14594;2364;1911;1830;4019;2431
14634;2364;1911;1831;4023;2431
14674;2364;1911;1830;4024;2432
14704;2364;1911;1830;4025;2433
14744;2364;1911;1830;4027;2433
14784;2364;1911;1830;4026;2434
14824;2364;1911;1830;4025;2436
14854;2364;1911;1830;4026;2435
14894;2364;1911;1831;4024;2438
14934;2364;1911;1830;4025;2440
14974;2364;1911;1830;4022;2437
15004;2364;1911;1830;4013;2439
15044;2364;1911;1831;4013;2412
15084;2364;1911;1831;4029;2362
15124;2365;1911;1831;4051;2325
15154;2366;1911;1830;4066;2302
15194;2370;1911;1830;4086;2267
15234;2372;1911;1830;4094;2248
15274;2372;1911;1830;4095;2242
15304;2373;1911;1830;4094;2246
15344;2372;1911;1831;4095;2253
15384;2372;1910;1831;4095;2254
15414;2371;1910;1831;4095;2257
15454;2371;1910;1831;4095;2262
15494;2371;1910;1831;4095;2262
15564;2370;1910;1832;4094;2267
15604;2370;1910;1832;4094;2270
15644;2370;1910;1832;4094;2273
15674;2370;1910;1832;4093;2274
15714;2370;1910;1832;4093;2273
15754;2370;1910;1832;4093;2275
15794;2370;1910;1832;4091;2275
15834;2370;1910;1832;4090;2274
15874;2370;1910;1832;4088;2274
15904;2369;1910;1832;4091;2272
15944;2369;1910;1832;4093;2274
15984;2369;1910;1832;4094;2272
16024;2369;1910;1832;4095;2274
16054;2369;1910;1832;4095;2274
16094;2369;1910;1832;4095;2271
16134;2369;1910;1832;4095;2269
16174;2369;1910;1832;4095;2271
16204;2369;1910;1832;4095;2270
16244;2369;1910;1832;4095;2270
16284;2369;1910;1832;4095;2269
16324;2369;1910;1832;4095;2283
16354;2369;1910;1832;4095;2294
16394;2369;1910;1832;4070;2344
16434;2369;1911;1832;4036;2401
16474;2371;1911;1832;3998;2445
16504;2370;1911;1832;3981;2464
16534;2369;1911;1832;3945;2491
16544;2371;1911;1832;3934;2500
16584;2369;1911;1832;3909;2535
16624;2370;1911;1832;3887;2583
16654;2369;1911;1832;3873;2612
16694;2367;1912;1832;3850;2628
16734;2367;1912;1832;3840;2643
16774;2365;1912;1832;3831;2648
16804;2365;1912;1832;3824;2651
16844;2364;1912;1832;3822;2653
16884;2364;1912;1832;3805;2661
16924;2364;1912;1832;3789;2661
16954;2364;1912;1832;3776;2659
16994;2364;1912;1832;3768;2664
17034;2364;1912;1832;3752;2671
17074;2365;1912;1832;3745;2676
17104;2370;1912;1832;3739;2682
17144;2372;1912;1832;3730;2685
17184;2375;1912;1832;3715;2696
17224;2381;1912;1832;3709;2706
17254;2372;1912;1832;3699;2706
17294;2365;1912;1832;3676;2703
17334;2356;1912;1832;3661;2717
17374;2350;1912;1832;3652;2727
17404;2346;1912;1832;3645;2732
17444;2342;1912;1832;3645;2733
17474;2340;1912;1832;3649;2733
17514;2333;1912;1832;3638;2740
17554;2331;1912;1832;3630;2750
17594;2326;1912;1832;3621;2747
17644;2321;1912;1832;3615;2752
17684;2315;1912;1832;3612;2760
17744;2311;1911;1832;3605;2770
17784;2309;1911;1832;3605;2767
17824;2301;1911;1832;3600;2766
17854;2295;1911;1832;3598;2763
17894;2283;1911;1832;3598;2770
17934;2273;1907;1832;3589;2768
17974;2261;1902;1832;3588;2753
18004;2255;1898;1832;3590;2752
18044;2249;1893;1832;3588;2753
18084;2248;1884;1832;3586;2759
18124;2245;1877;1832;3580;2764
18154;2243;1874;1832;3578;2764
18184;2231;1864;1832;3582;2764
18214;2218;1855;1832;3577;2769
18254;2207;1844;1832;3577;2770
18294;2198;1837;1831;3571;2772
18344;2194;1834;1831;3564;2779
18384;2180;1823;1831;3569;2790
18424;2173;1822;1832;3565;2798
18454;2179;1820;1831;3559;2807
18494;2165;1818;1830;3551;2811
18534;2154;1814;1830;3543;2812
18574;2142;1811;1827;3545;2811
18604;2133;1805;1826;3539;2819
18644;2068;1797;1825;3538;2820
18684;2028;1788;1826;3533;2824
18724;2004;1782;1825;3535;2829
18754;1991;1779;1825;3530;2830
18784;1980;1775;1824;3526;2831
18824;1966;1771;1823;3525;2840
18864;1955;1757;1823;3522;2837
18904;1942;1751;1821;3523;2842
18944;1941;1746;1817;3526;2846
18974;1934;1740;1815;3527;2847
19014;1926;1715;1813;3529;2853
19054;1913;1678;1811;3531;2850
19094;1904;1688;1810;3529;2856
19134;1897;1691;1807;3522;2864
19184;1887;1696;1803;3527;2855
19224;1876;1694;1799;3520;2856
19284;1867;1686;1796;3525;2851
19324;1853;1678;1795;3523;2858
19354;1839;1673;1795;3521;2861
19394;1836;1666;1795;3530;2850
19434;1824;1654;1794;3527;2857
19474;1812;1651;1791;3522;2858
19504;1801;1647;1789;3522;2851
19544;1791;1634;1788;3525;2851
19584;1789;1631;1786;3520;2854
19624;1777;1626;1785;3526;2857
19654;1766;1619;1784;3518;2868
19694;1765;1615;1783;3528;2859
19724;1742;1608;1782;3516;2874
19764;1730;1601;1779;3518;2873
19804;1696;1593;1777;3525;2859
19844;1672;1578;1777;3513;2879
19884;1653;1561;1775;3509;2884
19924;1603;1558;1773;3514;2884
19954;1572;1542;1771;3506;2886
19994;1557;1544;1769;3495;2895
20034;1533;1540;1768;3487;2900
20074;1524;1532;1767;3485;2912
20104;1517;1516;1766;3481;2913
20144;1505;1484;1765;3481;2922
20174;1499;1472;1764;3479;2935
20214;1491;1481;1763;3479;2937
20254;1482;1486;1761;3479;2949
20294;1469;1487;1760;3484;2975
20334;1465;1487;1758;3480;2992
20374;1453;1486;1757;3476;3000
20404;1438;1481;1754;3470;2994
20444;1431;1471;1751;3480;2987
20474;1422;1449;1747;3470;3001
20514;1415;1445;1744;3456;3018
20554;1405;1440;1742;3452;3022
20594;1392;1437;1740;3457;3015
20664;1375;1426;1737;3441;3036
20704;1361;1419;1739;3444;3035
20734;1354;1406;1739;3444;3046
20774;1348;1396;1739;3451;3066
20814;1337;1392;1738;3461;3069
20844;1329;1385;1737;3461;3081
20884;1321;1379;1736;3457;3102
20924;1315;1352;1731;3448;3124
20964;1307;1351;1727;3444;3145
21004;1297;1344;1725;3444;3150
21044;1285;1343;1724;3439;3172
21084;1278;1336;1723;3435;3201
21114;1269;1328;1721;3438;3212
21124;1263;1324;1719;3433;3216
21154;1259;1318;1717;3434;3235
21194;1250;1302;1717;3436;3236
21224;1245;1296;1716;3431;3272
21254;1241;1293;1712;3427;3297
21264;1238;1289;1710;3424;3305
21304;1226;1283;1709;3421;3308
21334;1218;1279;1708;3409;3312
21374;1213;1272;1707;3402;3319
21414;1208;1265;1705;3394;3339
21454;1198;1259;1701;3393;3359
21494;1189;1252;1699;3384;3377
21534;1181;1247;1697;3378;3392
21574;1172;1240;1696;3370;3404
21604;1165;1223;1694;3367;3414
21674;1152;1222;1691;3353;3455
21714;1145;1217;1687;3343;3485
21754;1140;1209;1683;3335;3500
21794;1131;1199;1679;3328;3537
21834;1124;1194;1676;3322;3560
21874;1117;1191;1674;3314;3583
21904;1112;1183;1672;3306;3596
21934;1107;1177;1671;3303;3603
21964;1102;1172;1671;3295;3620
22004;1095;1164;1671;3287;3648
22044;1088;1152;1671;3271;3677
22094;1081;1148;1670;3272;3701
22134;1076;1142;1668;3265;3740
22174;1070;1135;1666;3263;3774
22204;1064;1129;1663;3261;3790
22244;1057;1126;1660;3254;3830
22284;1049;1117;1659;3263;3845
22324;1042;1114;1657;3258;3884
22354;1037;1114;1655;3261;3921
22394;1032;1110;1651;3264;3941
22434;1030;1106;1649;3274;3982
22474;1025;1103;1647;3274;4008
22504;1022;1100;1646;3276;4024
22534;1018;1096;1645;3277;4042
22574;1012;1092;1644;3288;4059
22614;1007;1085;1643;3286;4081
22654;1003;1079;1643;3283;4095
22694;998;1076;1643;3289;4095
22724;992;1073;1642;3288;4095
22764;988;1070;1640;3289;4095
22804;986;1065;1639;3298;4095
22844;985;1057;1638;3301;4095
22884;984;1055;1637;3303;4095
22924;981;1054;1636;3314;4095
22954;976;1054;1636;3313;4095
22994;970;1047;1634;3315;4095
23034;966;1042;1633;3314;4095
23074;964;1038;1633;3317;4095
23104;963;1037;1632;3319;4095
23164;957;1035;1632;3326;4095
23204;953;1032;1632;3330;4095
23254;948;1029;1632;3329;4095
23294;945;1027;1630;3332;4095
23334;944;1025;1628;3335;4095
23374;943;1023;1628;3331;4095
23404;942;1020;1628;3332;4095
23444;940;1018;1628;3332;4095
23484;938;1017;1627;3331;4095
23524;936;1014;1627;3324;4095
23554;934;1012;1627;3325;4095
23594;933;1012;1627;3325;4095
23624;932;1011;1626;3329;4095
23664;932;1010;1626;3337;4095
23674;931;1010;1626;3340;4095
23704;931;1009;1626;3340;4095
23754;931;1008;1627;3341;4095
23794;930;1004;1626;3339;4095
23854;925;1001;1626;3339;4095
23894;922;999;1625;3346;4095
23934;920;995;1625;3345;4095
23974;918;990;1625;3351;4095
24004;917;989;1624;3354;4095
24044;917;988;1624;3352;4095
24084;917;988;1624;3356;4095
24124;916;988;1624;3361;4095
24154;916;988;1624;3364;4095
24194;916;987;1625;3363;4095
24234;916;987;1624;3365;4095
24274;915;987;1624;3367;4095
24304;915;987;1624;3368;4095
24334;915;987;1624;3368;4095
24374;915;987;1624;3368;4095
24404;915;987;1624;3373;4095
24414;915;987;1624;3374;4095
24454;915;987;1624;3375;4095
24494;915;987;1624;3374;4095
24534;915;987;1624;3372;4095
24574;916;987;1625;3375;4095
24604;916;987;1625;3375;4095
24634;915;987;1625;3354;4095
24674;915;987;1624;3374;4095
24714;915;987;1624;3390;4095
24754;915;987;1624;3397;4095
24794;916;987;1624;3405;4095
24834;916;987;1624;3405;4095
24874;916;987;1624;3397;4042
24904;916;987;1624;3399;3938
24944;916;987;1624;3402;3828
24984;916;988;1624;3400;3749
25024;916;988;1624;3404;3663
25054;916;988;1624;3398;3604
25094;916;988;1624;3402;3547
25134;916;988;1624;3410;3523
25164;917;988;1624;3413;3516
25174;917;988;1624;3413;3511
25194;917;988;1624;3409;3508
25244;916;988;1624;3414;3503
25284;916;988;1624;3415;3500
25324;916;988;1625;3419;3475
25354;916;988;1625;3424;3420
25394;917;988;1625;3424;3381
25434;917;988;1625;3435;3327
25474;917;988;1625;3446;3287
25504;917;988;1625;3451;3245
25544;918;989;1625;3448;3182
25584;923;989;1625;3449;3132
25604;927;989;1625;3456;3112
25654;931;989;1625;3478;3081
25694;935;989;1625;3489;3054
25734;939;989;1625;3492;3019
25774;943;989;1625;3503;2996
25804;950;989;1625;3519;2980
25844;956;989;1625;3542;2957
25884;961;989;1625;3548;2936
25924;966;989;1625;3567;2919
25954;973;989;1625;3570;2910
25994;978;989;1625;3571;2874
26034;981;989;1625;3572;2854
26074;986;989;1625;3578;2840
26104;993;989;1625;3585;2824
26144;999;988;1626;3597;2810
26184;1005;988;1626;3603;2802
26224;1011;988;1626;3604;2792
26254;1016;988;1626;3606;2779
26294;1022;988;1626;3611;2784
26334;1025;988;1626;3614;2776
26374;1030;988;1626;3620;2759
26404;1033;988;1626;3629;2748
26444;1040;987;1625;3651;2740
26484;1049;987;1625;3672;2733
26524;1059;987;1626;3704;2726
26554;1066;987;1626;3728;2728
26594;1071;987;1628;3741;2716
26634;1079;987;1629;3757;2717
26674;1090;987;1632;3776;2711
26704;1098;987;1635;3787;2704
26734;1103;988;1639;3798;2698
26774;1109;988;1641;3815;2682
26814;1115;988;1646;3827;2672
26854;1123;988;1656;3852;2667
26894;1130;988;1663;3861;2646
26934;1135;988;1667;3870;2637
26974;1142;988;1673;3894;2623
27004;1148;988;1679;3910;2613
27044;1157;989;1686;3933;2604
27084;1166;992;1691;3949;2606
27124;1173;994;1696;3964;2594
27144;1179;997;1700;3971;2598
27194;1192;1005;1704;3927;2655
27234;1198;1009;1708;3956;2651
27274;1207;1014;1712;3959;2658
27304;1218;1017;1716;3970;2637
27344;1228;1019;1720;3988;2625
27384;1234;1027;1724;3942;2660
27424;1244;1039;1726;3949;2663
27454;1252;1047;1727;3967;2654
27494;1260;1057;1728;3973;2656
27534;1271;1068;1731;3959;2668
27564;1280;1076;1733;3968;2658
27574;1285;1084;1734;3955;2674
27604;1293;1089;1733;3983;2637
27644;1300;1098;1733;3974;2648
27684;1307;1108;1734;3975;2658
27724;1317;1119;1735;3983;2655
27754;1327;1131;1735;3962;2671
27784;1335;1135;1736;3967;2667
27794;1340;1142;1736;3949;2688
27834;1343;1156;1737;3951;2684
27864;1346;1165;1737;3975;2668
27874;1354;1175;1737;3958;2685
27904;1368;1184;1737;3977;2667
27944;1373;1180;1737;3991;2651
27984;1384;1198;1737;3979;2666
28024;1397;1210;1737;3981;2670
28054;1406;1213;1736;3993;2646
28084;1414;1229;1737;3980;2666
28124;1419;1239;1738;3976;2665
28164;1434;1253;1737;3981;2655
28204;1445;1264;1738;3977;2659
28244;1453;1270;1738;4006;2618
28284;1462;1280;1739;3996;2616
28324;1472;1287;1740;3997;2604
28354;1483;1300;1742;3995;2600
28384;1489;1310;1743;4009;2581
28424;1499;1320;1746;4020;2568
28464;1505;1329;1750;4007;2562
28504;1506;1342;1753;4005;2565
28544;1521;1346;1756;3993;2564
28584;1531;1359;1758;4028;2542
28624;1535;1371;1759;4025;2539
28654;1567;1382;1760;4008;2548
28694;1603;1385;1760;4024;2544
28734;1631;1395;1761;4017;2544
28774;1673;1405;1762;4033;2535
28804;1695;1416;1763;4039;2529
28844;1722;1428;1764;4034;2534
28884;1740;1421;1764;4027;2529
28924;1750;1433;1765;4015;2530
28954;1765;1450;1765;4023;2525
28994;1774;1461;1766;4025;2518
29034;1778;1477;1764;4033;2511
29074;1786;1485;1766;4030;2498
29104;1796;1490;1767;4039;2490
29144;1807;1465;1768;4042;2484
29184;1820;1468;1769;4045;2481
29224;1828;1498;1771;4037;2483
29254;1838;1520;1773;4020;2493
29294;1847;1529;1774;4018;2489
29334;1857;1544;1775;4020;2496
29374;1866;1555;1775;4007;2503
29404;1878;1570;1776;3973;2526
29444;1890;1584;1776;3970;2523
29484;1897;1595;1776;3976;2510
29524;1911;1606;1777;3963;2517
29554;1919;1613;1777;3984;2516
29594;1927;1622;1777;3976;2515
29634;1932;1629;1777;3971;2521
29674;1940;1640;1777;3956;2519
29704;1943;1646;1777;3968;2510
29744;1951;1651;1777;3973;2511
29784;1962;1660;1778;3960;2519
29824;1971;1671;1779;3958;2523
29844;1978;1685;1779;3913;2556
29894;1986;1695;1780;3925;2542
29934;1991;1698;1782;3952;2514
29974;2005;1702;1783;3937;2529
30004;2013;1702;1784;3940;2524
30044;2020;1699;1784;3950;2517
30084;2025;1722;1784;3929;2524
30124;2097;1734;1784;3967;2490
30154;2130;1741;1785;3966;2479
30194;2155;1744;1790;3980;2449
30234;2176;1748;1793;3929;2484
30274;2187;1753;1793;3980;2432
30304;2192;1757;1793;3987;2415
30344;2194;1763;1793;3982;2408
30374;2203;1766;1794;3984;2403
30414;2206;1773;1795;3975;2413
30454;2212;1776;1796;3980;2389
30494;2222;1784;1797;3961;2401
30534;2227;1789;1798;3963;2391
30574;2233;1800;1798;3961;2415
30604;2239;1805;1799;3969;2400
30644;2245;1810;1799;3951;2423
30684;2251;1813;1799;3970;2397
30724;2258;1819;1800;3944;2413
30754;2263;1823;1800;3968;2390
30794;2268;1824;1801;3959;2372
30834;2274;1828;1803;3910;2425
30874;2281;1832;1804;3960;2381
30904;2286;1833;1804;3965;2361
30944;2288;1833;1805;3970;2340
30984;2291;1839;1807;3950;2351
31024;2292;1841;1808;3979;2324
31054;2293;1842;1808;3980;2321
31094;2295;1844;1810;3982;2309
31134;2299;1844;1811;3991;2281
31174;2303;1844;1816;4000;2270
31204;2306;1843;1819;4005;2265
31244;2314;1856;1822;3970;2306
31284;2323;1863;1823;3989;2283
31324;2327;1867;1823;3986;2289
31354;2330;1872;1824;3954;2330
31394;2333;1874;1824;3972;2316
31434;2334;1875;1824;3981;2308
31474;2333;1876;1824;3979;2309
31504;2333;1883;1824;3940;2378
31534;2335;1887;1824;3958;2363
31574;2337;1890;1824;3975;2337
31614;2338;1892;1824;3980;2331
31654;2339;1893;1824;3980;2326
31694;2346;1895;1824;3934;2393
31734;2350;1896;1824;3955;2375
31764;2351;1897;1824;3964;2365
31774;2352;1897;1825;3966;2365
31804;2352;1897;1825;3975;2352
31844;2354;1897;1825;3977;2345
31884;2356;1897;1825;3972;2342
31924;2353;1897;1825;3969;2352
31954;2357;1901;1825;3917;2418
31994;2358;1903;1824;3945;2406
32034;2359;1904;1824;3953;2405
32074;2359;1905;1824;3956;2400
32104;2360;1906;1824;3961;2394
32134;2361;1907;1824;3971;2376
32174;2361;1908;1824;3985;2368
32214;2362;1907;1824;3984;2337
32254;2368;1915;1824;3959;2391
32294;2370;1919;1824;3980;2377
32334;2371;1921;1824;3975;2379
32374;2371;1923;1824;3973;2383
32404;2371;1924;1824;3979;2381
32444;2371;1925;1824;3984;2378
32484;2371;1925;1823;3990;2371
32524;2371;1925;1823;3994;2368
32554;2370;1925;1824;3996;2364
32594;2370;1925;1824;4006;2352
32634;2370;1926;1824;4011;2345
32674;2371;1926;1824;4011;2343
32704;2371;1926;1824;4013;2343
32744;2371;1926;1824;4016;2338
32784;2371;1926;1824;4018;2332
32824;2371;1926;1824;4018;2335
32854;2371;1926;1824;4021;2337
32894;2372;1926;1824;4023;2346
32934;2372;1926;1824;4019;2352
32974;2372;1926;1825;4005;2372
33004;2372;1926;1825;4002;2375
33044;2372;1926;1825;4000;2374
33084;2371;1926;1825;4000;2372
33124;2370;1926;1825;3994;2379
33154;2370;1926;1825;3993;2384
33194;2370;1926;1825;3996;2385
33234;2370;1926;1825;3991;2386
33274;2370;1926;1825;3989;2389
33304;2370;1926;1825;3988;2390
33344;2370;1927;1825;3988;2395
33384;2370;1927;1825;3989;2396
33424;2370;1927;1825;3990;2397
33454;2370;1926;1825;3994;2393
33494;2370;1926;1825;3996;2395
33534;2370;1926;1825;3995;2395
33574;2370;1926;1825;3999;2394
33594;2370;1926;1825;4002;2395
33644;2369;1927;1825;4004;2394
33684;2369;1927;1825;4002;2395
33724;2369;1927;1825;4001;2397
33754;2369;1927;1825;4001;2394
33794;2369;1927;1825;3996;2398
33834;2369;1927;1825;3999;2401
33874;2369;1927;1825;4000;2399
33904;2369;1927;1825;3999;2404
33944;2369;1927;1825;4000;2404
33984;2369;1927;1825;4002;2396
34024;2369;1927;1825;4005;2376
34054;2369;1927;1825;4006;2363
34094;2369;1927;1825;4002;2351
34134;2369;1927;1825;4008;2355
34174;2369;1927;1825;3999;2363
34204;2369;1927;1826;3992;2399
34244;2369;1927;1826;3962;2435
34284;2369;1928;1826;3935;2471
34324;2370;1928;1826;3906;2505
34354;2372;1928;1826;3878;2530
34394;2373;1928;1826;3869;2589
34434;2373;1928;1826;3864;2616
34474;2375;1927;1826;3861;2626
34504;2376;1927;1826;3861;2630
34544;2376;1927;1826;3863;2636
34584;2376;1927;1826;3865;2635
34614;2375;1927;1826;3866;2636
34654;2376;1927;1826;3864;2639
34694;2376;1927;1826;3860;2641
34734;2376;1927;1826;3863;2641
34774;2376;1927;1826;3865;2639
34804;2376;1927;1826;3865;2634
34844;2376;1927;1826;3867;2628
34884;2376;1927;1826;3868;2620
34924;2376;1927;1826;3868;2624
34954;2375;1927;1826;3872;2624
34994;2375;1927;1826;3879;2618
35034;2376;1927;1826;3889;2606
35074;2375;1927;1826;3893;2597
35104;2375;1927;1826;3895;2595
35144;2375;1927;1826;3898;2589
35184;2375;1927;1826;3898;2590
35224;2376;1927;1826;3899;2595
35254;2376;1927;1826;3899;2596
35294;2376;1927;1826;3900;2602
35334;2376;1927;1826;3897;2605
35374;2377;1927;1827;3893;2610
35404;2377;1927;1827;3891;2609
35444;2377;1928;1826;3890;2612
35484;2377;1928;1826;3890;2611
35524;2377;1928;1826;3894;2611
35554;2376;1928;1826;3894;2607
35594;2376;1928;1826;3899;2600
35634;2376;1928;1826;3902;2598
35674;2376;1928;1827;3907;2594
35704;2376;1928;1827;3910;2595
35744;2376;1928;1827;3910;2597
35784;2376;1928;1827;3910;2597
35824;2377;1928;1827;3913;2595
35844;2377;1928;1827;3916;2594
35894;2377;1928;1827;3919;2594
35934;2377;1927;1827;3919;2594
35974;2377;1927;1827;3923;2594
36004;2376;1927;1827;3921;2590
36034;2376;1927;1827;3924;2588
36074;2376;1927;1827;3924;2586
36114;2376;1927;1827;3927;2574
36154;2376;1927;1827;3928;2571
36194;2376;1927;1827;3933;2568
36234;2376;1927;1827;3933;2565
36274;2376;1927;1827;3936;2563
36304;2376;1927;1826;3941;2561
36334;2376;1927;1826;3941;2561
36374;2376;1927;1827;3942;2561
36414;2375;1927;1827;3936;2565
36454;2375;1927;1827;3937;2571
36494;2375;1927;1827;3935;2574
36534;2375;1927;1827;3930;2581
36574;2375;1927;1827;3930;2586
36604;2375;1927;1827;3914;2561
36644;2375;1927;1827;3941;2513
36684;2375;1927;1827;3965;2468
36724;2377;1927;1827;3980;2432
36754;2376;1927;1827;3992;2419
36794;2375;1927;1826;3993;2424
36834;2374;1927;1826;3991;2428
36874;2375;1928;1826;3991;2440
36904;2375;1928;1826;3992;2444
36934;2375;1927;1826;3994;2445
36974;2375;1927;1826;3995;2445
37014;2375;1927;1826;4008;2424
37054;2376;1927;1826;4024;2409
37094;2377;1927;1826;4032;2397
37134;2377;1927;1826;4047;2381
37174;2379;1927;1826;4056;2372
37204;2379;1927;1826;4066;2359
37234;2378;1927;1826;4075;2344
37274;2377;1927;1826;4091;2359
37314;2376;1927;1826;4091;2362
37354;2376;1927;1826;4089;2363
37384;2376;1927;1826;4089;2365
37434;2377;1927;1827;4090;2366
37474;2377;1927;1827;4089;2368
37504;2376;1927;1826;4088;2369
37544;2376;1927;1826;4088;2371
37584;2376;1927;1826;4089;2370
37624;2376;1927;1826;4089;2371
37654;2376;1927;1827;4090;2370
37694;2376;1927;1827;4090;2369
37734;2376;1927;1827;4088;2372
37774;2376;1927;1827;4084;2372
37804;2376;1927;1827;4086;2373
37844;2375;1927;1827;4087;2373
37884;2375;1927;1827;4087;2374
37924;2375;1927;1827;4087;2373
37954;2375;1927;1827;4085;2372
37994;2375;1927;1827;4083;2372
38034;2375;1927;1827;4084;2374
38074;2375;1927;1827;4085;2375
38104;2375;1927;1827;4084;2376
38144;2375;1927;1827;4083;2379
38184;2375;1928;1827;4081;2374
38204;2375;1928;1827;4082;2374
38254;2375;1928;1827;4082;2374
38294;2375;1928;1826;4089;2384
38334;2375;1928;1827;4070;2411
38374;2375;1928;1827;4035;2457
38404;2375;1928;1827;4006;2489
38444;2376;1928;1827;3984;2524
38484;2378;1928;1827;3935;2573
38514;2380;1928;1827;3915;2609
38524;2382;1928;1827;3910;2622
38554;2383;1928;1827;3896;2646
38594;2382;1928;1827;3876;2688
38634;2383;1927;1827;3856;2733
38674;2384;1928;1827;3821;2749
38704;2385;1928;1827;3794;2751
38744;2383;1928;1827;3780;2755
38784;2382;1928;1828;3769;2753
38824;2382;1928;1827;3761;2758
38854;2382;1928;1827;3758;2759
38894;2381;1928;1827;3747;2759
38934;2381;1928;1827;3736;2761
38974;2381;1928;1827;3732;2768
39004;2380;1928;1827;3724;2764
39044;2381;1928;1827;3721;2759
39084;2381;1928;1827;3727;2743
39124;2377;1928;1827;3727;2735
39154;2377;1928;1827;3727;2738
39194;2376;1928;1827;3727;2747
39234;2376;1928;1827;3721;2747
39274;2366;1928;1827;3711;2744
39304;2358;1928;1827;3702;2741
39344;2352;1927;1827;3699;2747
39384;2348;1927;1827;3691;2756
39424;2345;1927;1827;3684;2754
39454;2343;1927;1827;3689;2751
39494;2339;1927;1827;3683;2757
39524;2334;1927;1827;3681;2759
39564;2328;1927;1827;3678;2766
39604;2321;1927;1827;3672;2770
39634;2320;1927;1827;3671;2774
39674;2317;1927;1827;3657;2779
39714;2311;1927;1827;3655;2782
39754;2309;1927;1827;3651;2786
39794;2309;1927;1827;3648;2787
39824;2301;1927;1827;3646;2799
39864;2289;1919;1827;3653;2792
39904;2280;1908;1827;3650;2800
39944;2267;1902;1827;3658;2781
39984;2260;1899;1826;3655;2781
40024;2253;1896;1827;3654;2783
40054;2247;1892;1827;3655;2787
40094;2248;1883;1827;3653;2795
40134;2243;1877;1827;3653;2796
40174;2231;1874;1827;3656;2797
40204;2219;1863;1827;3655;2801
40244;2211;1855;1827;3656;2815
40284;2201;1845;1829;3654;2822
40324;2196;1838;1828;3652;2822
40354;2189;1830;1827;3652;2820
40394;2177;1829;1827;3648;2821
40434;2177;1824;1827;3642;2827
40474;2171;1823;1826;3639;2838
40504;2160;1820;1826;3641;2841
40544;2146;1817;1826;3643;2841
40584;2138;1815;1826;3638;2849
40624;2132;1811;1825;3641;2850
40654;2068;1801;1824;3649;2844
40694;2028;1791;1824;3664;2840
40734;2002;1785;1824;3663;2838
40774;1986;1776;1823;3663;2841
40804;1975;1771;1821;3660;2838
40844;1964;1757;1818;3660;2842
40884;1954;1751;1816;3662;2847
40924;1948;1745;1814;3652;2853
40954;1943;1738;1812;3653;2853
40984;1934;1713;1811;3650;2855
41024;1922;1629;1810;3640;2856
41064;1913;1657;1809;3638;2856
41104;1903;1680;1807;3630;2857
41144;1887;1691;1805;3622;2873
41184;1880;1691;1803;3613;2875
41224;1871;1686;1801;3612;2873
41254;1863;1683;1799;3615;2874
41294;1853;1677;1797;3603;2882
41334;1832;1672;1795;3595;2884
41374;1831;1664;1791;3590;2883
41404;1828;1656;1789;3587;2895
41444;1822;1650;1787;3595;2892
41484;1808;1646;1786;3600;2891
41524;1798;1639;1784;3593;2897
41554;1792;1629;1782;3589;2902
41584;1789;1628;1780;3589;2898
41624;1774;1620;1778;3577;2907
41664;1768;1611;1777;3486;2967
41704;1765;1594;1777;3519;2968
41744;1745;1560;1777;3570;2954
41784;1728;1552;1775;3539;2965
41824;1700;1538;1771;3541;2958
41854;1674;1537;1769;3541;2958
41884;1649;1540;1768;3547;2978
41924;1603;1539;1766;3542;2993
41964;1572;1533;1765;3561;2987
42004;1553;1469;1763;3556;2988
42044;1534;1480;1762;3561;2993
42084;1524;1475;1761;3557;3001
42124;1513;1480;1761;3560;3016
42154;1502;1485;1760;3562;3021
42184;1495;1488;1758;3570;3020
42224;1488;1486;1756;3564;3029
42264;1474;1480;1753;3562;3046
42304;1466;1476;1750;3567;3062
42344;1463;1471;1746;3565;3078
42384;1452;1458;1743;3555;3075
42424;1440;1448;1741;3550;3076
42454;1426;1440;1740;3558;3074
42494;1419;1437;1738;3550;3080
42534;1411;1426;1738;3543;3079
42564;1400;1421;1739;3544;3087
42574;1392;1418;1739;3542;3085
42604;1387;1410;1739;3548;3097
42644;1383;1397;1738;3563;3098
42684;1365;1393;1737;3576;3098
42724;1354;1385;1736;3583;3105
42814;1341;1374;1729;3570;3138
42864;1329;1363;1725;3568;3141
42904;1319;1355;1723;3568;3157
42944;1311;1349;1721;3564;3160
42984;1303;1345;1718;3562;3175
43024;1291;1333;1717;3553;3189
43054;1283;1327;1715;3548;3216
43094;1276;1315;1711;3551;3223
43134;1267;1303;1709;3546;3249
43174;1260;1297;1708;3548;3262
43204;1250;1290;1706;3537;3270
43244;1244;1282;1704;3538;3298
43284;1234;1277;1703;3541;3312
43324;1224;1272;1700;3533;3340
43354;1214;1262;1699;3528;3340
43394;1211;1257;1697;3517;3346
43434;1205;1250;1696;3510;3366
43474;1196;1241;1695;3513;3369
43504;1187;1227;1693;3509;3370
43544;1181;1223;1691;3512;3364
43584;1173;1220;1688;3517;3403
43624;1165;1212;1684;3523;3433
43654;1156;1201;1681;3495;3450
43684;1149;1193;1678;3486;3472
43724;1143;1190;1676;3458;3532
43764;1139;1183;1674;3445;3575
43804;1130;1175;1672;3434;3585
43844;1124;1172;1671;3426;3609
43884;1117;1163;1670;3421;3611
43924;1112;1150;1669;3411;3626
43954;1107;1147;1668;3408;3637
43994;1101;1145;1667;3397;3659
44034;1091;1140;1664;3386;3685
44074;1086;1133;1662;3373;3711
44104;1081;1128;1660;3365;3739
44144;1076;1122;1659;3363;3762
44184;1071;1119;1657;3360;3795
44224;1064;1116;1655;3347;3803
44254;1058;1112;1653;3334;3830
44294;1050;1107;1650;3326;3856
44334;1043;1102;1648;3324;3884
44374;1038;1097;1647;3332;3915
44404;1034;1093;1646;3336;3941
44444;1031;1085;1644;3339;3971
44484;1027;1081;1644;3328;4009
44524;1023;1078;1644;3321;4054
44554;1020;1074;1643;3313;4073
44584;1015;1072;1643;3306;4091
44624;1011;1066;1642;3304;4095
44664;1006;1057;1640;3306;4095
44704;1002;1056;1638;3301;4095
44734;999;1054;1637;3307;4095
44744;996;1053;1636;3308;4095
44784;991;1053;1636;3305;4095
44824;988;1043;1634;3319;4095
44854;986;1039;1633;3321;4095
44884;986;1038;1632;3325;4095
44924;984;1037;1632;3323;4095
44964;980;1034;1632;3316;4095
45004;974;1030;1632;3318;4095
45064;968;1026;1629;3311;4095
45104;965;1022;1628;3317;4095
45124;963;1019;1628;3315;4095
45214;957;1014;1627;3289;4095
45264;953;1010;1627;3267;4095
45304;949;1005;1627;3250;4095
45334;946;1002;1627;3248;4095
45344;944;1001;1626;3249;4095
45374;944;1000;1626;3251;4095
45424;944;998;1626;3252;4095
45454;943;997;1626;3252;4095
45494;942;995;1626;3253;4095
45534;939;992;1626;3252;4095
45574;937;989;1625;3251;4095
45604;937;987;1625;3249;4095
45634;936;985;1625;3254;4095
45674;935;984;1625;3250;4095
45714;935;985;1625;3254;4095
45754;934;986;1625;3253;4095
45794;933;986;1624;3256;4095
45834;932;983;1623;3288;4095
45874;931;981;1621;3278;4095
45904;930;980;1619;3275;4095
45944;928;979;1618;3286;4095
45984;924;977;1617;3289;4095
46024;922;976;1617;3284;4095
46054;921;974;1617;3289;4095
46094;920;973;1616;3292;4095
46134;920;973;1616;3286;4095
46174;919;973;1616;3277;4095
46204;920;972;1616;3278;4095
46234;920;972;1616;3286;4095
46274;920;972;1616;3287;4095
46314;920;972;1616;3286;4095
46354;920;971;1616;3287;4095
46394;920;971;1616;3296;4095
46434;920;971;1616;3289;4095
46474;920;971;1616;3294;4095
46484;920;971;1616;3292;4095
46534;920;971;1616;3288;4095
46574;920;971;1616;3293;4095
46614;920;971;1616;3296;4095
46654;920;971;1616;3296;4095
46694;920;971;1616;3291;4095
46734;920;971;1616;3260;4095
46774;920;971;1616;3295;4095
46804;920;971;1616;3320;4095
46834;920;971;1615;3330;4095
46874;919;971;1615;3333;4095
46924;920;971;1615;3339;4049
46964;920;971;1615;3352;3928
47034;920;971;1615;3341;3741
47074;920;971;1615;3363;3648
47104;921;971;1616;3358;3613
47144;921;971;1616;3354;3531
47184;921;971;1616;3335;3456
47224;921;971;1616;3350;3417
47254;921;971;1616;3359;3403
47294;921;971;1616;3364;3365
47334;921;971;1616;3377;3331
47374;921;972;1616;3398;3299
47404;921;972;1616;3408;3272
47444;921;972;1616;3408;3231
47484;925;972;1616;3401;3179
47524;928;972;1616;3412;3135
47554;930;972;1616;3422;3109
47594;933;972;1616;3449;3082
47624;937;972;1616;3461;3073
47674;940;972;1617;3473;3041
47704;945;972;1617;3478;3014
47744;952;972;1617;3492;2987
47784;957;972;1617;3504;2965
47824;961;972;1617;3516;2944
47854;966;972;1617;3525;2937
47894;974;972;1617;3539;2928
47934;979;973;1617;3555;2907
47974;981;973;1617;3574;2893
48004;986;973;1617;3581;2890
48034;993;973;1617;3593;2878
48074;1000;973;1617;3597;2857
48114;1007;974;1616;3605;2846
48154;1013;974;1616;3610;2837
48194;1016;974;1616;3616;2827
48234;1022;974;1616;3630;2808
48274;1026;974;1617;3642;2798
48304;1030;974;1617;3654;2796
48344;1035;974;1617;3665;2772
48384;1042;975;1616;3677;2744
48424;1050;975;1616;3680;2709
48454;1059;975;1615;3690;2693
48494;1067;975;1616;3696;2679
48534;1073;975;1616;3703;2666
48574;1080;975;1621;3726;2652
48604;1087;975;1624;3742;2636
48644;1096;975;1626;3760;2636
48684;1101;975;1628;3782;2615
48724;1108;975;1632;3809;2602
48754;1114;975;1637;3821;2602
48794;1123;975;1641;3854;2587
48834;1130;975;1643;3880;2589
48874;1134;975;1650;3903;2581
48904;1137;975;1657;3922;2566
48944;1145;975;1663;3950;2561
48984;1152;975;1667;3976;2547
49024;1161;975;1672;4001;2530
49054;1169;975;1678;4004;2520
49094;1175;975;1686;4025;2520
49134;1186;975;1692;4005;2542
49144;1194;975;1697;3972;2563
49194;1199;975;1703;4007;2537
49234;1205;975;1709;4031;2532
49284;1216;975;1716;4045;2527
49324;1227;976;1722;4054;2507
49354;1234;976;1728;4063;2496
49384;1238;976;1732;4075;2490
49424;1247;976;1734;4077;2479
49464;1254;977;1739;4092;2457
49504;1262;977;1747;4095;2437
49534;1268;978;1753;4095;2445
49574;1278;980;1757;4094;2454
49614;1289;993;1759;4095;2472
49654;1298;1007;1760;4094;2502
49694;1309;1023;1761;4092;2520
49734;1318;1039;1761;4077;2546
49774;1330;1050;1761;4072;2553
49804;1334;1063;1761;4048;2575
49834;1341;1074;1761;4077;2564
49874;1349;1087;1761;4070;2583
49914;1364;1100;1761;4090;2554
49954;1372;1111;1761;4091;2560
49984;1386;1123;1761;4083;2566
50014;1399;1132;1761;4071;2584
50064;1406;1148;1762;4084;2564
50104;1416;1162;1762;4086;2553
50144;1430;1178;1763;4087;2559
50184;1442;1183;1764;4091;2544
50224;1450;1198;1764;4086;2540
50254;1454;1207;1764;4095;2510
50284;1463;1213;1764;4094;2511
50324;1474;1220;1765;4095;2510
50364;1485;1231;1766;4095;2500
50404;1495;1243;1767;4095;2504
50444;1504;1257;1766;4091;2511
50484;1506;1269;1767;4092;2507
50524;1520;1278;1767;4093;2497
50554;1529;1286;1767;4088;2507
50594;1535;1300;1768;4082;2510
50634;1554;1313;1768;4080;2518
50674;1590;1326;1768;4082;2531
50684;1609;1331;1768;4076;2547
50734;1641;1340;1769;4062;2539
50774;1680;1357;1769;4073;2545
50814;1711;1371;1770;4063;2536
50854;1737;1382;1771;4042;2537
50894;1751;1388;1771;4042;2531
50934;1767;1401;1771;4029;2530
50974;1774;1412;1772;4036;2523
51004;1777;1426;1773;4029;2522
51044;1786;1434;1776;4034;2511
51084;1799;1440;1776;4027;2507
51124;1810;1452;1777;4039;2493
51154;1821;1461;1777;4046;2485
51194;1828;1474;1777;4019;2502
51234;1837;1483;1778;4034;2484
51274;1847;1490;1780;4023;2484
51304;1857;1494;1781;4052;2459
51334;1865;1488;1782;4036;2476
51374;1872;1498;1783;4029;2473
51414;1887;1517;1783;4018;2474
51454;1896;1529;1783;3997;2471
51494;1908;1544;1783;3953;2482
51534;1918;1556;1783;3942;2493
51574;1927;1572;1784;3936;2499
51604;1931;1585;1784;3935;2501
51644;1939;1599;1784;3927;2516
51684;1951;1606;1785;3931;2507
51724;1959;1619;1785;3925;2500
51754;1966;1626;1785;3956;2474
51794;1974;1631;1785;3953;2467
51824;1985;1641;1786;3922;2489
51874;1988;1646;1787;3964;2438
51904;1993;1651;1787;3956;2439
51944;2003;1655;1790;3968;2414
51984;2014;1662;1792;3971;2409
52024;2024;1670;1793;3926;2445
52054;2090;1677;1794;3970;2409
52094;2128;1690;1794;3953;2423
52134;2146;1698;1794;3970;2403
52174;2173;1698;1795;3963;2416
52204;2185;1698;1795;3944;2418
52244;2194;1703;1795;3979;2391
52284;2194;1717;1795;3951;2418
52324;2202;1727;1796;3975;2375
52354;2206;1735;1797;3958;2382
52394;2212;1738;1798;3969;2355
52434;2223;1747;1799;3968;2360
52474;2228;1754;1800;3972;2349
52504;2233;1762;1801;3952;2372
52534;2240;1766;1802;3974;2346
52574;2245;1773;1803;3944;2377
52614;2251;1777;1804;3973;2342
52654;2258;1786;1805;3947;2377
52694;2264;1792;1805;3973;2349
52734;2270;1800;1806;3966;2364
52774;2276;1807;1806;3917;2408
52804;2284;1813;1806;3966;2376
52844;2287;1819;1806;3942;2410
52884;2292;1821;1806;3967;2387
52924;2292;1828;1806;3959;2413
52954;2295;1831;1807;3973;2392
52994;2300;1837;1807;3954;2412
53034;2304;1840;1807;3986;2376
53074;2307;1840;1808;3992;2356
53104;2316;1846;1809;3933;2410
53144;2322;1858;1809;3980;2381
53184;2329;1864;1809;3998;2354
53224;2330;1867;1809;4002;2338
53254;2332;1870;1809;4008;2333
53294;2332;1872;1810;3953;2366
53334;2332;1875;1811;3988;2351
53354;2332;1876;1811;4003;2332
53404;2333;1876;1812;4010;2319
53444;2335;1876;1812;4011;2310
53484;2336;1874;1814;4016;2302
53524;2342;1884;1816;3975;2342
53554;2347;1889;1817;3991;2316
53594;2351;1891;1817;4004;2306
53634;2352;1892;1815;4006;2297
53674;2353;1893;1816;4006;2296
53704;2356;1893;1819;4006;2295
53744;2356;1893;1820;4003;2304
53784;2355;1894;1821;3998;2308
53814;2354;1894;1822;3994;2309
53854;2353;1894;1822;3993;2310
53894;2352;1894;1822;3994;2309
53934;2351;1894;1823;3992;2310
53974;2351;1895;1823;3992;2309
54004;2350;1895;1823;3993;2308
54044;2350;1895;1823;3997;2300
54084;2351;1895;1824;3998;2293
54114;2351;1895;1824;4001;2296
54124;2352;1895;1824;4000;2293
54154;2352;1895;1824;4007;2285
54194;2355;1895;1824;4014;2283
54234;2358;1895;1824;4014;2269
54274;2360;1895;1825;4026;2260
54304;2361;1895;1826;4026;2250
54344;2367;1896;1827;3977;2300
54384;2369;1897;1827;3991;2283
54424;2371;1898;1827;3981;2286
54454;2371;1898;1827;3981;2286
54484;2371;1898;1827;3982;2287
54534;2371;1899;1827;3985;2289
54574;2371;1899;1827;3986;2288
54604;2371;1899;1828;3989;2286
54644;2371;1899;1828;3994;2283
54684;2371;1899;1828;3996;2282
54724;2372;1899;1828;3996;2282
54754;2372;1899;1828;4002;2277
54794;2371;1899;1828;4001;2279
54834;2371;1899;1828;4002;2279
54874;2371;1899;1828;4002;2278
54904;2371;1899;1828;4003;2275
54944;2372;1899;1828;4005;2277
54984;2372;1900;1828;4003;2278
55024;2372;1900;1828;4003;2280
55054;2372;1900;1828;4006;2278
55094;2372;1900;1828;4007;2276
55134;2372;1900;1828;4004;2277
55174;2372;1899;1829;4006;2277
55204;2372;1899;1829;4006;2273
55244;2372;1899;1829;4008;2277
55284;2372;1898;1829;4006;2277
55324;2372;1898;1829;4007;2277
55354;2372;1898;1829;4007;2279
55394;2371;1898;1829;4007;2278
55434;2371;1898;1829;4007;2281
55474;2371;1898;1829;4006;2279
55504;2371;1898;1829;4005;2280
55544;2371;1898;1829;4007;2281
55584;2371;1898;1829;4002;2282
55624;2371;1898;1829;4004;2281
55654;2371;1898;1829;4006;2278
55694;2371;1898;1829;4007;2279
55734;2371;1898;1829;4007;2278
55774;2371;1898;1829;4020;2276
55804;2371;1898;1829;4023;2273
55844;2371;1898;1829;4022;2270
55884;2371;1898;1829;4023;2268
55924;2371;1899;1829;4025;2268
55954;2371;1899;1828;4029;2271
55994;2371;1899;1828;4032;2272
56044;2371;1899;1828;4034;2272
56084;2371;1898;1828;4035;2274
56144;2371;1898;1828;4048;2281
56184;2371;1898;1828;4037;2294
56224;2371;1898;1828;3995;2345
56254;2371;1898;1828;3973;2390
56294;2371;1898;1828;3962;2432
56334;2371;1899;1828;3931;2485
56374;2373;1899;1828;3897;2535
56404;2376;1899;1828;3896;2569
56444;2379;1899;1829;3892;2587
56484;2379;1899;1829;3892;2595
56524;2379;1899;1829;3895;2597
56554;2378;1898;1829;3894;2597
56594;2377;1898;1829;3897;2600
56634;2377;1898;1829;3896;2598
56674;2377;1898;1829;3900;2596
56704;2377;1899;1829;3901;2593
56744;2377;1899;1829;3904;2592
56784;2377;1899;1829;3903;2594
56824;2377;1899;1829;3902;2594
56854;2377;1899;1829;3904;2594
56894;2377;1899;1829;3900;2597
56934;2377;1899;1829;3902;2598
56974;2377;1899;1829;3899;2596
57004;2377;1899;1829;3903;2593
57044;2377;1899;1829;3904;2597
57084;2377;1899;1829;3904;2595
57114;2377;1899;1829;3901;2602
57124;2377;1899;1829;3902;2601
57144;2377;1899;1829;3901;2596
57194;2377;1899;1829;3899;2601
57234;2377;1899;1829;3902;2598
57274;2377;1899;1829;3902;2600
57304;2376;1899;1829;3901;2600
57344;2376;1899;1829;3900;2602
57384;2376;1899;1829;3901;2598
57424;2376;1899;1829;3905;2598
57454;2376;1899;1829;3905;2598
57494;2376;1899;1829;3904;2600
57534;2376;1899;1829;3905;2600
57574;2376;1898;1829;3906;2599
57604;2376;1898;1829;3906;2597
57644;2376;1899;1829;3906;2597
57684;2376;1899;1829;3904;2596
57724;2376;1899;1829;3907;2597
57754;2376;1899;1829;3906;2598
57794;2376;1899;1829;3906;2598
57834;2376;1899;1829;3906;2597
57874;2376;1899;1829;3905;2592
57904;2375;1898;1829;3907;2591
57944;2375;1898;1829;3907;2589
57984;2376;1898;1829;3909;2591
58024;2375;1898;1829;3908;2589
58054;2375;1898;1829;3910;2589
58094;2375;1898;1829;3911;2588
58124;2375;1898;1829;3912;2588
58164;2375;1898;1829;3912;2588
58204;2375;1898;1829;3913;2586
58244;2375;1898;1829;3917;2585
58284;2375;1898;1829;3916;2583
58324;2375;1898;1829;3916;2585
58384;2375;1899;1829;3921;2582
58424;2375;1899;1829;3923;2583
58464;2375;1899;1829;3922;2580
58494;2375;1899;1829;3923;2579
58534;2375;1899;1829;3924;2579
58574;2375;1899;1829;3923;2580
58614;2375;1899;1829;3924;2576
58654;2375;1898;1829;3927;2578
58704;2375;1898;1829;3926;2577
58744;2375;1898;1829;3923;2583
58804;2375;1898;1829;3926;2580
58844;2375;1898;1829;3926;2579
58874;2375;1898;1829;3926;2582
58914;2375;1898;1829;3927;2578
58954;2375;1898;1829;3926;2581
58994;2375;1899;1829;3927;2580
59034;2375;1899;1828;3927;2583
59074;2375;1899;1829;3894;2547
59104;2375;1899;1829;3935;2476
59144;2375;1899;1829;3964;2420
59184;2380;1899;1829;3989;2374
59224;2380;1899;1829;4027;2319
59254;2379;1899;1828;4046;2280
59294;2377;1899;1828;4056;2270
59334;2376;1899;1827;4059;2275
59374;2376;1899;1827;4059;2276
59404;2376;1899;1827;4058;2277
59444;2375;1899;1827;4063;2280
59484;2375;1898;1826;4064;2281
59524;2375;1898;1826;4064;2282
59554;2375;1898;1826;4065;2283
59594;2375;1898;1826;4067;2284
59624;2375;1898;1826;4066;2286
59664;2375;1898;1826;4066;2286
59704;2375;1898;1826;4063;2288
59744;2374;1898;1826;4064;2286
59784;2374;1898;1826;4066;2286
59824;2374;1899;1826;4064;2289
59854;2375;1899;1826;4063;2291
59894;2375;1899;1826;4064;2290
59934;2375;1899;1826;4065;2289
59974;2375;1899;1826;4064;2291
60004;2375;1899;1827;4062;2293
60044;2375;1899;1826;4064;2295
60084;2375;1898;1826;4061;2296
60124;2375;1898;1827;4065;2295
60154;2375;1898;1827;4062;2295
60194;2375;1898;1827;4061;2294
60234;2375;1898;1827;4063;2294
60274;2375;1898;1827;4068;2292
60304;2374;1899;1826;4082;2301
60344;2374;1899;1826;4065;2320
60374;2374;1899;1826;4051;2340
60414;2374;1899;1826;4006;2405
60454;2374;1899;1826;3983;2458
60494;2376;1899;1827;3939;2531
60534;2379;1899;1827;3899;2590
60574;2383;1899;1828;3875;2636
60604;2384;1899;1828;3877;2655
60644;2384;1899;1827;3857;2682
60684;2385;1899;1827;3833;2704
60724;2386;1899;1827;3816;2708
60754;2385;1899;1827;3811;2712
60794;2385;1899;1827;3800;2711
60834;2384;1899;1827;3798;2713
60874;2384;1899;1827;3786;2709
60904;2384;1899;1827;3787;2710
60944;2384;1899;1827;3786;2710
60984;2384;1899;1827;3784;2713
61024;2385;1899;1827;3782;2716
61054;2385;1899;1827;3782;2716
61094;2382;1899;1827;3782;2702
61124;2379;1899;1827;3778;2698
61164;2376;1899;1827;3772;2693
61204;2378;1899;1827;3769;2694
61244;2370;1899;1827;3768;2693
61284;2363;1899;1828;3761;2696
61324;2355;1899;1828;3758;2698
61414;2348;1898;1828;3748;2707
61464;2344;1898;1828;3735;2714
61494;2338;1898;1828;3728;2720
61534;2335;1898;1828;3711;2722
61574;2328;1898;1828;3704;2732
61614;2322;1898;1828;3690;2731
61654;2317;1898;1828;3677;2737
61694;2311;1898;1828;3664;2740
61734;2308;1898;1828;3658;2747
61774;2305;1898;1828;3649;2754
61804;2300;1898;1828;3643;2754
61844;2300;1898;1828;3641;2758
61884;2286;1896;1828;3645;2759
61924;2275;1895;1828;3644;2762
61954;2265;1894;1828;3656;2717
61994;2259;1891;1828;3642;2742
62034;2253;1881;1828;3644;2740
62074;2245;1873;1827;3642;2740
62104;2250;1872;1827;3638;2748
62144;2242;1859;1827;3638;2753
62154;2239;1853;1827;3641;2746
62204;2223;1845;1827;3643;2750
62244;2212;1832;1827;3640;2753
62294;2202;1830;1828;3628;2758
62334;2197;1827;1828;3630;2758
62374;2181;1821;1828;3631;2758
62404;2173;1817;1828;3628;2759
62444;2184;1812;1828;3625;2763
62494;2165;1802;1827;3621;2768
62534;2149;1794;1827;3624;2773
62594;2138;1787;1827;3627;2769
62634;2129;1782;1827;3625;2773
62674;2065;1776;1827;3612;2781
62704;2023;1771;1827;3615;2779
62744;2001;1764;1827;3614;2784
62784;1985;1754;1826;3616;2788
62824;1971;1749;1825;3616;2788
62854;1961;1743;1824;3614;2791
62894;1950;1726;1824;3615;2791
62934;1946;1667;1821;3610;2801
62974;1940;1681;1817;3608;2810
63004;1932;1685;1814;3611;2805
63044;1916;1695;1812;3599;2817
63084;1909;1696;1811;3596;2816
63124;1901;1690;1809;3596;2819
63154;1887;1686;1807;3583;2826
63194;1879;1681;1804;3576;2837
63234;1871;1675;1802;3576;2833
63274;1867;1662;1799;3575;2833
63304;1857;1649;1797;3568;2830
63344;1838;1647;1796;3572;2825
63384;1834;1647;1792;3561;2840
63424;1826;1639;1790;3562;2835
63454;1821;1630;1789;3561;2854
63494;1808;1630;1787;3557;2837
63534;1797;1627;1785;3560;2851
63574;1790;1620;1780;3549;2847
63594;1788;1616;1778;3550;2846
63644;1772;1613;1776;3520;2859
63684;1767;1607;1774;3514;2876
63724;1744;1598;1772;3503;2876
63754;1737;1588;1770;3499;2891
63794;1722;1558;1769;3501;2899
63834;1688;1541;1767;3506;2907
63874;1651;1536;1766;3501;2908
63904;1619;1537;1765;3495;2917
63944;1578;1535;1764;3503;2917
63984;1555;1531;1763;3496;2922
64004;1548;1516;1762;3502;2923
64054;1530;1503;1761;3506;2933
64094;1522;1499;1760;3513;2942
64134;1511;1492;1758;3520;2949
64174;1503;1489;1757;3530;2955
64204;1493;1486;1755;3534;2969
64244;1484;1476;1751;3532;2986
64284;1472;1472;1746;3536;2998
64324;1466;1465;1743;3533;3019
64354;1461;1455;1741;3538;3030
64394;1447;1445;1739;3537;3039
64434;1437;1440;1738;3545;3016
64474;1425;1437;1738;3530;3042
64504;1417;1431;1739;3526;3037
64544;1408;1424;1739;3520;3045
64584;1394;1418;1737;3527;3059
64624;1388;1406;1736;3520;3057
64654;1375;1397;1734;3511;3069
64694;1360;1394;1730;3509;3077
64734;1353;1391;1726;3507;3080
64774;1347;1383;1724;3505;3085
64804;1338;1376;1723;3506;3096
64844;1328;1346;1722;3507;3095
64884;1319;1347;1721;3515;3103
64924;1313;1344;1718;3512;3125
64954;1306;1343;1717;3510;3143
64994;1297;1333;1716;3506;3165
65034;1286;1323;1714;3508;3190
65074;1279;1307;1711;3500;3210
65104;1271;1298;1709;3492;3219
65134;1265;1291;1709;3480;3227
65184;1254;1284;1706;3472;3256
65224;1248;1279;1704;3466;3280
65254;1242;1274;1703;3466;3300
65294;1230;1263;1700;3467;3309
65334;1221;1257;1698;3456;3329
65374;1215;1250;1697;3439;3336
65404;1211;1247;1695;3425;3347
65444;1202;1235;1693;3414;3355
65484;1192;1227;1691;3404;3368
65524;1185;1224;1689;3402;3377
18;1177;1218;1685;3396;3387
58;1168;1208;1682;3404;3405
98;1159;1198;1679;3404;3424
138;1152;1195;1677;3408;3445
168;1145;1185;1675;3408;3456
208;1141;1176;1673;3407;3481
248;1136;1158;1672;3408;3498
288;1129;1151;1672;3389;3531
318;1123;1145;1671;3381;3561
358;1117;1138;1670;3365;3590
398;1112;1133;1668;3338;3621
438;1107;1127;1666;3331;3624
468;1100;1123;1663;3326;3651
508;1091;1119;1661;3318;3674
548;1086;1116;1660;3311;3691
588;1081;1112;1657;3309;3710
618;1077;1108;1655;3302;3731
658;1072;1104;1653;3304;3760
698;1065;1098;1650;3297;3781
738;1058;1094;1649;3286;3812
768;1051;1087;1647;3285;3826
808;1044;1082;1645;3282;3862
818;1041;1080;1644;3278;3867
868;1036;1076;1644;3274;3906
908;1033;1072;1644;3269;3920
958;1028;1061;1643;3272;3944
998;1024;1058;1642;3271;3960
1038;1020;1055;1640;3267;4004
1068;1015;1054;1639;3265;4028
1108;1010;1048;1637;3259;4046
1148;1006;1043;1636;3250;4078
1188;1001;1039;1634;3265;4095
1218;997;1038;1633;3256;4095
1258;991;1036;1632;3260;4095
1298;988;1033;1632;3264;4095
1338;986;1027;1631;3266;4095
1368;985;1024;1631;3266;4095
1408;983;1020;1629;3250;4095
1448;978;1016;1628;3247;4095
1488;972;1013;1628;3239;4095
1518;968;1010;1628;3227;4095
1558;965;1005;1627;3206;4095
1598;964;1002;1626;3208;4095
1638;962;1000;1626;3209;4095
1668;960;998;1626;3207;4095
1708;956;997;1626;3211;4095
1748;953;997;1625;3221;4095
1788;948;992;1625;3220;4095
1818;946;989;1625;3224;4095
1858;943;987;1624;3227;4095
1898;943;986;1623;3227;4095
1938;943;985;1622;3232;4095
1968;942;985;1622;3242;4095
2008;940;985;1619;3246;4095
2048;938;985;1618;3252;4095
2088;937;984;1618;3247;4095
2118;936;983;1618;3255;4095
2158;935;982;1618;3258;4095
2178;934;982;1617;3258;4095
2228;933;982;1617;3256;4095
2268;932;982;1616;3254;4095
2308;931;982;1615;3251;4095
2348;931;982;1614;3250;4095
2388;931;981;1613;3255;4095
2418;931;980;1612;3259;4095
2458;931;979;1611;3272;4095
2498;931;978;1611;3279;4095
2538;931;977;1611;3276;4095
2568;930;976;1610;3278;4095
2608;930;975;1610;3263;4095
2648;930;975;1610;3264;4095
2688;929;975;1610;3267;4095
2718;929;975;1610;3269;4095
2758;929;975;1610;3273;4095
2798;929;975;1610;3276;4095
2838;929;975;1610;3273;4095
2868;929;976;1609;3274;4095
2908;929;976;1609;3275;4095
2948;929;975;1609;3274;4095
2988;929;975;1609;3283;4095
3018;929;975;1609;3287;4095
3058;929;975;1610;3292;4095
3098;929;975;1610;3289;4095
3138;929;975;1610;3298;4095
3168;929;975;1610;3297;4095
3208;929;975;1610;3298;4095
3248;929;975;1610;3282;4095
3288;929;975;1610;3317;4095
3368;929;975;1610;3386;4095
3408;929;975;1610;3405;4095
3448;929;975;1610;3420;3937
3528;929;975;1610;3389;3655
3568;929;975;1610;3375;3563
3608;929;975;1610;3369;3452
3648;929;975;1610;3381;3392
3688;929;975;1609;3385;3372
3728;929;975;1609;3406;3338
3758;929;975;1609;3420;3303
3798;929;975;1609;3436;3272
3848;929;975;1609;3465;3226
3888;929;975;1610;3468;3165
3918;929;976;1610;3462;3139
3958;931;976;1610;3471;3086
3998;932;976;1610;3477;3064
4038;934;976;1610;3506;3047
4068;938;976;1610;3512;3033
4108;940;976;1610;3522;3016
4148;945;976;1610;3535;2993
4188;952;976;1610;3541;2967
4218;958;976;1610;3556;2947
4258;961;976;1610;3575;2934
4298;966;976;1610;3596;2915
4338;974;976;1610;3610;2901
4368;979;976;1610;3620;2889
4408;982;976;1610;3634;2882
4448;984;976;1610;3659;2874
4488;992;976;1610;3674;2849
4518;998;976;1610;3676;2835
4558;1004;976;1610;3686;2823
4598;1011;976;1610;3696;2811
4638;1018;976;1610;3702;2795
4668;1024;976;1610;3704;2797
4708;1027;976;1610;3718;2778
4748;1029;976;1610;3720;2761
4788;1032;976;1610;3725;2737
4818;1038;976;1610;3733;2706
4858;1045;976;1610;3741;2685
4898;1055;976;1609;3741;2670
4938;1064;976;1609;3745;2655
4968;1070;976;1609;3766;2652
5008;1076;976;1611;3786;2646
5048;1084;976;1616;3809;2625
5088;1093;976;1622;3845;2618
5118;1100;976;1624;3868;2615
5158;1106;976;1627;3885;2612
5198;1111;976;1631;3912;2607
5238;1117;976;1636;3926;2605
5268;1125;976;1640;3948;2596
5308;1132;976;1643;3964;2596
5348;1136;976;1648;3984;2588
5388;1143;976;1656;4003;2569
5418;1148;976;1663;4014;2565
5458;1156;977;1666;4042;2557
5498;1165;977;1671;4057;2556
5538;1172;977;1678;4077;2532
5568;1178;977;1685;4085;2516
5608;1191;977;1691;3996;2636
5648;1198;977;1697;4057;2576
5688;1206;977;1703;4075;2580
5718;1214;978;1708;4082;2578
5758;1225;978;1714;4093;2568
5798;1233;980;1718;4094;2567
5838;1243;981;1722;4095;2568
5868;1249;986;1727;4095;2576
5908;1258;992;1731;4095;2581
5948;1266;1002;1734;4094;2601
5988;1278;1016;1736;4081;2633
6018;1289;1027;1736;4065;2655
6058;1299;1040;1737;4045;2673
6098;1306;1054;1737;4038;2682
6138;1315;1066;1737;4022;2689
6168;1325;1079;1737;3992;2724
6208;1335;1093;1737;3966;2734
6248;1338;1106;1737;3958;2730
6288;1348;1117;1737;3946;2734
6318;1364;1126;1737;3982;2702
6358;1373;1136;1737;4009;2666
6398;1383;1149;1737;4005;2670
6438;1395;1162;1736;4020;2658
6468;1405;1177;1737;4007;2669
6508;1414;1179;1737;4023;2663
6548;1419;1197;1736;4040;2646
6588;1434;1208;1737;4040;2659
6618;1443;1220;1738;4047;2648
6658;1450;1232;1738;4051;2644
6698;1460;1241;1738;4052;2637
6738;1471;1249;1738;4056;2632
6818;1484;1264;1740;4058;2624
6858;1501;1277;1741;4058;2634
6898;1505;1287;1741;4054;2631
6978;1522;1308;1742;4050;2618
7018;1533;1324;1743;4047;2617
7058;1552;1335;1744;4057;2611
7098;1579;1337;1746;4046;2634
7138;1612;1356;1747;4031;2640
7178;1663;1372;1748;4035;2640
7208;1690;1381;1749;4004;2662
7248;1721;1384;1750;4003;2645
7288;1740;1394;1751;3991;2640
7328;1751;1405;1753;3978;2622
7358;1765;1418;1754;3964;2618
7398;1772;1428;1754;3957;2612
7438;1776;1434;1755;3948;2617
7478;1785;1439;1756;3945;2611
7508;1798;1455;1756;3944;2606
7548;1808;1470;1758;3944;2583
7588;1820;1482;1760;3943;2571
7608;1824;1488;1761;3966;2553
7658;1835;1493;1761;3948;2547
7698;1844;1491;1763;3942;2544
7738;1856;1482;1764;3944;2532
7778;1866;1505;1764;3944;2533
7808;1878;1525;1764;3925;2536
7848;1891;1533;1765;3910;2553
7888;1898;1542;1766;3896;2539
7928;1911;1553;1767;3891;2541
7958;1919;1570;1767;3877;2548
7998;1928;1583;1767;3902;2528
8028;1930;1593;1767;3903;2510
8038;1934;1599;1767;3908;2507
8078;1941;1607;1767;3898;2514
8108;1946;1615;1768;3894;2512
8148;1953;1624;1769;3876;2528
8188;1964;1629;1770;3905;2503
8228;1974;1639;1772;3885;2505
8258;1982;1644;1774;3893;2494
8298;1988;1648;1776;3878;2494
8338;1997;1658;1776;3858;2513
8378;2007;1664;1776;3888;2482
8408;2015;1672;1776;3884;2485
8448;2024;1679;1776;3876;2499
8488;2092;1683;1779;3909;2473
8528;2128;1694;1781;3894;2473
8558;2146;1701;1783;3910;2464
8598;2171;1701;1784;3905;2468
8638;2180;1691;1785;3867;2497
8678;2188;1692;1785;3912;2464
8708;2191;1699;1786;3913;2455
8728;2195;1721;1786;3887;2465
8748;2202;1733;1787;3911;2461
8788;2205;1740;1788;3883;2481
8828;2212;1744;1788;3915;2453
8858;2223;1757;1789;3893;2479
8898;2228;1762;1790;3882;2475
8938;2234;1771;1791;3912;2465
8978;2242;1776;1793;3876;2498
9008;2247;1781;1794;3914;2462
9048;2254;1786;1795;3867;2507
9088;2259;1792;1795;3926;2452
9128;2268;1801;1795;3879;2487
9178;2273;1807;1795;3922;2442
9218;2281;1814;1795;3914;2454
9258;2286;1817;1795;3923;2428
9298;2288;1820;1795;3929;2411
9338;2290;1826;1796;3866;2471
9378;2293;1830;1797;3916;2411
9418;2300;1832;1797;3931;2393
9458;2305;1837;1798;3893;2424
9498;2308;1841;1798;3927;2405
9538;2321;1844;1798;3865;2446
9578;2325;1853;1798;3907;2423
9608;2329;1859;1798;3933;2400
9648;2334;1865;1799;3874;2446
9688;2333;1870;1799;3919;2410
9728;2332;1873;1799;3929;2408
9758;2333;1877;1800;3878;2464
9798;2336;1881;1800;3908;2437
9838;2337;1883;1801;3934;2415
9878;2340;1886;1800;3916;2423
9908;2346;1891;1800;3873;2500
9948;2349;1894;1800;3875;2504
9988;2351;1895;1800;3884;2490
10028;2352;1895;1801;3896;2471
10058;2353;1895;1801;3910;2461
10098;2353;1896;1801;3925;2440
10128;2353;1897;1801;3946;2423
10138;2352;1897;1801;3954;2419
10178;2352;1897;1802;3970;2400
10208;2353;1896;1802;3973;2396
10248;2357;1896;1802;3974;2395
10288;2356;1896;1803;3988;2379
10328;2353;1896;1804;4002;2361
10358;2352;1896;1804;4003;2355
10398;2356;1896;1806;4004;2341
10438;2358;1896;1807;4009;2331
10478;2359;1897;1808;4009;2326
10508;2360;1897;1809;4001;2330
10548;2360;1897;1810;3998;2332
10588;2360;1897;1810;3996;2332
10628;2360;1897;1810;4001;2332
10658;2360;1897;1810;4010;2322
10698;2360;1897;1811;4013;2320
10738;2360;1897;1812;4016;2319
10778;2360;1897;1812;4019;2313
10808;2360;1897;1813;4019;2310
10848;2361;1897;1814;4018;2308
10888;2362;1897;1816;4021;2304
10928;2363;1897;1817;4023;2302
10958;2365;1898;1819;4020;2298
10998;2366;1898;1820;4019;2298
11038;2368;1898;1821;4018;2300
11078;2369;1898;1821;4016;2301
11108;2370;1898;1822;4015;2303
11148;2370;1898;1823;4014;2307
11188;2370;1898;1823;4015;2306
11228;2370;1898;1823;4013;2307
11258;2370;1898;1823;4012;2309
11298;2370;1898;1823;4010;2311
11338;2370;1898;1823;4008;2309
11378;2370;1898;1823;4005;2308
11398;2371;1898;1823;4006;2308
11448;2371;1898;1824;4005;2309
11488;2371;1898;1824;4006;2310
11528;2371;1898;1824;4006;2312
11558;2371;1898;1824;4004;2311
11598;2371;1898;1824;4003;2309
11638;2371;1898;1824;4004;2310
11678;2371;1898;1824;4004;2309
11708;2371;1898;1824;4003;2312
11748;2371;1898;1824;4002;2309
11768;2371;1898;1824;4004;2308
11768;2371;1898;1824;4004;2308
20748;2370;1898;1825;3844;2337
20858;2369;1898;1825;3836;2342
20898;2369;1898;1825;3834;2341
20928;2369;1898;1825;3830;2338
20938;2369;1898;1825;3829;2337
20978;2369;1898;1825;3824;2338
20998;2368;1898;1825;3822;2334
21008;2368;1898;1825;3818;2334
21088;2368;1898;1825;3828;2326
21128;2368;1898;1825;3834;2325
21158;2368;1898;1825;3836;2325
21198;2368;1898;1825;3844;2326
21238;2368;1898;1825;3845;2325
21278;2368;1898;1825;3843;2323
21308;2368;1898;1825;3842;2322
21348;2368;1898;1825;3846;2317
21388;2368;1898;1826;3847;2316
21428;2368;1898;1826;3847;2317
21458;2368;1898;1826;3846;2316
21498;2368;1898;1826;3850;2314
21528;2368;1898;1826;3850;2314
21538;2368;1898;1826;3853;2312
21578;2368;1898;1826;3848;2308
21608;2368;1898;1826;3849;2307
21648;2368;1899;1826;3849;2309
21688;2368;1899;1826;3844;2308
21728;2368;1899;1826;3840;2302
21758;2368;1898;1826;3837;2297
21798;2368;1898;1826;3836;2300
21838;2368;1898;1826;3832;2301
21878;2368;1898;1826;3832;2298
21908;2368;1898;1826;3831;2300
21948;2368;1898;1826;3836;2300
21988;2368;1898;1826;3841;2295
22028;2368;1899;1826;3842;2295
22058;2368;1899;1826;3845;2292
22098;2368;1899;1826;3844;2294
22138;2368;1899;1826;3845;2296
22178;2368;1899;1826;3846;2295
22208;2368;1898;1826;3845;2298
22248;2368;1898;1826;3848;2298
22288;2368;1898;1826;3844;2297
22328;2368;1898;1826;3839;2299
22358;2368;1898;1826;3844;2304
22398;2368;1898;1826;3837;2302
22438;2368;1898;1826;3846;2302
22478;2368;1898;1825;3836;2312
22508;2368;1898;1825;3795;2335
22548;2368;1898;1825;3721;2376
22588;2374;1902;1825;3638;2530
22628;2379;1908;1825;3636;2511
22658;2381;1911;1825;3645;2524
22698;2382;1914;1825;3667;2546
22738;2382;1916;1825;3682;2531
22778;2382;1918;1826;3685;2541
22808;2382;1918;1826;3699;2531
22848;2382;1919;1826;3733;2514
22888;2382;1919;1826;3780;2497
22928;2382;1919;1826;3803;2493
22958;2383;1919;1826;3815;2487
22998;2383;1919;1826;3820;2482
23038;2382;1919;1826;3826;2474
23078;2382;1920;1826;3838;2475
23108;2381;1920;1826;3845;2478
23148;2381;1920;1826;3846;2475
23188;2381;1920;1826;3841;2476
23228;2381;1920;1826;3854;2463
23258;2381;1920;1826;3838;2461
23298;2381;1920;1826;3849;2464
23338;2381;1920;1826;3844;2471
23378;2381;1921;1826;3842;2475
23408;2381;1921;1826;3847;2478
23448;2381;1921;1826;3862;2474
23488;2381;1921;1826;3859;2474
23528;2381;1921;1826;3836;2475
23558;2382;1921;1826;3814;2472
23598;2382;1921;1826;3813;2468
23638;2382;1921;1826;3824;2472
23678;2382;1921;1826;3835;2481
23708;2382;1921;1826;3841;2489
23748;2383;1920;1826;3807;2506
23788;2384;1920;1826;3756;2514
23828;2383;1921;1826;3770;2507
23858;2382;1921;1826;3799;2497
23898;2382;1921;1826;3813;2490
23938;2381;1921;1826;3793;2485
23978;2381;1921;1826;3786;2465
24008;2381;1921;1826;3782;2464
24048;2381;1921;1826;3783;2470
24088;2381;1921;1826;3772;2473
24128;2380;1922;1826;3781;2459
24158;2380;1922;1826;3786;2465
24198;2380;1922;1826;3776;2469
24238;2379;1922;1826;3779;2477
24278;2381;1922;1826;3808;2472
24308;2381;1922;1826;3813;2470
24348;2381;1922;1826;3820;2475
24388;2381;1922;1826;3838;2466
24428;2381;1922;1826;3852;2457
24458;2381;1922;1826;3851;2458
24498;2381;1922;1826;3854;2463
24538;2381;1922;1826;3860;2461
24578;2381;1922;1826;3854;2457
24608;2381;1922;1826;3870;2451
24648;2381;1922;1826;3862;2458
24688;2381;1922;1826;3845;2465
24728;2381;1922;1826;3837;2466
24758;2381;1922;1826;3841;2468
24798;2383;1922;1826;3841;2472
24838;2384;1922;1826;3816;2491
24968;2390;1922;1826;3739;2604
25008;2394;1922;1826;3733;2622
25048;2396;1922;1826;3738;2634
25088;2396;1922;1826;3759;2639
25128;2395;1922;1826;3755;2643
25168;2395;1922;1826;3758;2640
25208;2395;1922;1826;3762;2631
25238;2395;1922;1826;3754;2633
25278;2395;1922;1826;3759;2633
25318;2395;1922;1826;3763;2620
25358;2395;1922;1826;3779;2597
25398;2395;1922;1826;3804;2564
25438;2396;1922;1826;3821;2535
25478;2395;1922;1826;3800;2560
25508;2396;1922;1826;3768;2594
25548;2396;1922;1826;3725;2642
25588;2400;1922;1826;3685;2677
25618;2401;1922;1826;3624;2740
25658;2411;1922;1826;3587;2929
25698;2412;1922;1826;3573;3056
25738;2419;1922;1826;3523;3204
25778;2431;1922;1825;3443;3421
25808;2444;1922;1824;3382;3621
25848;2447;1922;1824;3262;3767
25888;2449;1922;1824;3282;3886
25928;2450;1922;1824;3285;3961
25958;2452;1923;1825;3282;3995
25988;2454;1922;1825;3310;3994
26028;2455;1923;1825;3323;3984
26068;2455;1923;1825;3341;3967
26108;2454;1923;1825;3370;3934
26148;2455;1923;1825;3412;3894
26188;2454;1923;1825;3413;3858
26228;2454;1923;1825;3431;3844
26258;2454;1923;1825;3441;3834
26298;2454;1923;1825;3465;3825
26338;2457;1923;1825;3493;3735
26368;2459;1923;1825;3494;3637
26408;2458;1923;1824;3493;3520
26448;2456;1923;1824;3497;3240
26488;2455;1923;1824;3541;2864
26528;2455;1923;1825;3614;2662
26558;2436;1924;1825;3731;2477
26598;2421;1960;1817;3883;2326
26638;2421;1990;1807;4095;2105
26678;2407;2005;1802;4095;1967
26708;2401;2075;1800;4095;1921
26738;2395;2110;1799;4095;1895
26778;2392;2127;1798;4095;1929
26818;2390;2135;1798;4095;1937
26858;2391;2139;1798;4095;1974
26888;2393;2141;1798;4095;2017
26898;2393;2143;1798;4095;2025
26938;2393;2143;1798;4095;2029
26978;2392;2143;1798;4095;2014
27008;2391;2143;1798;4095;2017
27048;2390;2143;1798;4095;2029
27088;2392;2143;1798;4095;2080
27118;2393;2143;1798;4095;2090
27158;2393;2143;1798;4095;2108
27198;2394;2143;1798;4095;2133
27238;2399;2143;1798;4095;2200
27278;2401;2143;1798;3889;2437
27308;2407;2143;1799;3673;2753
27348;2418;2143;1799;3575;3064
27388;2433;2143;1799;3543;3233
27428;2443;2143;1799;3498;3361
27458;2446;2143;1799;3487;3433
27488;2448;2143;1799;3449;3512
27528;2452;2143;1799;3389;3617
27568;2455;2144;1799;3366;3692
27608;2457;2144;1799;3349;3742
27648;2458;2144;1799;3340;3736
27688;2458;2144;1799;3361;3735
27728;2458;2143;1799;3386;3735
27758;2458;2143;1799;3405;3738
27798;2459;2143;1799;3416;3729
27838;2459;2143;1799;3436;3686
27868;2460;2143;1799;3466;3614
27908;2463;2143;1799;3486;3426
27948;2464;2143;1799;3523;3256
27988;2463;2143;1799;3530;3128
28028;2463;2143;1799;3526;3109
28058;2461;2144;1800;3481;3120
28098;2460;2144;1800;3388;3154
28138;2459;2144;1800;3265;3176
28178;2459;2144;1800;3143;3234
28208;2459;2144;1800;3105;3278
28238;2459;2144;1800;3048;3300
28278;2459;2144;1800;3091;3311
28318;2459;2144;1800;3065;3323
28358;2459;2144;1801;3109;3336
28398;2459;2144;1801;3091;3316
28438;2459;2144;1801;3121;3315
28478;2459;2144;1801;3169;3320
28508;2459;2144;1801;3225;3303
28548;2459;2144;1801;3306;3300
28588;2459;2144;1801;3388;3299
28618;2459;2144;1801;3428;3278
28658;2462;2144;1801;3461;3240
28698;2463;2144;1801;3495;3198
28738;2464;2144;1801;3528;3157
28778;2464;2144;1801;3520;2978
28808;2466;2144;1801;3560;2884
28848;2465;2144;1801;3592;2836
28888;2463;2144;1801;3612;2805
28928;2458;2145;1801;3634;2771
28958;2456;2145;1801;3653;2764
28988;2454;2145;1801;3662;2760
29028;2452;2145;1801;3674;2728
29068;2457;2145;1801;3688;2714
29108;2448;2144;1801;3702;2603
29148;2438;2144;1801;3750;2533
29188;2432;2144;1801;3776;2522
29228;2428;2144;1801;3784;2527
29258;2427;2144;1801;3783;2534
29298;2426;2144;1801;3791;2524
29338;2426;2144;1801;3809;2518
29368;2425;2144;1801;3814;2522
29408;2425;2144;1801;3814;2530
29448;2425;2144;1801;3804;2561
29488;2425;2144;1801;3768;2603
29528;2427;2144;1801;3752;2637
29558;2428;2144;1801;3750;2652
29598;2429;2144;1801;3731;2672
29638;2431;2144;1801;3719;2682
29678;2432;2144;1801;3699;2700
29708;2432;2144;1801;3693;2709
29738;2432;2144;1801;3684;2713
29778;2432;2144;1801;3683;2721
29818;2433;2144;1801;3669;2735
29858;2434;2144;1801;3659;2755
29898;2436;2144;1801;3657;2758
29938;2436;2144;1801;3654;2753
29978;2436;2144;1801;3673;2730
30008;2435;2144;1801;3678;2729
30048;2435;2144;1801;3669;2735
30088;2434;2144;1801;3677;2746
30118;2434;2144;1801;3670;2762
30158;2435;2144;1801;3652;2775
30198;2436;2144;1801;3653;2778
30238;2436;2144;1801;3646;2780
30278;2435;2144;1801;3642;2777
30308;2435;2144;1801;3646;2773
30348;2434;2144;1801;3649;2774
30388;2433;2144;1801;3642;2784
30428;2432;2144;1801;3636;2790
30458;2432;2144;1801;3624;2792
30488;2432;2143;1801;3629;2796
30528;2434;2143;1801;3641;2797
30568;2433;2144;1801;3639;2802
30608;2433;2144;1801;3634;2812
30648;2433;2144;1801;3633;2817
30688;2432;2144;1801;3639;2816
30728;2433;2144;1801;3642;2827
30758;2434;2144;1801;3646;2824
30798;2433;2144;1801;3652;2817
30838;2433;2144;1801;3660;2825
30868;2433;2144;1801;3652;2835
30908;2438;2144;1801;3644;2858
30948;2436;2144;1801;3639;2902
30988;2434;2144;1801;3637;2902
31028;2432;2144;1801;3645;2887
31058;2431;2144;1801;3641;2876
31098;2431;2144;1801;3618;2898
31138;2431;2144;1801;3619;2909
31178;2433;2144;1801;3600;2931
31208;2432;2144;1801;3610;2962
31238;2431;2144;1801;3618;2976
31278;2430;2144;1801;3619;2969
31318;2429;2144;1801;3622;2962
31358;2430;2144;1801;3582;3064
31398;2437;2144;1801;3590;3122
31438;2440;2144;1800;3580;3132
31478;2441;2144;1800;3575;3133
31508;2441;2144;1800;3585;3139
31548;2441;2144;1800;3575;3148
31588;2442;2144;1801;3563;3166
31618;2442;2143;1801;3561;3173
31658;2442;2143;1801;3563;3181
31698;2443;2143;1801;3551;3234
31738;2443;2143;1801;3554;3246
31778;2444;2143;1801;3538;3280
31808;2446;2143;1801;3535;3294
31848;2447;2143;1801;3540;3287
31888;2447;2143;1801;3524;3286
31928;2447;2143;1801;3505;3298
31958;2449;2143;1801;3496;3314
31988;2450;2144;1801;3502;3334
32028;2451;2144;1800;3496;3388
32068;2451;2144;1800;3476;3474
32108;2450;2144;1800;3496;3456
32148;2449;2144;1800;3527;3390
32188;2451;2144;1800;3543;3339
32228;2452;2144;1800;3521;3350
32258;2452;2144;1800;3527;3357
32298;2452;2144;1800;3526;3367
32338;2452;2144;1800;3537;3352
32368;2453;2144;1800;3543;3335
32408;2452;2144;1800;3561;3297
32448;2450;2144;1800;3563;3282
32488;2449;2144;1800;3570;3277
32528;2447;2144;1801;3565;3262
32558;2446;2144;1801;3561;3241
32598;2446;2144;1801;3563;3221
32638;2445;2144;1801;3555;3212
32678;2445;2144;1800;3560;3220
32698;2444;2144;1800;3553;3217
32728;2443;2143;1800;3557;3212
32768;2444;2143;1800;3561;3204
32808;2444;2144;1800;3560;3201
32848;2444;2144;1800;3563;3201
32888;2444;2144;1800;3565;3185
32928;2444;2144;1800;3563;3176
32968;2444;2144;1800;3565;3178
33008;2444;2143;1800;3571;3170
33048;2445;2143;1800;3557;3184
33088;2445;2144;1800;3555;3190
33118;2444;2144;1800;3552;3203
33158;2444;2144;1800;3549;3209
33198;2445;2144;1800;3493;3280
33238;2448;2144;1800;3479;3385
33278;2448;2144;1800;3491;3376
33308;2448;2144;1800;3504;3352
33348;2448;2144;1800;3531;3319
33388;2449;2144;1800;3522;3333
33428;2448;2144;1800;3518;3346
33458;2448;2144;1800;3521;3345
33498;2448;2144;1800;3538;3321
33538;2448;2144;1800;3547;3305
33578;2448;2144;1800;3555;3316
33608;2448;2144;1800;3550;3322
33648;2448;2144;1800;3553;3328
33688;2448;2144;1800;3558;3324
33728;2447;2144;1800;3563;3324
33758;2447;2144;1800;3569;3307
33798;2447;2144;1800;3576;3317
33838;2448;2144;1800;3578;3319
33878;2448;2144;1800;3577;3317
33908;2448;2144;1800;3579;3314
33948;2448;2144;1800;3576;3316
33988;2448;2144;1800;3575;3297
34028;2448;2144;1800;3579;3304
34058;2448;2144;1801;3579;3306
34098;2448;2144;1801;3578;3316
34138;2448;2144;1801;3573;3317
34178;2448;2144;1801;3572;3317
34208;2448;2144;1801;3575;3321
34248;2447;2144;1800;3571;3323
34288;2447;2144;1800;3571;3316
34328;2447;2144;1800;3573;3308
34358;2447;2144;1800;3574;3312
34398;2448;2144;1800;3578;3313
34438;2448;2144;1800;3580;3289
34478;2448;2144;1800;3591;3280
34508;2448;2144;1800;3595;3285
34548;2448;2144;1801;3584;3307
34588;2447;2144;1801;3585;3316
34628;2447;2144;1801;3591;3294
34658;2447;2145;1801;3591;3289
34698;2448;2145;1801;3595;3286
34738;2448;2144;1801;3595;3287
34778;2447;2144;1801;3591;3303
34808;2447;2144;1801;3587;3310
34848;2446;2144;1801;3564;3344
34888;2446;2144;1801;3535;3381
34928;2446;2144;1801;3542;3371
34958;2445;2144;1801;3547;3365
34998;2446;2144;1801;3536;3378
35038;2447;2144;1801;3526;3395
35078;2447;2144;1801;3528;3397
35108;2448;2144;1801;3535;3390
35148;2448;2144;1801;3536;3386
35198;2448;2144;1801;3527;3402
35238;2448;2144;1801;3524;3409
35288;2448;2144;1801;3537;3402
35328;2447;2144;1801;3538;3405
35378;2447;2144;1801;3529;3418
35408;2447;2144;1801;3521;3424
35448;2446;2144;1801;3519;3430
35488;2446;2144;1801;3511;3427
35528;2446;2144;1801;3520;3415
35558;2446;2144;1801;3516;3418
35598;2446;2144;1801;3523;3413
35638;2445;2144;1801;3540;3405
35678;2445;2144;1801;3542;3400
35708;2445;2144;1801;3540;3401
35748;2445;2143;1801;3533;3399
35788;2445;2144;1801;3528;3398
35828;2445;2144;1801;3538;3400
35858;2446;2144;1801;3549;3402
35898;2446;2144;1801;3555;3400
35938;2445;2144;1801;3559;3392
35978;2445;2144;1801;3560;3387
36008;2445;2144;1801;3559;3388
36048;2445;2144;1801;3558;3394
36088;2445;2144;1801;3561;3394
36128;2445;2144;1801;3566;3392
36158;2445;2144;1801;3563;3391
36198;2445;2144;1801;3562;3388
36238;2445;2144;1801;3559;3386
36278;2445;2144;1801;3555;3386
36308;2445;2144;1801;3556;3386
36348;2445;2144;1801;3560;3370
36388;2445;2144;1801;3560;3362
36428;2445;2144;1801;3559;3352
36458;2445;2144;1801;3560;3336
36498;2445;2144;1801;3567;3333
36538;2446;2144;1801;3581;3318
36578;2448;2144;1801;3602;3287
36608;2448;2144;1801;3609;3222
36648;2449;2144;1802;3611;3116
36688;2450;2144;1802;3640;3009
36728;2452;2144;1802;3653;2986
36758;2453;2144;1802;3663;2984
36798;2453;2144;1801;3666;2990
36838;2454;2145;1801;3729;2822
36878;2438;2145;1801;3859;2431
36908;2426;2145;1801;3964;2344
36948;2420;2145;1801;3961;2362
36988;2416;2145;1801;3919;2428
37028;2418;2145;1801;3833;2552
37058;2421;2145;1801;3749;2679
37098;2427;2145;1801;3665;2826
37138;2427;2145;1801;3624;3102
37178;2427;2145;1802;3602;3253
37208;2427;2145;1802;3588;3294
37248;2428;2145;1802;3610;3297
37288;2428;2145;1803;3638;3248
37328;2428;2145;1803;3647;3222
37358;2428;2145;1803;3648;3234
37398;2428;2145;1804;3644;3237
37438;2428;2145;1804;3652;3208
37478;2427;2145;1804;3652;3174
37518;2427;2145;1804;3658;3166
37558;2426;2145;1804;3685;3160
37588;2426;2145;1804;3686;3163
37638;2426;2145;1804;3668;3183
37718;2425;2144;1804;3641;3207
37758;2425;2144;1804;3627;3215
37838;2425;2144;1804;3623;3216
37878;2425;2144;1804;3630;3217
37918;2425;2144;1804;3616;3204
37958;2425;2145;1804;3618;3188
37998;2425;2144;1804;3628;3186
38048;2425;2144;1804;3612;3203
38088;2425;2144;1804;3595;3206
38168;2425;2144;1804;3598;3191
38208;2425;2144;1804;3588;3203
38248;2425;2144;1804;3578;3210
38288;2425;2144;1804;3578;3209
38328;2425;2144;1804;3590;3196
38368;2424;2144;1804;3588;3199
38408;2424;2144;1804;3597;3196
38448;2424;2144;1804;3589;3201
38488;2424;2144;1804;3584;3202
38528;2425;2144;1804;3583;3200
38558;2425;2144;1804;3580;3208
38598;2425;2144;1804;3575;3215
38638;2425;2144;1804;3568;3223
38678;2425;2144;1804;3538;3249
38708;2427;2144;1804;3508;3286
38748;2430;2144;1804;3494;3333
38788;2433;2144;1804;3483;3411
38828;2434;2145;1805;3477;3421
38858;2433;2145;1804;3464;3413
38898;2433;2145;1804;3454;3416
38928;2432;2145;1804;3440;3420
38938;2432;2145;1804;3431;3420
38978;2432;2145;1804;3431;3416
39008;2432;2145;1804;3446;3400
39048;2431;2145;1804;3441;3400
39078;2430;2145;1804;3429;3402
39088;2430;2145;1804;3436;3403
39128;2431;2144;1804;3426;3397
39158;2431;2144;1804;3443;3384
39198;2431;2144;1804;3460;3377
39238;2431;2144;1804;3450;3372
39278;2431;2144;1804;3453;3364
39308;2431;2144;1805;3461;3357
39348;2431;2144;1805;3486;3347
39388;2431;2144;1805;3490;3340
39428;2431;2144;1805;3503;3327
39458;2430;2144;1805;3510;3317
39498;2430;2144;1805;3497;3311
39538;2430;2144;1805;3496;3309
39578;2430;2144;1805;3491;3310
39608;2430;2144;1805;3488;3306
39648;2429;2144;1805;3487;3302
39688;2429;2144;1805;3500;3293
39728;2429;2144;1805;3509;3272
39758;2429;2144;1805;3521;3260
39798;2429;2144;1805;3522;3260
39838;2429;2144;1805;3531;3260
39878;2429;2144;1805;3532;3264
39908;2429;2144;1805;3540;3260
39948;2429;2144;1805;3549;3260
39988;2429;2144;1805;3543;3268
40028;2429;2144;1805;3537;3266
40058;2428;2144;1805;3544;3266
40098;2429;2144;1805;3559;3254
40138;2431;2144;1805;3574;3182
40178;2431;2144;1805;3586;3164
40208;2432;2144;1805;3597;3151
40248;2433;2144;1805;3607;3141
40288;2439;2144;1805;3633;3081
40328;2439;2144;1805;3645;3045
40358;2439;2144;1805;3648;3046
40398;2438;2144;1805;3664;3035
40438;2437;2144;1805;3679;3021
40478;2435;2144;1805;3678;3023
40508;2435;2144;1805;3668;3030
40548;2436;2144;1805;3685;3018
40588;2436;2144;1805;3682;3011
40628;2436;2144;1805;3687;3013
40658;2436;2144;1805;3683;3013
40698;2436;2144;1805;3678;3022
40738;2436;2144;1805;3675;3028
40778;2436;2144;1805;3672;3039
40808;2436;2144;1805;3676;3049
40848;2435;2144;1805;3668;3062
40888;2435;2144;1805;3651;3082
40928;2434;2144;1805;3650;3082
40958;2434;2144;1805;3658;3063
40998;2434;2144;1805;3663;3063
41038;2434;2144;1805;3663;3069
41078;2434;2144;1805;3657;3073
41108;2434;2144;1805;3656;3079
41148;2434;2144;1805;3646;3087
41188;2434;2144;1806;3620;3108
41228;2433;2144;1805;3605;3116
41258;2433;2144;1805;3598;3123
41298;2432;2144;1805;3593;3128
41338;2432;2144;1805;3591;3128
41378;2433;2144;1805;3589;3128
41408;2433;2144;1804;3595;3129
41448;2433;2144;1805;3600;3125
41488;2434;2144;1805;3612;3124
41528;2433;2144;1805;3612;3123
41558;2433;2144;1805;3622;3117
41598;2433;2144;1805;3634;3112
41638;2433;2144;1805;3636;3113
41678;2433;2144;1805;3641;3111
41708;2433;2144;1805;3655;3097
41748;2433;2144;1805;3669;3086
41788;2433;2144;1805;3670;3085
41828;2433;2144;1805;3674;3081
41858;2433;2144;1805;3675;3080
41898;2433;2144;1805;3678;3073
41938;2433;2144;1805;3677;3082
41978;2433;2144;1805;3674;3087
42008;2433;2144;1805;3681;3084
42048;2433;2144;1805;3680;3078
42088;2433;2144;1805;3675;3079
42128;2433;2144;1805;3678;3077
42158;2433;2144;1805;3673;3075
42198;2433;2144;1805;3672;3080
42238;2433;2144;1805;3669;3084
42278;2433;2144;1805;3677;3076
42308;2433;2144;1805;3681;3073
42348;2433;2144;1805;3694;3064
42388;2433;2144;1805;3698;3064
42428;2433;2144;1805;3703;3063
42458;2433;2144;1804;3704;3061
42498;2433;2144;1804;3703;3054
42538;2433;2144;1804;3703;3057
42578;2433;2144;1804;3706;3057
42608;2433;2144;1804;3707;3056
42648;2433;2144;1804;3704;3053
42688;2433;2144;1805;3708;3051
42728;2433;2144;1805;3705;3046
42758;2433;2144;1805;3706;3047
42798;2433;2144;1805;3707;3046
42838;2433;2144;1805;3708;3042
42878;2433;2144;1805;3710;3044
42908;2433;2144;1805;3711;3043
42988;2433;2144;1805;3716;3031
43028;2433;2144;1805;3720;3031
43058;2433;2144;1805;3714;3033
43098;2433;2144;1806;3718;3036
43138;2432;2144;1806;3721;3036
43158;2433;2144;1805;3720;3034
43178;2433;2144;1805;3724;3032
43208;2433;2144;1805;3728;3031
43248;2433;2144;1805;3731;3030
43288;2433;2144;1805;3735;3033
43308;2433;2144;1805;3735;3031
43328;2433;2144;1805;3736;3027
43358;2433;2144;1805;3737;3027
43398;2433;2144;1805;3736;3028
43438;2433;2144;1805;3736;3031
43478;2433;2144;1805;3734;3029
43508;2433;2144;1805;3736;3024
43548;2433;2144;1805;3737;3019
43588;2432;2144;1805;3738;3020
43628;2432;2144;1805;3738;3021
43668;2432;2144;1805;3737;3021
43708;2432;2144;1805;3725;3034
43748;2432;2144;1805;3682;3091
43778;2435;2144;1805;3630;3183
43818;2435;2144;1805;3602;3265
43858;2434;2144;1805;3605;3281
43898;2436;2144;1805;3557;3371
43928;2435;2144;1805;3510;3505
43958;2442;2144;1805;3491;3636
43998;2446;2144;1806;3455;3707
44038;2450;2144;1806;3365;3820
44078;2452;2144;1806;3339;3881
44108;2452;2144;1806;3332;3978
44148;2455;2144;1806;3304;4095
44188;2457;2144;1806;3307;4095
44228;2457;2144;1806;3325;4095
44258;2457;2144;1806;3350;4095
44298;2457;2144;1806;3343;4095
44338;2457;2144;1806;3342;4095
44378;2457;2144;1806;3329;4095
44408;2457;2144;1806;3331;4095
44448;2457;2144;1806;3335;4095
44488;2458;2144;1806;3342;4080
44528;2458;2144;1806;3352;4051
44558;2458;2144;1806;3347;4034
44598;2458;2144;1806;3343;4009
44638;2458;2144;1806;3349;3960
44678;2458;2142;1806;3362;3898
44708;2458;2141;1806;3361;3858
44748;2459;2140;1806;3381;3770
44788;2459;2140;1806;3413;3598
44828;2458;2140;1806;3402;3335
44858;2458;2140;1806;3417;3307
44898;2458;2140;1805;3414;3304
44938;2458;2140;1805;3424;3276
44978;2458;2140;1805;3440;3222
45008;2458;2140;1806;3512;2905
45048;2455;2140;1805;3592;2721
45088;2451;2140;1805;3612;2728
45128;2450;2140;1806;3606;2734
45158;2449;2140;1806;3615;2751
45198;2448;2140;1806;3614;2756
45238;2443;2140;1806;3752;2483
45278;2432;2140;1806;3863;2403
45308;2426;2140;1806;3860;2426
45348;2424;2140;1806;3805;2491
45388;2425;2140;1806;3743;2571
45428;2425;2140;1806;3826;2495
45458;2426;2140;1806;3850;2484
45498;2427;2140;1805;3841;2491
45538;2427;2140;1805;3793;2542
45568;2426;2140;1805;3767;2584
45608;2425;2140;1805;3728;2621
45648;2432;2140;1806;3633;2705
45698;2433;2140;1806;3531;2838
45738;2438;2140;1806;3479;3043
45818;2445;2140;1806;3469;3229
45858;2447;2140;1806;3482;3220
45918;2448;2140;1807;3489;3218
45958;2451;2140;1807;3465;3271
46008;2451;2140;1807;3410;3468
46048;2449;2141;1807;3413;3486
46108;2449;2137;1807;3373;3538
46138;2451;2135;1807;3377;3585
46148;2452;2134;1807;3373;3590
46188;2453;2134;1807;3368;3594
46268;2454;2133;1807;3341;3631
46308;2454;2133;1807;3342;3640
46348;2454;2132;1807;3359;3620
46388;2454;2132;1807;3371;3607
46428;2454;2132;1807;3370;3602
46468;2454;2132;1807;3377;3607
46508;2454;2132;1807;3394;3599
46548;2455;2131;1807;3416;3580
46588;2455;2131;1807;3425;3568
46628;2456;2131;1807;3425;3567
46658;2456;2131;1807;3421;3562
46698;2456;2131;1807;3435;3544
46738;2456;2131;1807;3435;3531
46778;2456;2131;1807;3427;3521
46808;2456;2132;1807;3435;3507
46848;2457;2132;1807;3452;3492
46888;2458;2129;1807;3463;3400
46928;2459;2127;1807;3451;3389
46958;2458;2126;1807;3445;3391
46998;2458;2125;1807;3438;3390
47038;2459;2124;1807;3449;3372
47078;2461;2124;1807;3449;3310
47108;2463;2124;1807;3449;3272
47148;2464;2124;1807;3453;3246
47188;2465;2123;1807;3454;3235
47228;2466;2123;1807;3458;3214
47258;2467;2123;1807;3462;3197
47298;2467;2123;1807;3472;3138
47338;2466;2123;1807;3496;3061
47378;2463;2123;1807;3509;3036
47408;2460;2123;1807;3533;2960
47448;2459;2123;1807;3549;2884
47488;2458;2123;1807;3558;2837
47528;2458;2123;1807;3546;2836
47558;2458;2123;1807;3548;2836
47598;2458;2123;1806;3553;2838
47638;2457;2123;1806;3560;2849
47678;2459;2123;1806;3584;2776
47708;2459;2123;1806;3597;2730
47748;2457;2123;1806;3620;2706
47788;2452;2123;1806;3629;2665
47828;2449;2123;1806;3628;2669
47858;2448;2123;1806;3627;2681
47898;2447;2123;1806;3623;2689
47938;2446;2123;1806;3631;2688
47978;2446;2123;1807;3636;2685
48008;2446;2123;1807;3634;2693
48048;2446;2123;1807;3635;2698
48088;2445;2123;1807;3631;2715
48128;2445;2123;1807;3620;2727
48158;2445;2123;1807;3622;2731
48198;2445;2122;1806;3609;2734
48238;2447;2122;1806;3593;2751
48278;2448;2122;1806;3570;2782
48308;2448;2122;1806;3561;2791
48348;2448;2122;1807;3524;2835
48388;2448;2122;1807;3514;2841
48428;2449;2123;1807;3509;2851
48458;2450;2123;1807;3525;2841
48498;2451;2123;1807;3497;2912
48538;2450;2124;1807;3493;3024
48578;2452;2125;1807;3472;3089
48608;2453;2123;1806;3476;3117
48648;2451;2060;1806;3473;3172
48688;2451;2027;1807;3458;3232
48728;2451;2013;1807;3380;3507
48758;2452;2006;1807;3349;3568
48798;2452;1997;1807;3336;3572
48838;2453;1994;1807;3330;3609
48878;2454;1993;1807;3337;3621
48908;2454;1992;1807;3338;3634
48948;2454;1991;1807;3354;3614
48988;2454;1991;1807;3359;3597
49028;2454;1991;1807;3376;3587
49058;2453;1991;1808;3371;3591
49098;2453;1990;1808;3386;3585
49138;2454;1990;1808;3355;3610
49178;2455;1990;1808;3344;3627
49208;2455;1990;1808;3363;3611
49248;2455;1990;1808;3411;3572
49288;2456;1990;1808;3434;3553
49328;2456;1991;1808;3436;3542
49358;2456;1991;1808;3446;3533
49398;2456;1991;1808;3451;3508
49438;2457;1991;1808;3451;3500
49478;2457;1991;1808;3455;3493
49508;2457;1991;1808;3456;3482
49548;2456;1991;1808;3458;3473
49588;2456;1991;1808;3474;3459
49628;2456;1991;1808;3475;3451
49658;2456;1991;1808;3474;3434
49698;2456;1991;1808;3478;3424
49738;2455;1991;1808;3490;3407
49778;2456;1991;1808;3488;3359
49808;2457;1990;1808;3483;3354
49848;2456;1990;1808;3485;3356
49888;2457;1990;1808;3492;3333
49928;2459;1990;1808;3488;3233
49958;2460;1990;1808;3496;3193
49998;2460;1990;1808;3500;3171
50038;2459;1991;1808;3503;3168
50078;2459;1991;1808;3515;3137
50108;2463;1991;1808;3555;3018
50128;2460;1990;1808;3583;2829