
63418;1214;1113;907;3221;2582
63498;1822;1669;1360;3142;2680
63548;2126;1947;1587;3126;2702
63568;2278;2086;1700;3128;2709
63578;2353;2156;1756;3128;2707
63618;2391;2190;1785;3121;2722
63658;2410;2208;1799;3125;2697
63698;2419;2216;1806;3130;2685
63728;2423;2220;1809;3131;2687
63768;2426;2222;1811;3122;2703
63808;2427;2223;1812;3131;2704
63848;2428;2224;1813;3146;2699
63878;2429;2224;1813;3141;2691
63918;2429;2224;1813;3136;2675
63968;2429;2224;1813;3087;2724
64008;2428;2224;1813;3034;2791
64058;2428;2224;1813;2963;2855
64098;2428;2223;1813;2968;2890
64138;2427;2223;1813;2969;2909
64178;2427;2221;1813;2949;2930
64248;2426;2219;1813;2864;2923
64288;2426;2218;1813;2929;2899
64328;2426;2219;1813;2980;2885
64358;2426;2219;1813;3007;2878
64398;2427;2219;1813;3040;2859
64438;2427;2218;1813;3066;2843
64448;2426;2218;1813;3063;2841
64478;2426;2218;1813;3095;2829
64508;2426;2218;1813;3145;2810
64548;2426;2217;1813;3172;2786
64588;2426;2217;1813;3154;2760
64598;2426;2217;1813;3161;2756
64628;2426;2217;1813;3170;2751
64658;2426;2216;1813;3170;2751
64698;2426;2217;1814;3162;2745
64738;2426;2217;1814;3161;2745
64778;2426;2217;1814;3148;2746
64808;2426;2217;1814;3125;2786
64848;2426;2217;1814;3092;2820
64888;2426;2218;1814;3067;2842
64928;2426;2218;1814;3028;2855
64958;2426;2218;1814;3033;2859
64998;2426;2218;1814;3025;2871
65038;2426;2218;1814;2997;2862
65068;2427;2218;1813;3020;2845
65108;2427;2218;1813;3043;2829
65148;2426;2218;1813;3036;2838
65198;2426;2217;1813;2967;2853
65228;2429;2217;1813;2922;2874
65268;2430;2217;1813;2939;2909
65308;2430;2217;1813;2902;2932
65348;2426;2217;1813;2874;2976
65378;2423;2217;1813;2889;2967
65418;2422;2217;1813;2886;2947
65458;2421;2217;1813;2944;2921
65498;2421;2217;1813;2984;2890
65528;2421;2217;1813;3000;2864
32;2422;2217;1813;3035;2845
72;2423;2217;1813;3051;2825
112;2424;2217;1814;3062;2834
142;2424;2217;1814;3025;2873
182;2423;2217;1814;2984;2905
222;2422;2217;1814;2993;2908
262;2422;2217;1814;3004;2889
292;2422;2217;1814;3017;2877
332;2422;2217;1814;3034;2842
372;2422;2217;1814;3106;2806
412;2423;2217;1814;3166;2745
442;2425;2217;1814;3196;2728
482;2426;2217;1814;3228;2684
522;2426;2217;1814;3240;2633
562;2426;2217;1814;3245;2625
592;2426;2217;1814;3266;2620
632;2427;2217;1814;3271;2611
672;2427;2217;1814;3283;2599
712;2427;2217;1814;3292;2600
742;2430;2217;1814;3306;2598
782;2431;2217;1814;3316;2597
822;2431;2217;1814;3331;2569
862;2431;2217;1814;3351;2509
892;2432;2217;1814;3364;2508
932;2428;2217;1814;3358;2508
972;2427;2217;1814;3301;2568
1012;2426;2217;1814;3220;2641
1042;2425;2217;1814;3188;2672
1072;2424;2217;1814;3165;2691
1112;2426;2216;1814;3096;2759
1152;2427;2217;1814;3086;2789
1192;2427;2217;1814;3074;2799
1222;2427;2217;1814;3049;2805
1262;2427;2217;1814;3038;2798
1302;2427;2217;1814;3058;2795
1342;2427;2217;1814;3067;2789
1372;2427;2217;1814;3067;2785
1412;2427;2217;1814;3062;2786
1452;2427;2216;1814;3059;2777
1492;2427;2216;1814;3059;2771
1522;2427;2216;1814;3056;2770
1562;2427;2216;1814;3056;2770
1602;2427;2216;1814;3047;2776
1642;2426;2216;1814;3023;2806
1672;2426;2215;1814;2983;2857
1712;2430;2217;1814;2962;2877
1752;2429;2218;1814;2967;2883
1792;2430;2217;1814;2975;2908
1822;2432;2215;1814;2984;2905
1862;2426;2213;1814;2997;2882
1902;2422;2212;1814;3047;2864
1942;2421;2211;1814;3093;2827
1972;2420;2209;1814;3123;2785
2012;2419;2205;1814;3145;2753
2032;2419;2205;1814;3146;2754
2052;2419;2206;1814;3143;2752
2092;2419;2207;1814;3141;2748
2122;2419;2207;1814;3135;2751
2162;2421;2206;1814;3137;2746
2202;2421;2205;1814;3145;2743
2242;2421;2205;1814;3150;2748
2272;2421;2206;1814;3150;2753
2312;2422;2204;1814;3159;2749
2352;2423;2205;1814;3169;2747
2392;2423;2204;1814;3170;2742
2422;2423;2204;1813;3175;2737
2452;2423;2205;1813;3184;2732
2502;2423;2205;1813;3188;2740
2542;2423;2206;1813;3186;2742
2572;2422;2207;1813;3184;2741
2612;2421;2207;1813;3181;2743
2652;2422;2207;1813;3182;2752
2692;2422;2207;1814;3172;2772
2722;2421;2207;1814;3162;2791
2762;2420;2207;1814;3145;2817
2802;2420;2207;1814;3131;2828
2842;2420;2208;1814;3131;2828
2872;2420;2207;1814;3140;2819
2912;2421;2207;1814;3147;2811
2952;2421;2207;1814;3145;2806
3032;2421;2207;1814;3140;2808
3112;2421;2208;1814;3030;2893
3142;2421;2209;1814;3006;2926
3182;2422;2209;1814;3010;2932
3222;2421;2209;1814;3005;2946
3262;2421;2208;1814;3009;2962
3272;2421;2208;1814;3012;2966
3292;2420;2208;1814;3013;2971
3332;2421;2208;1814;3008;2976
3372;2421;2208;1814;3003;2961
3412;2421;2208;1814;3024;2962
3442;2421;2208;1814;3042;2957
3482;2421;2208;1814;3053;2957
3522;2421;2207;1814;3064;2951
3562;2421;2207;1813;3071;2944
3582;2421;2207;1813;3064;2945
3592;2421;2207;1813;3063;2945
3632;2421;2207;1813;3045;2944
3672;2421;2206;1813;3043;2942
3702;2421;2206;1813;3036;2946
3712;2421;2206;1813;3038;2947
3742;2421;2206;1813;3035;2944
3782;2421;2206;1813;3032;2926
3822;2420;2206;1813;3009;2921
3862;2420;2206;1813;3016;2915
3892;2420;2206;1813;3020;2909
3932;2420;2206;1813;3031;2905
3972;2420;2206;1813;3031;2897
4012;2420;2206;1813;3030;2886
4042;2420;2207;1813;3046;2883
4082;2420;2207;1813;3061;2876
4122;2420;2207;1813;3073;2864
4162;2420;2207;1813;3086;2857
4192;2420;2207;1813;3096;2856
4232;2420;2207;1813;3102;2854
4272;2420;2208;1814;3110;2841
4312;2420;2208;1814;3116;2835
4342;2420;2208;1814;3124;2835
4382;2420;2208;1814;3132;2834
4422;2421;2208;1814;3130;2835
4462;2421;2208;1814;3130;2830
4492;2421;2208;1814;3135;2828
4532;2422;2207;1814;3147;2823
4572;2422;2207;1814;3158;2822
4612;2422;2207;1814;3152;2819
4642;2422;2207;1814;3154;2817
4682;2422;2207;1814;3159;2817
4722;2421;2207;1814;3160;2818
4762;2421;2207;1814;3156;2817
4792;2421;2207;1814;3157;2814
4832;2421;2207;1814;3169;2812
4902;2421;2207;1814;3159;2804
4942;2421;2206;1814;3153;2803
4972;2420;2207;1814;3158;2801
5012;2420;2207;1814;3163;2791
5052;2420;2208;1814;3154;2789
5092;2420;2208;1814;3140;2792
5122;2421;2208;1814;3150;2790
5162;2421;2208;1814;3150;2811
5202;2421;2208;1814;3120;2833
5242;2421;2207;1814;3104;2837
5272;2423;2208;1814;3097;2850
5312;2424;2216;1814;3097;2853
5352;2425;2220;1814;3096;2854
5392;2426;2223;1814;3103;2849
5422;2426;2227;1814;3104;2848
5462;2426;2226;1814;3102;2842
5502;2426;2225;1814;3108;2839
5542;2426;2222;1814;3102;2836
5572;2426;2223;1814;3104;2834
5612;2426;2224;1814;3103;2828
5652;2426;2224;1814;3120;2825
5692;2426;2226;1814;3123;2823
5722;2426;2226;1814;3116;2825
5762;2426;2222;1814;3111;2829
5802;2425;2220;1814;3108;2841
5842;2425;2223;1814;3107;2849
5872;2425;2225;1814;3045;2892
5912;2427;2223;1814;2904;3030
5942;2428;2221;1814;2890;3052
5952;2429;2221;1814;2895;3041
5992;2429;2218;1814;2859;3025
6022;2428;2221;1814;2904;3022
6062;2428;2219;1814;2886;3035
6102;2428;2212;1814;2889;3037
6142;2428;2209;1814;2802;3030
6172;2428;2209;1814;2816;3020
6212;2428;2211;1814;2847;3008
6252;2428;2210;1814;2870;3003
6292;2427;2208;1814;2854;3001
6322;2426;2208;1814;2838;2993
6362;2426;2209;1814;2851;2981
6392;2426;2211;1814;2877;2968
6402;2426;2215;1814;2876;2960
6442;2428;2213;1814;2928;2903
6472;2432;2213;1814;2970;2836
6512;2432;2212;1814;2986;2814
6552;2431;2211;1814;2986;2825
6592;2431;2210;1814;2989;2829
6622;2430;2208;1814;2993;2825
6662;2430;2208;1814;3004;2825
6702;2429;2207;1814;3007;2832
6742;2429;2207;1814;3005;2833
6772;2429;2206;1814;3005;2832
6812;2430;2206;1814;3015;2827
6852;2430;2205;1814;3040;2813
6892;2430;2205;1814;3075;2787
6922;2430;2206;1814;3086;2778
6962;2430;2206;1814;3097;2780
7002;2430;2206;1814;3108;2781
7042;2429;2206;1814;3119;2784
7072;2429;2206;1814;3117;2790
7112;2429;2205;1814;3113;2799
7152;2429;2205;1814;3118;2809
7192;2429;2205;1814;3117;2812
7222;2429;2206;1814;3124;2808
7262;2428;2206;1814;3131;2817
7302;2428;2206;1814;3133;2819
7342;2428;2206;1814;3130;2824
7372;2429;2206;1814;3136;2826
7412;2429;2206;1814;3141;2824
7452;2429;2206;1814;3143;2819
7492;2429;2205;1814;3150;2816
7522;2428;2205;1814;3159;2812
7562;2428;2205;1814;3161;2811
7592;2428;2205;1814;3163;2810
7602;2428;2205;1814;3166;2811
7642;2428;2205;1814;3176;2810
7672;2428;2205;1814;3178;2811
7712;2428;2205;1814;3184;2812
7742;2428;2204;1814;3180;2809
7752;2428;2204;1814;3182;2809
7792;2428;2204;1814;3189;2811
7822;2428;2204;1814;3196;2807
7862;2428;2203;1813;3201;2807
7902;2428;2203;1813;3205;2810
7942;2429;2204;1814;3203;2813
7982;2428;2203;1814;3203;2816
8022;2428;2201;1814;3207;2813
8062;2429;2190;1814;3204;2812
8092;2428;2184;1814;3211;2817
8132;2428;2181;1814;3198;2829
8172;2429;2178;1814;3188;2843
8212;2428;2177;1814;3157;2869
8242;2428;2177;1814;3144;2878
8282;2429;2177;1814;3113;2893
8322;2431;2176;1814;3079;2933
8362;2432;2175;1814;3037;2956
8392;2432;2175;1814;3047;2957
8432;2432;2175;1814;3047;2953
8472;2431;2176;1814;3048;2952
8512;2431;2177;1814;3051;2946
8542;2431;2178;1814;3054;2940
8582;2430;2178;1814;3050;2940
8622;2430;2177;1814;3052;2937
8662;2430;2177;1814;3051;2937
8692;2430;2177;1814;3057;2937
8732;2430;2177;1814;3056;2933
8772;2430;2177;1814;3062;2933
8812;2430;2177;1814;3065;2928
8842;2429;2177;1814;3070;2924
8882;2429;2178;1814;3081;2913
8922;2429;2179;1814;3086;2911
8962;2430;2179;1814;3087;2907
8992;2430;2179;1814;3093;2903
9032;2430;2179;1814;3090;2901
9072;2429;2179;1814;3091;2902
9112;2429;2179;1814;3092;2895
9142;2429;2176;1814;3098;2893
9182;2429;2173;1814;3107;2891
9222;2429;2172;1814;3114;2881
9262;2429;2171;1814;3126;2860
9292;2430;2165;1814;3170;2833
9332;2430;2160;1814;3179;2831
9362;2430;2157;1814;3188;2831
9402;2429;2155;1814;3193;2834
9442;2430;2154;1814;3202;2832
9472;2431;2154;1814;3219;2827
9512;2429;2154;1814;3253;2776
9552;2431;2154;1814;3267;2762
9592;2432;2154;1814;3303;2698
9622;2430;2154;1813;3316;2680
9662;2427;2154;1813;3326;2676
9702;2429;2154;1813;3333;2671
9732;2428;2154;1813;3330;2680
9772;2427;2153;1813;3321;2687
9812;2427;2153;1814;3320;2694
9862;2427;2153;1814;3306;2710
9892;2426;2153;1814;3294;2722
9932;2426;2153;1814;3279;2744
9972;2425;2153;1814;3239;2768
10012;2429;2153;1814;3212;2796
10042;2429;2153;1814;3204;2796
10072;2429;2153;1814;3199;2810
10082;2428;2153;1814;3192;2817
10112;2427;2153;1814;3189;2824
10152;2426;2153;1814;3170;2836
10192;2428;2153;1814;3083;2921
10222;2431;2153;1814;3059;2954
10262;2431;2152;1814;3054;2966
10302;2430;2149;1814;3059;2957
10342;2430;2147;1814;3060;2964
10372;2430;2146;1814;3052;2970
10412;2430;2145;1814;3052;2974
10442;2429;2145;1814;3061;2965
10452;2429;2145;1814;3064;2961
10482;2429;2145;1814;3077;2952
10522;2429;2145;1814;3076;2950
10562;2428;2144;1814;3077;2952
10612;2427;2141;1814;3082;2945
10642;2427;2140;1814;3085;2938
10672;2427;2139;1814;3086;2937
10682;2427;2139;1814;3086;2936
10712;2427;2139;1814;3093;2932
10752;2427;2139;1814;3093;2925
10792;2427;2139;1815;3101;2918
10822;2427;2138;1815;3121;2894
10852;2426;2138;1815;3141;2885
10892;2428;2137;1815;3164;2875
10932;2430;2137;1815;3181;2859
10972;2430;2136;1815;3214;2827
11012;2431;2134;1815;3265;2769
11052;2431;2133;1815;3269;2767
11092;2430;2133;1815;3268;2770
11122;2429;2133;1815;3268;2769
11162;2429;2132;1815;3267;2774
11202;2428;2131;1815;3265;2776
11232;2428;2131;1815;3265;2779
11272;2428;2131;1815;3263;2777
11312;2428;2131;1815;3252;2777
11352;2428;2131;1814;3249;2788
11392;2427;2131;1814;3212;2828
11422;2426;2131;1814;3123;2891
11462;2428;2131;1814;2993;2958
11502;2428;2130;1816;2911;3000
11542;2430;2123;1816;2891;3025
11572;2436;2119;1816;2829;3175
11602;2440;2117;1816;2814;3251
11642;2440;2116;1816;2826;3239
11682;2439;2115;1817;2863;3233
11722;2439;2115;1817;2858;3242
11762;2438;2115;1817;2879;3234
11802;2438;2115;1817;2892;3208
11842;2437;2115;1817;2938;3158
11872;2437;2062;1817;2963;3143
11912;2438;2034;1817;2997;3120
11952;2440;2020;1818;3005;3121
11982;2440;2013;1818;3017;3123
12022;2440;2009;1818;3045;3102
12062;2443;2002;1818;3081;3012
12102;2441;1996;1818;3116;2935
12142;2439;1989;1817;3237;2719
12172;2439;1982;1817;3304;2603
12212;2440;1981;1816;3342;2550
12252;2437;1981;1816;3389;2368
12292;2423;1982;1815;3504;2075
12322;2416;1982;1814;3558;2081
12352;2413;1982;1814;3562;2074
12392;2411;1982;1814;3544;2083
12432;2410;1982;1814;3500;2114
12472;2409;1982;1814;3495;2122
12512;2409;1982;1814;3524;2108
12552;2409;1981;1814;3563;2093
12592;2412;1979;1814;3652;1978
12622;2412;1969;1814;3778;1737
12662;2405;1965;1814;3882;1636
12682;2401;1963;1814;3872;1670
12702;2399;1963;1814;3845;1677
12732;2398;1963;1814;3785;1730
12772;2400;1962;1814;3662;1845
12812;2401;1962;1814;3518;2033
12852;2402;1962;1814;3404;2193
12922;2401;1961;1814;3224;2462
12962;2400;1961;1815;3205;2513
13002;2405;1962;1817;3180;2596
13042;2412;1963;1818;3149;2734
13072;2410;1964;1818;3139;2774
13102;2409;1965;1819;3144;2761
13142;2408;1965;1820;3128;2764
13182;2408;1966;1821;3116;2788
13222;2408;1966;1821;3100;2824
13262;2409;1966;1821;3117;2838
13302;2409;1966;1821;3124;2845
13342;2410;1966;1821;3106;2868
13372;2410;1966;1822;3098;2882
13412;2411;1966;1822;3076;2925
13452;2413;1966;1822;3092;2936
13482;2414;1965;1822;3096;2932
13522;2414;1965;1822;3104;2926
13562;2413;1965;1822;3111;2919
13602;2412;1965;1822;3108;2920
13642;2412;1965;1822;3103;2919
13672;2412;1965;1822;3097;2921
13712;2412;1965;1822;3104;2919
13742;2412;1965;1822;3111;2908
13752;2412;1965;1823;3112;2904
13792;2412;1965;1823;3113;2905
13822;2412;1965;1823;3118;2901
13852;2411;1964;1822;3137;2887
13872;2411;1963;1822;3156;2876
13892;2411;1963;1822;3178;2860
13932;2411;1963;1823;3206;2854
13972;2411;1963;1824;3235;2839
14012;2411;1963;1824;3251;2823
14052;2411;1962;1825;3267;2813
14092;2411;1962;1826;3271;2814
14122;2410;1962;1826;3270;2814
14162;2410;1962;1826;3273;2803
14202;2409;1962;1826;3270;2802
14232;2409;1962;1826;3272;2805
14272;2409;1962;1826;3275;2802
14312;2409;1962;1826;3271;2797
14352;2409;1962;1826;3281;2787
14392;2409;1962;1826;3289;2786
14422;2409;1962;1826;3293;2784
14462;2409;1961;1826;3293;2787
14502;2409;1961;1826;3295;2785
14542;2409;1961;1826;3293;2773
14572;2409;1961;1826;3296;2776
14602;2409;1961;1826;3298;2784
14642;2409;1961;1826;3280;2805
14682;2409;1961;1826;3269;2827
14722;2408;1961;1826;3249;2849
14762;2408;1962;1826;3245;2861
14802;2408;1962;1826;3243;2864
14842;2409;1962;1826;3245;2862
14872;2409;1962;1825;3238;2868
14912;2410;1962;1826;3212;2883
14942;2412;1962;1826;3199;2898
14952;2414;1962;1826;3194;2903
14982;2415;1962;1826;3179;2916
15022;2415;1962;1826;3162;2931
15062;2417;1962;1826;3142;2957
15102;2418;1962;1825;3121;3007
15142;2418;1962;1825;3101;3024
15172;2418;1962;1825;3107;3014
15212;2417;1962;1825;3109;3012
15252;2418;1962;1825;3098;3014
15292;2421;1962;1825;3063;3084
15322;2424;1962;1825;3042;3110
15352;2425;1962;1825;3051;3098
15392;2426;1962;1825;3062;3084
15432;2426;1962;1825;3071;3080
15472;2426;1962;1825;3069;3081
15512;2425;1962;1825;3060;3078
15552;2425;1962;1825;3059;3069
15592;2425;1962;1825;3067;3064
15622;2425;1962;1825;3064;3060
15662;2425;1962;1825;3067;3053
15702;2425;1962;1825;3087;3024
15732;2425;1962;1826;3118;2981
15772;2425;1962;1827;3127;2971
15812;2425;1962;1828;3122;2981
15862;2425;1962;1828;3121;2983
15892;2426;1963;1828;3121;2980
15932;2425;1963;1828;3117;2977
15972;2426;1963;1828;3116;2971
16012;2426;1963;1828;3118;2977
16042;2426;1963;1827;3118;2978
16082;2426;1963;1827;3124;2982
16112;2425;1963;1827;3131;2978
16152;2425;1963;1827;3163;2964
16192;2424;1963;1826;3192;2944
16222;2423;1963;1825;3210;2937
16262;2423;1963;1825;3220;2932
16302;2422;1963;1825;3225;2933
16342;2422;1963;1825;3226;2930
16372;2422;1962;1825;3229;2931
16412;2422;1961;1825;3235;2918
16452;2422;1961;1825;3239;2908
16482;2423;1959;1824;3249;2898
16522;2424;1952;1825;3267;2855
16562;2423;1949;1825;3278;2843
16602;2422;1948;1826;3296;2835
16642;2422;1948;1826;3307;2816
16672;2422;1947;1826;3315;2800
16712;2422;1946;1826;3318;2799
16752;2422;1946;1826;3329;2792
16792;2420;1946;1826;3352;2740
16822;2419;1946;1826;3355;2737
16852;2417;1946;1826;3357;2737
16892;2417;1946;1826;3360;2737
16932;2417;1946;1826;3361;2733
16972;2417;1946;1827;3370;2722
17012;2417;1946;1827;3362;2734
17052;2416;1946;1827;3372;2721
17092;2416;1946;1827;3380;2722
17122;2416;1946;1827;3374;2723
17162;2415;1946;1827;3376;2723
17202;2415;1946;1827;3369;2724
17232;2415;1946;1827;3370;2706
17272;2415;1946;1827;3399;2614
17282;2415;1946;1827;3393;2604
17372;2414;1947;1827;3222;2789
17422;2413;1948;1827;3172;2814
17462;2419;1948;1827;3152;2838
17502;2424;1948;1827;3111;2881
17542;2426;1948;1827;3093;2915
17572;2428;1948;1827;3093;2925
17602;2427;1948;1827;3082;2941
17642;2427;1949;1827;3080;2948
17682;2427;1949;1826;3076;2957
17722;2426;1949;1826;3080;2954
17762;2425;1949;1826;3084;2954
17802;2426;1950;1826;3083;2960
17842;2426;1950;1826;3069;2977
17872;2426;1950;1827;3062;2983
17912;2427;1950;1827;3040;3010
17952;2428;1950;1827;3036;3014
17982;2428;1950;1827;3036;3009
18022;2428;1950;1827;3039;3011
18062;2428;1950;1827;3035;3016
18102;2428;1950;1827;3031;3018
18142;2428;1950;1827;3036;3012
18172;2428;1950;1827;3033;3009
18212;2428;1950;1827;3033;3011
18252;2428;1951;1828;3034;3010
18292;2428;1951;1828;3030;3011
18322;2427;1951;1828;3030;3006
18352;2427;1950;1828;3034;3004
18392;2427;1949;1828;3034;2997
18432;2427;1949;1828;3037;2996
18472;2427;1949;1828;3046;2987
18512;2427;1949;1828;3053;2974
18542;2427;1948;1828;3061;2964
18552;2427;1948;1828;3066;2960
18592;2427;1948;1828;3082;2947
18622;2427;1947;1828;3088;2943
18662;2427;1947;1828;3097;2939
18702;2427;1947;1828;3109;2922
18732;2426;1947;1828;3131;2891
18772;2425;1946;1828;3165;2869
18812;2426;1945;1828;3189;2849
18872;2427;1932;1827;3247;2794
18912;2426;1929;1830;3298;2714
18972;2425;1927;1835;3358;2578
19002;2418;1926;1838;3383;2544
19012;2415;1925;1840;3384;2539
19042;2414;1920;1841;3412;2494
19082;2413;1918;1842;3416;2490
19122;2412;1917;1842;3421;2482
19162;2411;1917;1843;3427;2480
19192;2410;1918;1843;3419;2487
19232;2410;1919;1843;3418;2492
19272;2410;1919;1843;3422;2489
19312;2410;1919;1843;3405;2502
19342;2410;1919;1843;3381;2519
19382;2410;1920;1843;3341;2547
19422;2410;1920;1843;3298;2579
19462;2409;1920;1843;3265;2599
19492;2409;1919;1842;3228;2637
19532;2410;1918;1842;3140;2727
19572;2411;1918;1843;3126;2749
19612;2412;1918;1843;3110;2753
19642;2412;1918;1843;3116;2743
19682;2412;1918;1843;3121;2740
19722;2412;1918;1842;3116;2751
19762;2412;1918;1842;3109;2750
19792;2412;1918;1842;3108;2770
19832;2416;1917;1842;3074;2804
19872;2421;1918;1842;3047;2835
19912;2430;1919;1842;3021;2854
19942;2431;1920;1842;3027;2870
19982;2432;1922;1842;2997;2941
20022;2430;1923;1842;2990;2974
20062;2429;1923;1842;3003;2959
20092;2428;1924;1842;3016;2948
20132;2428;1925;1842;3017;2952
20172;2428;1925;1842;3025;2945
20212;2428;1925;1842;3029;2948
20242;2428;1925;1842;3033;2952
20282;2428;1926;1842;3040;2950
20322;2428;1926;1842;3078;2936
20362;2428;1926;1843;3097;2927
20392;2427;1926;1843;3091;2931
20422;2427;1925;1843;3088;2928
20432;2427;1926;1843;3094;2926
20472;2428;1926;1843;3117;2915
20512;2429;1926;1843;3129;2910
20542;2430;1926;1843;3132;2910
20582;2429;1926;1843;3139;2908
20622;2429;1926;1843;3143;2890
20662;2429;1925;1843;3079;2895
20692;2431;1926;1843;3066;2882
20732;2431;1926;1843;3086;2837
20772;2431;1927;1843;3143;2791
20812;2430;1928;1842;3166;2758
20842;2428;1898;1841;3134;2793
20882;2428;1897;1842;2988;2861
20922;2430;1896;1844;2861;3041
20962;2432;1896;1846;2805;3208
20992;2438;1896;1848;2763;3253
21032;2442;1896;1849;2754;3318
21072;2445;1896;1849;2731;3413
21112;2449;1896;1848;2710;3498
21142;2449;1896;1848;2746;3534
21182;2449;1896;1847;2642;3595
21222;2448;1896;1845;2538;3686
21262;2447;1896;1843;2521;3813
21292;2447;1896;1841;2497;3845
21332;2449;1897;1840;2504;3883
21372;2451;1897;1839;2475;3944
21412;2453;1898;1839;2472;4006
21442;2455;1899;1839;2409;4063
21482;2457;1898;1839;2492;4086
21522;2457;1892;1839;2506;4020
21562;2457;1911;1839;2608;3933
21592;2458;1919;1840;2740;3776
21622;2458;1926;1840;2804;3646
21662;2459;1930;1841;2805;3609
21702;2463;1932;1841;2867;3482
21742;2462;1933;1842;2871;3534
21772;2460;1932;1842;2848;3568
21812;2459;1931;1842;2889;3533
21842;2459;1930;1842;2901;3473
21852;2459;1929;1841;2902;3463
21892;2459;1929;1841;2918;3442
21922;2459;1929;1841;2904;3451
21962;2459;1928;1841;2893;3478
22002;2458;1929;1841;2913;3482
22042;2458;1929;1841;2918;3485
22072;2458;1929;1841;2930;3484
22112;2458;1929;1841;2926;3471
22142;2458;1930;1841;2922;3474
22152;2457;1931;1841;2939;3473
22192;2457;1931;1841;2946;3456
22222;2457;1931;1841;2934;3462
22262;2457;1931;1841;2883;3499
22302;2456;1931;1841;2851;3516
22342;2456;1931;1841;2823;3507
22382;2457;1930;1841;2857;3517
22422;2455;1917;1841;2874;3456
22462;2455;1915;1841;2909;3316
22492;2455;1915;1841;2955;3290
22532;2456;1914;1841;3005;3252
22572;2457;1914;1841;3011;3200
22612;2458;1915;1841;3055;3129
22642;2457;1915;1841;3079;3118
22682;2457;1915;1841;3084;3124
22722;2457;1914;1841;3057;3170
22762;2457;1921;1841;3074;3137
22792;2457;1934;1841;3071;3125
22822;2457;1940;1841;3116;3090
22832;2458;1943;1841;3122;3096
22872;2457;1946;1841;3129;3085
22912;2456;1962;1841;3159;3017
22942;2448;1983;1841;3357;2664
22982;2432;2067;1832;3528;2336
23022;2421;2109;1827;3537;2338
23062;2415;2130;1825;3546;2350
23092;2414;2140;1824;3576;2242
23132;2415;2145;1823;3600;2248
23172;2416;2148;1821;3599;2254
23212;2416;2149;1819;3581;2265
23242;2415;2150;1817;3532;2284
23282;2415;2150;1816;3476;2353
23322;2415;2150;1816;3369;2500
23362;2412;2150;1816;3252;2650
23392;2413;2150;1816;3213;2736
23432;2425;2150;1817;3086;2985
23472;2439;2150;1817;3066;3179
23512;2445;2150;1819;3040;3222
23542;2448;2150;1820;3049;3221
23582;2449;2150;1821;3056;3205
23622;2449;2150;1822;3058;3200
23652;2449;2150;1822;3058;3198
23692;2449;2150;1823;3076;3170
23732;2449;2150;1823;3097;3150
23772;2451;2150;1824;3161;3099
23812;2452;2150;1823;3224;3053
23842;2453;2150;1823;3269;2991
23882;2451;2150;1823;3351;2868
23922;2449;2150;1822;3455;2620
23962;2433;2150;1822;3544;2491
23992;2427;2150;1822;3546;2490
24032;2422;2150;1822;3641;2286
24072;2407;2150;1821;4050;1727
24112;2394;2150;1821;4084;1751
24142;2388;2150;1815;3995;1790
24182;2390;2150;1807;3768;1938
24222;2396;2150;1804;3585;2197
24262;2397;2150;1802;3798;2063
24292;2396;2149;1801;3898;1941
24332;2396;2149;1801;3914;1959
24372;2395;2149;1800;3744;2010
24412;2400;2149;1801;3528;2240
24442;2399;2149;1801;3379;2473
24472;2398;2149;1801;3314;2578
24512;2406;2149;1801;3275;2670
24552;2412;2149;1801;3267;2712
24592;2413;2149;1801;3253;2719
24622;2413;2149;1801;3236;2734
24662;2412;2149;1802;3219;2793
24702;2411;2149;1801;3199;2804
24742;2413;2149;1801;3160;2900
24772;2420;2147;1804;3102;3009
24812;2427;2131;1806;3015;3120
24852;2436;2054;1808;2964;3208
24892;2439;2017;1809;2902;3423
24922;2441;1990;1810;2896;3412
24962;2440;1968;1812;2906;3416
25002;2440;1954;1816;2904;3425
25042;2441;1947;1818;2888;3428
25072;2442;1942;1822;2900;3389
25112;2442;1934;1829;2997;3258
25152;2443;1930;1834;3009;3250
25192;2443;1928;1837;2989;3273
25222;2443;1928;1839;2969;3287
25262;2444;1928;1839;2969;3290
25292;2444;1927;1839;2973;3296
25342;2444;1927;1839;2964;3306
25372;2445;1927;1840;2960;3332
25412;2446;1926;1840;2956;3341
25452;2446;1926;1840;2971;3341
25492;2448;1925;1840;2971;3354
25532;2447;1925;1840;2975;3368
25572;2447;1925;1840;3018;3345
25612;2448;1926;1840;3073;3240
25642;2449;1926;1840;3108;3158
25682;2444;1926;1839;3240;2912
25722;2441;1926;1838;3288;2868
25762;2437;1926;1838;3358;2786
25792;2438;1926;1838;3396;2728
25832;2443;1926;1838;3462;2636
25872;2443;1927;1838;3522;2519
25912;2432;1927;1838;3613;2284
25942;2421;1927;1838;3734;2126
25982;2415;1927;1837;3781;2097
26022;2412;1928;1837;3774;2116
26062;2414;1928;1837;3884;2035
26092;2409;1928;1837;4016;1857
26132;2405;1928;1837;4078;1829
26172;2403;1928;1837;4095;1836
26212;2402;1928;1838;4095;1809
26242;2402;1929;1838;4088;1824
26282;2401;1931;1838;3983;1868
26332;2399;1932;1838;3814;1978
26372;2400;1933;1838;3700;2112
26422;2399;1934;1838;3640;2228
26462;2398;1934;1838;3563;2314
26502;2397;1934;1838;3513;2388
26542;2397;1934;1838;3479;2460
26572;2398;1934;1838;3462;2490
26612;2398;1934;1838;3420;2573
26652;2397;1934;1838;3406;2610
26692;2396;1934;1838;3398;2617
26722;2398;1934;1838;3385;2623
26762;2397;1933;1838;3372;2665
26802;2397;1933;1838;3369;2696
26842;2397;1933;1838;3339;2728
26872;2397;1933;1838;3340;2735
26912;2398;1933;1838;3338;2761
26952;2405;1933;1838;3315;2828
26992;2407;1933;1838;3264;2879
27022;2410;1933;1838;3257;2904
27062;2412;1932;1839;3259;2926
27102;2411;1931;1839;3268;2922
27142;2410;1931;1839;3315;2865
27172;2409;1931;1839;3350;2846
27212;2409;1931;1839;3364;2845
27252;2409;1931;1839;3362;2839
27292;2409;1932;1839;3341;2857
27322;2409;1932;1839;3320;2876
27362;2409;1933;1839;3300;2879
27402;2409;1932;1839;3235;2962
27442;2410;1931;1839;3183;3038
27472;2412;1929;1839;3142;3066
27512;2421;1928;1839;3110;3164
27552;2425;1930;1839;3127;3172
27592;2426;1931;1839;3128;3156
27622;2428;1931;1839;3127;3149
27662;2428;1931;1839;3129;3145
27702;2427;1932;1839;3133;3136
27742;2428;1932;1839;3131;3152
27772;2433;1932;1839;3101;3238
27812;2436;1932;1839;3087;3296
27852;2435;1932;1839;3093;3283
27892;2435;1932;1840;3097;3270
27922;2435;1932;1840;3098;3282
27952;2434;1932;1840;3103;3279
28002;2434;1932;1840;3117;3256
28042;2434;1932;1840;3125;3255
28072;2434;1932;1840;3125;3258
28112;2434;1932;1840;3126;3260
28152;2434;1932;1840;3131;3251
28192;2434;1932;1840;3158;3225
28222;2434;1933;1840;3183;3201
28262;2433;1933;1839;3213;3170
28302;2433;1933;1839;3249;3125
28342;2433;1933;1839;3307;3061
28382;2437;1933;1839;3406;2932
28422;2439;1931;1839;3454;2794
28462;2439;1931;1839;3507;2777
28492;2438;1931;1839;3501;2783
28532;2436;1931;1840;3481;2778
28572;2436;1931;1840;3475;2773
28602;2435;1931;1839;3470;2781
28612;2435;1932;1839;3471;2778
28642;2435;1932;1840;3473;2778
28682;2434;1932;1840;3469;2772
28722;2434;1932;1840;3473;2770
28732;2434;1932;1840;3466;2771
28782;2434;1932;1840;3463;2779
28822;2433;1932;1840;3437;2800
28872;2433;1932;1840;3408;2839
28912;2432;1932;1840;3329;2906
29002;2436;1932;1840;3147;3116
29062;2434;1932;1840;3116;3183
29092;2431;1932;1840;3110;3191
29132;2429;1932;1840;3112;3186
29172;2429;1932;1840;3103;3195
29242;2442;1932;1840;3015;3413
29272;2447;1932;1840;3021;3394
29312;2450;1932;1840;3024;3404
29352;2451;1932;1840;3018;3420
29392;2452;1932;1840;3016;3422
29432;2452;1932;1840;3012;3420
29512;2453;1932;1840;2983;3450
29542;2453;1932;1840;2983;3474
29582;2452;1932;1840;2992;3466
29612;2452;1932;1840;2991;3468
29642;2452;1932;1840;2981;3478
29652;2452;1932;1840;2979;3486
29692;2452;1932;1840;2959;3505
29722;2452;1932;1840;2961;3502
29762;2452;1932;1840;2969;3494
29802;2452;1932;1840;2984;3462
29842;2452;1932;1840;2987;3445
29872;2452;1932;1840;2992;3433
29912;2452;1932;1840;3002;3410
29952;2451;1932;1840;3004;3385
29992;2451;1932;1840;3002;3379
30022;2451;1932;1840;3001;3378
30062;2450;1932;1840;3001;3364
30102;2451;1932;1840;3001;3354
30142;2451;1932;1840;3008;3345
30172;2451;1932;1840;3006;3350
30212;2451;1932;1840;3018;3365
30292;2451;1932;1840;3013;3368
30322;2452;1933;1840;3018;3379
30362;2453;1933;1840;3021;3376
30392;2453;1933;1840;3027;3371
30432;2452;1933;1840;3029;3374
30462;2452;1933;1840;3027;3379
30472;2452;1933;1840;3028;3379
30512;2452;1933;1840;3031;3374
30552;2452;1933;1840;3041;3361
30592;2452;1933;1840;3045;3357
30632;2452;1933;1840;3045;3346
30672;2452;1933;1840;3061;3322
30712;2451;1932;1840;3082;3310
30722;2451;1932;1840;3083;3308
30792;2450;1932;1840;3091;3307
30832;2450;1932;1840;3093;3303
30892;2450;1932;1840;3104;3277
30922;2450;1932;1840;3112;3276
30962;2450;1932;1840;3115;3276
31002;2450;1932;1840;3114;3273
31042;2450;1932;1839;3116;3272
31072;2450;1932;1840;3120;3267
31112;2450;1931;1840;3131;3264
31142;2451;1931;1840;3134;3261
31182;2451;1931;1840;3138;3262
31222;2451;1931;1840;3145;3259
31262;2450;1931;1840;3143;3258
31302;2450;1931;1840;3146;3250
31342;2451;1931;1840;3145;3236
31372;2452;1931;1840;3146;3234
31412;2452;1931;1840;3151;3237
31442;2452;1931;1840;3153;3232
31452;2452;1931;1840;3153;3229
31492;2452;1931;1840;3159;3221
31522;2452;1931;1840;3163;3232
31562;2452;1931;1840;3163;3249
31602;2452;1931;1840;3164;3257
31642;2452;1931;1840;3162;3256
31682;2453;1931;1840;3194;3238
31722;2451;1931;1840;3235;3132
31742;2449;1932;1840;3245;3119
31792;2447;1933;1840;3243;3121
31822;2446;1933;1840;3239;3120
31862;2448;1933;1840;3255;3102
31892;2448;1934;1840;3273;3069
31932;2448;1935;1840;3287;3051
31972;2448;1935;1840;3300;3024
32022;2448;1935;1840;3303;3021
32062;2448;1935;1839;3301;3024
32092;2448;1935;1840;3302;3024
32132;2448;1935;1840;3294;3028
32162;2447;1935;1840;3299;3019
32202;2448;1935;1840;3320;2973
32212;2447;1935;1840;3331;2952
32242;2446;1935;1840;3336;2946
32272;2445;1935;1840;3345;2937
32312;2442;1935;1840;3490;2532
32352;2433;1935;1840;3536;2456
32392;2427;1934;1840;3526;2470
32432;2424;1934;1840;3530;2462
32472;2420;1934;1840;3538;2460
32512;2419;1933;1840;3605;2396
32542;2417;1934;1840;3618;2289
32582;2415;1935;1840;3634;2308
32622;2413;1936;1840;3622;2336
32652;2413;1936;1840;3585;2364
32692;2413;1937;1840;3544;2411
32732;2412;1937;1840;3510;2439
32772;2412;1937;1840;3475;2483
32812;2412;1937;1840;3430;2538
32842;2411;1937;1840;3377;2589
32882;2410;1937;1840;3334;2661
32922;2412;1937;1840;3308;2710
32962;2414;1937;1840;3283;2784
32992;2421;1938;1840;3275;2846
33022;2428;1938;1840;3278;2856
33062;2429;1938;1840;3289;2852
33102;2428;1938;1840;3295;2850
33142;2429;1938;1840;3302;2848
33182;2428;1938;1840;3303;2843
33222;2430;1938;1840;3305;2842
33262;2431;1938;1840;3302;2846
33272;2431;1938;1840;3300;2856
33322;2433;1938;1840;3285;2872
33362;2434;1938;1840;3270;2888
33402;2434;1939;1840;3268;2901
33442;2434;1939;1840;3263;2927
33472;2434;1939;1840;3268;2924
33482;2434;1939;1840;3269;2925
33522;2432;1939;1840;3271;2928
33562;2431;1939;1840;3271;2929
33592;2430;1939;1840;3272;2931
33632;2429;1939;1840;3276;2923
33662;2429;1938;1840;3280;2925
33702;2429;1938;1840;3282;2928
33742;2428;1938;1840;3282;2929
33772;2428;1938;1840;3281;2934
33812;2429;1938;1840;3273;2950
33852;2432;1937;1840;3274;2961
33892;2435;1937;1840;3270;2968
33932;2437;1937;1840;3259;2989
33972;2438;1936;1840;3262;2986
34012;2439;1936;1840;3269;2985
34042;2440;1936;1840;3269;2989
34082;2442;1936;1840;3261;3001
34122;2446;1936;1840;3233;3042
34152;2449;1936;1840;3224;3043
34192;2451;1936;1840;3203;3068
34222;2453;1936;1840;3186;3130
34262;2452;1936;1840;3169;3163
34302;2451;1936;1840;3172;3159
34342;2452;1937;1840;3144;3257
34372;2453;1937;1840;3131;3337
34402;2452;1937;1840;3119;3367
34452;2451;1937;1840;3126;3346
34492;2450;1937;1840;3126;3354
34522;2450;1937;1840;3119;3354
34562;2449;1937;1840;3128;3335
34602;2450;1937;1840;3131;3312
34642;2449;1937;1840;3142;3282
34672;2449;1937;1840;3159;3244
34682;2449;1937;1840;3161;3240
34722;2449;1937;1840;3171;3214
34762;2449;1937;1840;3194;3155
34792;2449;1936;1840;3226;3094
34832;2450;1936;1840;3244;3075
34862;2450;1936;1840;3256;3060
34932;2451;1936;1839;3287;3050
34972;2451;1936;1839;3298;3022
35022;2450;1936;1839;3300;3029
35062;2449;1936;1840;3292;3040
35092;2449;1936;1840;3282;3060
35132;2448;1936;1840;3215;3123
35172;2448;1936;1840;3189;3141
35212;2448;1936;1840;3195;3134
35242;2448;1936;1840;3186;3166
35272;2449;1936;1840;3128;3300
35312;2452;1936;1840;3096;3394
35352;2453;1936;1840;3106;3393
35392;2453;1936;1840;3112;3401
35432;2453;1936;1840;3121;3374
35472;2453;1936;1840;3137;3348
35512;2453;1936;1840;3151;3323
35542;2453;1936;1840;3154;3314
35582;2453;1936;1840;3157;3307
35622;2453;1936;1840;3169;3286
35652;2453;1936;1840;3194;3242
35692;2453;1934;1840;3217;3197
35732;2452;1934;1840;3230;3183
35772;2452;1934;1840;3236;3179
35812;2452;1934;1840;3240;3170
35842;2452;1934;1840;3240;3172
35882;2452;1934;1840;3241;3173
35922;2451;1934;1840;3243;3163
35932;2451;1934;1840;3244;3160
35982;2451;1933;1840;3248;3146
36012;2451;1933;1840;3247;3150
36062;2450;1933;1840;3252;3136
36102;2450;1933;1840;3262;3118
36142;2450;1933;1840;3267;3112
36182;2450;1933;1840;3268;3115
36222;2450;1933;1840;3269;3111
36252;2450;1933;1840;3283;3101
36262;2450;1933;1840;3284;3095
36292;2451;1932;1840;3293;3077
36332;2451;1932;1840;3299;3073
36372;2452;1933;1840;3306;3052
36402;2453;1934;1839;3323;3027
36442;2453;1935;1840;3340;2959
36482;2453;1936;1840;3400;2840
36522;2450;1936;1839;3439;2778
36552;2447;1937;1839;3479;2683
36562;2444;1938;1839;3484;2674
36592;2440;1938;1839;3480;2669
36632;2436;1938;1839;3475;2681
36672;2434;1938;1839;3511;2557
36712;2427;1938;1839;3549;2502
36742;2422;1939;1839;3547;2500
36772;2418;1940;1839;3544;2506
36812;2417;1941;1839;3540;2508
36842;2417;1941;1840;3570;2432
36852;2417;1941;1840;3580;2403
36892;2414;1948;1840;3576;2363
36932;2413;1952;1840;3592;2366
36972;2412;1955;1840;3589;2380
37012;2411;1957;1840;3567;2403
37052;2411;1958;1840;3529;2449
37082;2411;1958;1840;3489;2490
37122;2411;1958;1840;3414;2557
37152;2411;1958;1840;3364;2604
37192;2415;1958;1840;3305;2652
37222;2416;1958;1840;3288;2685
37262;2419;1958;1840;3268;2744
37302;2423;1959;1840;3256;2827
37342;2426;1959;1840;3258;2848
37422;2428;1959;1840;3269;2850
37492;2428;1959;1840;3275;2856
37522;2428;1959;1840;3277;2848
37562;2428;1959;1840;3278;2857
37602;2428;1959;1840;3273;2862
37642;2428;1959;1840;3282;2860
37672;2428;1959;1840;3279;2866
37712;2428;1960;1840;3277;2874
37752;2431;1960;1840;3261;2893
37792;2438;1960;1840;3260;2931
37832;2441;1960;1840;3252;2960
37872;2443;1960;1840;3253;2967
37902;2444;1960;1840;3255;2968
37932;2444;1960;1840;3251;2975
37962;2446;1960;1840;3251;2978
37972;2446;1960;1840;3250;2980
38012;2446;1960;1840;3247;2983
38052;2445;1960;1840;3248;2981
38092;2445;1960;1840;3251;2981
38132;2445;1960;1840;3251;2982
38172;2445;1960;1840;3247;2985
38212;2444;1960;1840;3247;2983
38242;2445;1959;1840;3249;2987
38272;2449;1959;1840;3223;3019
38312;2450;1959;1840;3221;3028
38352;2451;1959;1840;3217;3034
38392;2451;1959;1840;3217;3043
38422;2451;1959;1840;3220;3042
38462;2451;1959;1840;3216;3047
38502;2451;1959;1840;3217;3046
38542;2451;1960;1840;3220;3051
38582;2450;1960;1840;3215;3053
38622;2449;1960;1840;3210;3055
38652;2449;1960;1840;3212;3051
38692;2449;1960;1840;3208;3059
38722;2449;1960;1840;3209;3058
38762;2449;1960;1840;3209;3057
38802;2451;1960;1840;3191;3088
38842;2450;1960;1840;3185;3137
38882;2450;1960;1840;3173;3192
38922;2450;1960;1840;3180;3188
38962;2449;1960;1840;3180;3180
38992;2449;1960;1840;3182;3181
39022;2449;1960;1840;3184;3180
39062;2449;1960;1840;3187;3167
39102;2449;1960;1840;3191;3154
39142;2449;1960;1840;3193;3149
39182;2448;1960;1840;3193;3146
39222;2448;1960;1840;3193;3147
39262;2448;1960;1840;3192;3144
39292;2448;1960;1840;3194;3138
39332;2448;1960;1841;3201;3108
39372;2448;1959;1841;3211;3083
39402;2448;1959;1840;3229;3066
39442;2448;1959;1840;3243;3064
39482;2448;1959;1840;3242;3064
39522;2448;1959;1840;3240;3061
39562;2448;1959;1840;3240;3063
39592;2448;1959;1840;3238;3060
39632;2448;1959;1840;3228;3059
39672;2447;1959;1840;3221;3064
39712;2447;1959;1840;3215;3067
39742;2447;1959;1840;3212;3067
39772;2447;1959;1840;3206;3068
39812;2448;1959;1840;3183;3072
39852;2449;1959;1840;3181;3078
39892;2449;1959;1840;3183;3075
39932;2448;1959;1840;3185;3070
39972;2448;1959;1840;3186;3066
40012;2448;1959;1840;3186;3071
40022;2448;1959;1840;3185;3075
40072;2447;1959;1840;3183;3078
40112;2447;1959;1840;3184;3088
40142;2448;1959;1840;3160;3125
40192;2447;1959;1840;3149;3148
40222;2447;1959;1840;3148;3145
40262;2447;1960;1840;3153;3150
40302;2447;1960;1840;3155;3154
40342;2448;1960;1840;3151;3166
40372;2449;1960;1840;3155;3160
40412;2449;1960;1840;3156;3161
40452;2449;1960;1840;3157;3153
40492;2449;1960;1840;3160;3135
40522;2449;1960;1840;3165;3134
40562;2449;1960;1840;3165;3131
40602;2449;1960;1840;3172;3118
40642;2449;1960;1840;3182;3082
40682;2451;1960;1840;3198;3056
40722;2451;1960;1840;3223;3047
40762;2451;1960;1840;3235;3043
40792;2450;1960;1840;3238;3042
40832;2450;1960;1840;3240;3030
40872;2450;1960;1840;3246;3027
40902;2450;1960;1840;3249;3034
40942;2450;1960;1840;3243;3036
40982;2449;1960;1840;3245;3036
41042;2449;1960;1840;3246;3042
41082;2449;1960;1840;3256;3039
41132;2449;1960;1840;3266;3037
41172;2449;1960;1840;3272;3031
41212;2449;1960;1840;3278;3027
41242;2449;1960;1840;3284;3024
41342;2449;1960;1840;3289;3019
41392;2449;1960;1840;3293;3021
41432;2449;1960;1840;3299;3020
41472;2449;1960;1840;3303;3021
41512;2449;1960;1840;3311;3008
41542;2449;1960;1840;3316;2998
41582;2449;1960;1840;3319;2988
41622;2449;1960;1840;3325;2979
41652;2449;1960;1840;3328;2969
41692;2450;1960;1840;3341;2964
41732;2450;1960;1840;3345;2962
41772;2450;1960;1840;3347;2959
41812;2451;1960;1840;3353;2952
41842;2451;1960;1840;3358;2939
41882;2451;1960;1840;3361;2931
41922;2450;1960;1840;3368;2923
41962;2450;1959;1840;3374;2910
41992;2450;1959;1840;3377;2903
42022;2450;1959;1840;3379;2902
42062;2450;1959;1840;3376;2903
42102;2450;1959;1841;3373;2902
42142;2450;1959;1840;3370;2905
42182;2450;1959;1840;3368;2921
42242;2449;1959;1840;3340;2946
42282;2449;1959;1840;3333;2950
42332;2449;1959;1840;3309;2973
42372;2448;1960;1840;3270;3032
42392;2448;1960;1840;3268;3046
42442;2448;1960;1840;3234;3075
42472;2448;1960;1840;3209;3090
42512;2449;1960;1840;3149;3139
42552;2450;1960;1840;3132;3178
42592;2450;1960;1840;3136;3179
42632;2451;1960;1840;3082;3303
42672;2452;1960;1840;3047;3431
42712;2452;1960;1840;3055;3421
42742;2452;1960;1840;3066;3416
42772;2452;1960;1840;3074;3413
42812;2452;1960;1840;3081;3412
42852;2452;1960;1840;3093;3400
42892;2451;1960;1840;3121;3353
42932;2451;1960;1840;3159;3297
42972;2451;1959;1840;3179;3267
43012;2452;1959;1840;3204;3238
43042;2453;1959;1840;3225;3214
43082;2454;1948;1840;3274;3113
43122;2452;1942;1840;3316;3030
43152;2453;1940;1840;3399;2897
43192;2454;1941;1840;3507;2680
43232;2449;1941;1840;3516;2674
43272;2446;1942;1840;3499;2700
43312;2445;1942;1840;3491;2696
43342;2445;1942;1840;3485;2698
43382;2444;1942;1840;3481;2710
43422;2443;1941;1839;3493;2696
43462;2441;1940;1840;3557;2589
43492;2437;1940;1840;3562;2583
43522;2436;1940;1840;3553;2591
43562;2435;1940;1840;3529;2613
43602;2434;1940;1840;3458;2672
43642;2433;1940;1840;3345;2813
43682;2436;1941;1840;3284;2885
43722;2443;1942;1840;3253;2979
43762;2445;1942;1839;3252;3005
43792;2446;1942;1839;3254;3014
43832;2446;1943;1839;3253;3016
43872;2446;1943;1840;3252;3010
43902;2446;1944;1840;3254;3002
43942;2445;1944;1840;3255;3011
43982;2445;1944;1840;3256;3007
44022;2445;1944;1840;3252;3008
44062;2445;1944;1840;3258;3009
44102;2445;1944;1840;3262;3009
44132;2445;1944;1840;3262;3002
44172;2445;1944;1840;3267;3002
44212;2445;1944;1840;3264;3002
44252;2444;1944;1840;3266;2993
44322;2444;1944;1840;3298;2939
44362;2444;1943;1840;3316;2921
44392;2442;1943;1840;3342;2895
44432;2442;1942;1840;3377;2866
44472;2442;1942;1840;3379;2866
44512;2442;1942;1840;3379;2862
44542;2442;1942;1840;3383;2860
44582;2443;1942;1840;3414;2831
44622;2442;1942;1840;3425;2819
44652;2442;1942;1840;3447;2791
44692;2441;1942;1840;3474;2763
44722;2440;1942;1840;3477;2762
44762;2440;1942;1840;3467;2771
44802;2440;1942;1840;3454;2789
44842;2439;1941;1840;3435;2810
44872;2439;1941;1840;3418;2831
44912;2438;1941;1840;3389;2856
44952;2438;1941;1840;3370;2870
44992;2438;1941;1840;3363;2875
45022;2438;1941;1840;3361;2874
45032;2439;1941;1840;3361;2876
45082;2439;1941;1840;3352;2879
45122;2439;1941;1840;3361;2877
45182;2438;1941;1840;3366;2879
45222;2438;1941;1840;3369;2881
45262;2438;1941;1839;3369;2881
45302;2438;1941;1840;3366;2890
45332;2438;1941;1840;3362;2893
45372;2439;1941;1840;3353;2903
45402;2439;1941;1840;3348;2908
45442;2441;1941;1840;3347;2915
45482;2442;1941;1840;3347;2919
45522;2442;1942;1840;3346;2920
45562;2441;1942;1840;3346;2924
45592;2441;1942;1840;3347;2923
45632;2441;1942;1840;3346;2926
45672;2441;1942;1840;3349;2919
45712;2441;1942;1840;3349;2922
45742;2441;1942;1840;3349;2921
45772;2441;1942;1840;3352;2923
45812;2441;1942;1840;3339;2936
45852;2442;1942;1840;3301;2987
45892;2441;1942;1840;3303;2982
45922;2441;1942;1840;3302;2982
45962;2440;1942;1840;3302;2976
46002;2440;1942;1840;3291;2986
46042;2441;1942;1840;3293;2985
46082;2440;1942;1840;3296;2992
46122;2440;1942;1840;3296;2991
46152;2440;1941;1840;3297;2983
46192;2441;1941;1840;3298;2987
46232;2441;1942;1840;3298;2984
46272;2441;1942;1840;3299;2993
46312;2442;1942;1840;3294;3002
46352;2442;1942;1840;3285;2999
46382;2443;1942;1840;3295;2998
46422;2443;1942;1840;3291;2999
46462;2445;1942;1840;3288;3002
46492;2445;1942;1840;3286;3002
46522;2446;1942;1840;3286;3000
46562;2446;1942;1840;3289;3003
46602;2445;1942;1840;3288;3003
46642;2445;1942;1840;3291;2995
46682;2445;1942;1840;3291;2999
46722;2445;1942;1840;3290;2994
46762;2445;1942;1840;3293;2981
46802;2445;1942;1840;3299;2962
46832;2444;1943;1840;3300;2950
46872;2444;1943;1840;3310;2941
46902;2444;1944;1840;3312;2933
46942;2444;1944;1840;3314;2935
46982;2444;1943;1840;3307;2937
47022;2444;1943;1840;3299;2954
47062;2443;1943;1840;3294;2969
47092;2443;1943;1840;3276;2987
47132;2447;1943;1840;3218;3048
47172;2448;1943;1840;3219;3052
47212;2450;1943;1840;3204;3090
47252;2450;1943;1840;3206;3088
47282;2451;1943;1840;3196;3102
47322;2450;1942;1840;3189;3111
47362;2450;1942;1840;3191;3110
47402;2450;1942;1840;3191;3106
47432;2450;1943;1840;3193;3101
47472;2450;1943;1840;3191;3108
47512;2450;1943;1840;3192;3102
47552;2450;1943;1840;3192;3099
47582;2450;1943;1840;3197;3092
47622;2450;1943;1840;3201;3081
47662;2450;1943;1840;3209;3070
47692;2450;1943;1840;3215;3066
47732;2450;1943;1840;3231;3043
47772;2450;1943;1840;3244;3021
47812;2450;1943;1840;3256;2997
47852;2451;1944;1840;3275;2973
47882;2450;1944;1840;3283;2964
47922;2449;1944;1840;3290;2958
47962;2447;1944;1840;3295;2958
48002;2446;1944;1840;3312;2946
48082;2446;1944;1840;3335;2924
48122;2446;1944;1839;3350;2923
48162;2446;1944;1839;3379;2901
48242;2446;1944;1840;3403;2876
48282;2446;1944;1840;3406;2873
48322;2446;1944;1840;3410;2871
48362;2445;1944;1840;3404;2879
48402;2445;1944;1840;3402;2892
48442;2445;1944;1840;3389;2898
48472;2445;1944;1840;3381;2908
48512;2445;1944;1840;3354;2946
48552;2444;1944;1840;3320;2979
48592;2447;1944;1840;3279;3039
48622;2448;1944;1840;3273;3043
48662;2450;1944;1840;3272;3048
48702;2451;1945;1840;3218;3097
48742;2451;1945;1840;3212;3101
48772;2451;1945;1840;3215;3104
48812;2451;1945;1840;3185;3168
48852;2451;1944;1840;3187;3178
48892;2452;1944;1840;3169;3223
48922;2452;1944;1840;3169;3250
48962;2451;1944;1840;3170;3257
49002;2451;1944;1840;3173;3247
49042;2451;1944;1840;3175;3244
49072;2450;1944;1840;3177;3230
49112;2450;1944;1840;3189;3207
49152;2450;1944;1840;3199;3195
49192;2450;1944;1840;3222;3166
49222;2450;1944;1840;3243;3135
49262;2451;1942;1840;3281;3070
49272;2451;1941;1840;3291;3059
49322;2451;1941;1840;3312;3034
49442;2451;1939;1840;3338;3008
49482;2450;1939;1840;3338;3002
49522;2450;1936;1840;3339;3000
49562;2450;1935;1840;3335;3003
49602;2450;1935;1840;3335;3004
49642;2450;1935;1840;3335;3006
49672;2450;1935;1840;3335;3011
49712;2450;1935;1840;3336;3012
49752;2450;1935;1840;3339;3009
49792;2450;1935;1840;3338;3000
49822;2450;1936;1840;3337;2997
49862;2451;1938;1840;3342;2989
49902;2451;1938;1840;3346;2980
49942;2451;1937;1840;3347;2968
49972;2451;1938;1840;3345;2962
50012;2451;1938;1840;3350;2955
50052;2451;1937;1840;3351;2959
50072;2451;1937;1840;3352;2961
50092;2451;1938;1840;3350;2965
50122;2451;1938;1840;3350;2972
50162;2451;1938;1840;3351;2976
50202;2451;1938;1840;3349;2980
50242;2451;1939;1840;3347;2990
50272;2451;1939;1840;3342;2996
50312;2451;1939;1840;3341;2998
50342;2451;1939;1840;3340;3000
50382;2451;1939;1840;3339;3002
50452;2451;1939;1840;3335;3013
50492;2451;1940;1840;3336;3014
50532;2451;1940;1840;3333;3017
50572;2451;1940;1840;3334;3017
50612;2451;1940;1840;3332;3022
50652;2451;1940;1840;3332;3021
50692;2451;1940;1840;3333;3019
50722;2451;1940;1840;3334;3020
50762;2451;1940;1840;3332;3020
50802;2451;1940;1840;3334;3022
50842;2451;1940;1840;3334;3019
50872;2451;1940;1840;3334;3020
50912;2451;1940;1840;3308;3045
50952;2451;1938;1840;3277;3091
50992;2451;1939;1840;3267;3099
51022;2451;1940;1840;3270;3098
51062;2451;1941;1840;3269;3104
51092;2451;1942;1840;3264;3106
51132;2451;1943;1840;3264;3110
51172;2451;1943;1840;3262;3115
51212;2451;1943;1840;3262;3116
51252;2450;1942;1840;3241;3137
51292;2449;1941;1840;3206;3174
51322;2449;1940;1840;3207;3175
51362;2449;1940;1840;3209;3173
51402;2449;1939;1840;3213;3170
51442;2449;1939;1840;3216;3168
51472;2449;1939;1840;3207;3175
51512;2448;1939;1839;3217;3170
51542;2448;1939;1839;3218;3170
51592;2448;1939;1839;3225;3164
51622;2448;1939;1839;3235;3149
51662;2448;1939;1839;3238;3137
51702;2448;1940;1839;3248;3120
51742;2448;1940;1840;3266;3111
51772;2448;1940;1840;3271;3109
51812;2448;1940;1840;3275;3094
51842;2448;1941;1840;3300;3069
51882;2448;1942;1840;3318;3044
51922;2448;1942;1840;3330;3027
51972;2449;1942;1840;3351;3013
52012;2450;1943;1840;3356;3010
52042;2450;1943;1840;3358;3015
52082;2451;1943;1840;3360;3013
52122;2451;1943;1840;3362;3021
52162;2451;1943;1840;3360;3019
52192;2451;1943;1840;3358;3014
52232;2451;1943;1840;3360;3013
52272;2451;1943;1840;3356;3014
52312;2451;1943;1840;3354;3022
52352;2451;1943;1840;3353;3019
52382;2451;1943;1840;3351;3020
52422;2450;1943;1840;3350;3018
52462;2450;1943;1840;3349;3021
52502;2450;1943;1840;3347;3015
52532;2451;1943;1840;3348;3016
52562;2451;1943;1840;3346;3018
52602;2451;1943;1840;3349;3017
52642;2450;1942;1840;3348;3018
52682;2450;1942;1840;3348;3014
52722;2450;1942;1840;3349;3013
52762;2450;1942;1840;3352;3013
52792;2450;1942;1840;3351;3014
52832;2450;1942;1840;3350;3017
52872;2450;1942;1840;3350;3018
52912;2450;1942;1840;3351;3020
52942;2450;1942;1840;3353;3019
52982;2450;1942;1840;3355;3017
53022;2450;1943;1840;3355;3019
53062;2450;1943;1840;3354;3023
53102;2450;1943;1840;3354;3023
53132;2450;1943;1840;3357;3025
53172;2450;1943;1840;3346;3039
53212;2450;1943;1840;3336;3051
53242;2450;1943;1840;3324;3063
53272;2450;1943;1840;3308;3078
53302;2450;1943;1840;3302;3079
53342;2450;1943;1840;3307;3080
53382;2449;1943;1840;3300;3098
53432;2449;1943;1840;3293;3104
53472;2449;1943;1840;3294;3108
53512;2449;1943;1840;3299;3106
53542;2449;1943;1840;3300;3107
53582;2449;1943;1840;3300;3107
53622;2449;1943;1840;3305;3098
53662;2449;1943;1840;3309;3094
53702;2449;1943;1840;3310;3091
53732;2449;1943;1840;3311;3092
53772;2449;1943;1840;3315;3090
53812;2449;1943;1840;3316;3085
53852;2449;1943;1840;3319;3085
53882;2449;1943;1840;3322;3084
53922;2449;1943;1840;3329;3076
53962;2449;1943;1840;3331;3074
54002;2449;1943;1840;3330;3073
54032;2449;1943;1840;3332;3073
54072;2449;1943;1840;3329;3075
54112;2449;1943;1840;3332;3074
54142;2448;1943;1840;3335;3070
54172;2448;1943;1840;3339;3068
54212;2448;1943;1840;3338;3067
54252;2448;1943;1840;3337;3067
54292;2448;1944;1840;3339;3071
54332;2448;1944;1840;3339;3070
54372;2448;1944;1840;3338;3064
54412;2448;1943;1840;3339;3066
54452;2448;1943;1840;3341;3062
54482;2448;1943;1840;3339;3067
54522;2448;1943;1840;3336;3064
54562;2448;1943;1839;3336;3061
54652;2448;1943;1839;3335;3061
54712;2448;1943;1839;3336;3062
54752;2448;1943;1840;3337;3061
54782;2448;1943;1840;3337;3059
54822;2448;1943;1840;3336;3062
54862;2448;1943;1840;3337;3058
54902;2448;1943;1840;3339;3055
54932;2448;1943;1840;3337;3057
54972;2449;1943;1840;3336;3055
55012;2449;1943;1840;3337;3056
55052;2449;1943;1840;3342;3046
55082;2449;1943;1840;3345;3043
55122;2449;1942;1840;3351;3028
55162;2449;1942;1840;3347;3033
55192;2449;1942;1840;3346;3037
55232;2449;1942;1840;3343;3037
55272;2449;1942;1840;3340;3038
55312;2449;1942;1840;3334;3041
55352;2449;1943;1840;3331;3039
55382;2449;1943;1840;3332;3039
55422;2449;1943;1840;3326;3042
55452;2449;1943;1840;3324;3042
55492;2448;1943;1840;3321;3040
55532;2448;1943;1840;3329;3037
55572;2448;1943;1840;3328;3035
55612;2448;1943;1840;3322;3041
55652;2448;1943;1840;3319;3042
55682;2448;1943;1840;3320;3041
55722;2448;1943;1840;3321;3041
55762;2448;1943;1840;3325;3041
55792;2448;1943;1840;3326;3040
55832;2448;1943;1840;3332;3043
55872;2448;1943;1840;3324;3044
55912;2448;1943;1840;3326;3046
55942;2448;1943;1840;3326;3046
55972;2448;1943;1840;3330;3047
56012;2448;1943;1840;3333;3046
56052;2448;1943;1840;3341;3045
56092;2448;1943;1840;3340;3043
56132;2448;1943;1840;3343;3043
56172;2448;1943;1840;3344;3037
56212;2448;1942;1840;3346;3036
56252;2448;1942;1840;3346;3038
56282;2448;1942;1840;3346;3038
56322;2448;1942;1840;3348;3037
56362;2448;1942;1840;3349;3037
56402;2448;1941;1840;3349;3034
56432;2448;1941;1840;3350;3035
56472;2448;1941;1840;3348;3035
56512;2448;1941;1841;3347;3035
56552;2448;1941;1840;3347;3036
56582;2448;1940;1840;3348;3036
56622;2448;1940;1840;3347;3034
56662;2448;1940;1840;3348;3033
56702;2448;1940;1840;3348;3034
56732;2448;1940;1840;3350;3031
56772;2448;1940;1840;3349;3034
56812;2448;1940;1840;3348;3034
56842;2448;1940;1840;3351;3032
56882;2448;1940;1840;3353;3031
56922;2448;1940;1840;3353;3030
56962;2448;1940;1840;3353;3032
57002;2448;1940;1840;3348;3036
57032;2449;1940;1840;3347;3040
57072;2449;1940;1840;3347;3042
57112;2449;1940;1840;3347;3044
57142;2449;1940;1840;3347;3046
57182;2448;1940;1840;3344;3047
57222;2448;1940;1840;3344;3047
57262;2448;1940;1840;3348;3044
57302;2448;1940;1840;3348;3044
57332;2448;1940;1840;3349;3048
57372;2448;1940;1840;3347;3054
57412;2448;1940;1840;3337;3059
57452;2448;1940;1840;3328;3062
57482;2448;1940;1840;3323;3065
57522;2448;1940;1840;3317;3071
57562;2448;1940;1840;3309;3083
57592;2448;1940;1840;3306;3085
57632;2448;1940;1840;3303;3084
57672;2448;1940;1840;3298;3090
57712;2448;1940;1840;3293;3098
57752;2448;1940;1840;3288;3104
57782;2448;1940;1840;3287;3108
57822;2448;1940;1840;3282;3108
57862;2448;1940;1840;3284;3108
57902;2448;1940;1840;3286;3109
57972;2448;1941;1840;3281;3113
58012;2448;1941;1840;3283;3116
58052;2448;1941;1840;3274;3122
58132;2448;1941;1840;3278;3130
58172;2448;1941;1840;3273;3124
58292;2448;1941;1840;3275;3124
58332;2448;1941;1840;3273;3127
58372;2448;1941;1840;3275;3120
58412;2448;1941;1840;3274;3117
58452;2448;1941;1840;3270;3122
58492;2448;1941;1840;3257;3137
58522;2448;1941;1840;3251;3138
58562;2448;1941;1840;3251;3139
58602;2448;1941;1840;3257;3138
58642;2448;1941;1840;3261;3128
58672;2448;1941;1840;3263;3118
58712;2448;1941;1840;3271;3114
58752;2448;1941;1840;3286;3103
58792;2448;1941;1840;3301;3091
58822;2448;1940;1840;3308;3076
58862;2448;1940;1840;3312;3070
58902;2448;1940;1840;3315;3053
58942;2448;1939;1840;3320;3052
58972;2448;1940;1840;3324;3051
59012;2448;1940;1840;3327;3054
59052;2448;1940;1840;3339;3039
59092;2449;1940;1840;3355;3034
59122;2450;1940;1840;3359;3024
59162;2451;1941;1840;3362;3023
59202;2451;1940;1840;3355;3015
59242;2452;1940;1840;3351;3017
59272;2452;1939;1840;3351;3012
59312;2452;1940;1840;3352;3010
59352;2452;1940;1840;3349;3008
59392;2452;1940;1840;3348;3007
59422;2452;1940;1840;3338;3010
59462;2451;1940;1840;3341;3014
59502;2451;1940;1840;3342;3011
59542;2451;1940;1840;3335;3018
59572;2451;1940;1840;3319;3035
59612;2450;1941;1840;3295;3076
59652;2449;1942;1840;3287;3092
59692;2449;1943;1840;3281;3098
59722;2449;1943;1840;3266;3110
59762;2449;1943;1840;3259;3123
59802;2449;1943;1840;3264;3116
59842;2448;1943;1840;3259;3123
59872;2449;1943;1840;3261;3114
59912;2449;1943;1840;3262;3109
59952;2449;1943;1840;3268;3106
59992;2449;1943;1840;3271;3101
60022;2449;1943;1840;3272;3093
60062;2449;1943;1840;3280;3084
60102;2449;1944;1840;3296;3064
60142;2448;1944;1840;3311;3046
60172;2448;1944;1840;3320;3035
60212;2448;1943;1840;3319;3036
60252;2448;1943;1840;3317;3045
60292;2448;1943;1840;3318;3046
60322;2448;1943;1840;3320;3045
60362;2448;1943;1840;3321;3046
60402;2448;1943;1840;3321;3046
60442;2449;1943;1840;3321;3053
60472;2449;1943;1840;3320;3052
60512;2449;1943;1840;3322;3049
60552;2449;1943;1840;3323;3045
60592;2449;1943;1840;3318;3045
60622;2449;1943;1840;3319;3044
60662;2449;1943;1840;3318;3044
60702;2449;1943;1840;3315;3044
60742;2449;1944;1840;3316;3042
60772;2448;1943;1840;3318;3042
60812;2448;1943;1840;3320;3037
60852;2448;1943;1840;3324;3037
60892;2448;1943;1840;3327;3044
60922;2448;1943;1840;3325;3048
60962;2448;1943;1840;3328;3047
61002;2448;1943;1840;3327;3049
61042;2448;1944;1840;3335;3048
61072;2448;1944;1840;3337;3048
61112;2448;1944;1840;3341;3054
61152;2448;1944;1840;3338;3053
61192;2448;1944;1840;3338;3055
61222;2448;1944;1840;3337;3056
61262;2448;1943;1840;3338;3054
61302;2448;1943;1840;3343;3055
61342;2448;1943;1840;3346;3054
61372;2448;1943;1840;3345;3055
61412;2448;1943;1840;3346;3054
61452;2448;1943;1841;3346;3052
61492;2448;1943;1841;3348;3052
61522;2448;1943;1841;3349;3046
61562;2448;1943;1840;3349;3044
61602;2448;1943;1840;3351;3044
61642;2448;1943;1840;3351;3043
61672;2448;1943;1840;3353;3043
61712;2448;1943;1840;3353;3034
61752;2448;1944;1840;3359;3034
61792;2448;1944;1840;3363;3034
61822;2448;1944;1840;3362;3039
61862;2448;1944;1840;3358;3044
61902;2448;1944;1840;3357;3048
61942;2448;1944;1840;3356;3044
61972;2448;1944;1840;3359;3044
62012;2448;1944;1840;3358;3053
62052;2448;1944;1840;3357;3052
62092;2448;1944;1840;3359;3052
62122;2448;1944;1840;3349;3067
62162;2448;1944;1840;3347;3072
62202;2448;1944;1840;3352;3059
62242;2448;1944;1840;3357;3056
62272;2448;1944;1840;3358;3057
62312;2448;1944;1840;3358;3061
62352;2448;1944;1840;3354;3059
62392;2448;1944;1840;3349;3055
62422;2448;1944;1840;3350;3054
62462;2448;1944;1840;3348;3062
62502;2448;1944;1840;3350;3061
62542;2448;1944;1840;3345;3070
62572;2448;1944;1840;3349;3070
62622;2448;1944;1840;3349;3063
62662;2449;1944;1840;3348;3064
62752;2451;1940;1840;3245;3155
62812;2451;1939;1840;3233;3174
62852;2450;1939;1840;3234;3165
62882;2450;1940;1840;3229;3179
62922;2450;1940;1840;3227;3178
62962;2450;1941;1840;3231;3169
62992;2449;1941;1840;3235;3160
63032;2449;1941;1840;3241;3146
63072;2449;1941;1840;3246;3141
63112;2449;1941;1840;3250;3140
63142;2449;1941;1840;3251;3136
63182;2448;1941;1840;3249;3138
63222;2449;1941;1840;3252;3132
63262;2449;1941;1840;3258;3133
63302;2449;1941;1840;3255;3127
63332;2449;1941;1840;3259;3125
63372;2449;1941;1840;3264;3124
63402;2449;1941;1840;3267;3120
63442;2449;1941;1840;3266;3125
63482;2449;1941;1840;3269;3123
63552;2449;1941;1840;3299;3094
63592;2449;1940;1840;3327;3057
63632;2448;1939;1840;3333;3050
63672;2448;1939;1840;3336;3048
63722;2448;1939;1840;3339;3053
63762;2448;1939;1840;3341;3054
63812;2449;1940;1840;3345;3052
63852;2449;1940;1840;3345;3057
63892;2449;1940;1840;3344;3061
63922;2448;1940;1840;3345;3060
63962;2448;1940;1840;3345;3059
64002;2448;1940;1840;3340;3063
64042;2448;1940;1840;3340;3062
64082;2448;1940;1840;3342;3060
64122;2448;1940;1840;3343;3060
64162;2448;1940;1840;3341;3063
64192;2448;1940;1840;3343;3061
64232;2447;1939;1840;3345;3061
64272;2447;1940;1840;3348;3060
64312;2447;1940;1840;3349;3061
64352;2447;1941;1840;3347;3060
64432;2447;1941;1840;3347;3058
64472;2448;1941;1840;3346;3060
64512;2448;1941;1840;3348;3062
64552;2448;1941;1840;3349;3060
64592;2448;1941;1840;3348;3059
64632;2448;1941;1840;3352;3057
64672;2448;1941;1840;3354;3060
64712;2448;1941;1840;3355;3059
64752;2448;1941;1840;3353;3057
64792;2448;1941;1840;3350;3053
64822;2448;1941;1840;3350;3046
64862;2448;1941;1840;3346;3048
64902;2448;1941;1840;3347;3049
64942;2448;1941;1840;3348;3052
64972;2447;1941;1840;3351;3054
65012;2447;1941;1840;3351;3056
65052;2447;1941;1840;3349;3058
65092;2448;1941;1840;3344;3062
65122;2447;1941;1840;3345;3065
65162;2447;1941;1840;3341;3065
65202;2447;1941;1840;3343;3062
65242;2447;1941;1840;3339;3063
65292;2447;1941;1840;3336;3064
65332;2448;1941;1840;3331;3063
65372;2448;1941;1840;3328;3065
65412;2448;1941;1840;3327;3065
65492;2448;1941;1840;3317;3074
65532;2448;1941;1840;3317;3076
36;2448;1941;1840;3314;3077
76;2448;1941;1840;3313;3084
116;2448;1941;1840;3304;3087
156;2448;1941;1840;3306;3084
186;2448;1941;1840;3302;3084
226;2448;1942;1840;3304;3090
266;2448;1942;1840;3304;3089
306;2448;1942;1840;3306;3087
336;2448;1942;1840;3303;3088
376;2448;1942;1840;3302;3085
416;2448;1942;1840;3304;3088
456;2448;1942;1840;3306;3080
486;2448;1942;1840;3302;3080
526;2448;1942;1840;3298;3078
566;2448;1942;1840;3300;3080
606;2448;1942;1840;3300;3081
636;2448;1942;1840;3299;3081
676;2448;1942;1840;3296;3083
716;2448;1942;1840;3296;3084
756;2448;1942;1840;3288;3093
786;2448;1942;1840;3265;3098
826;2448;1941;1840;3183;3182
866;2450;1943;1840;3153;3272
906;2451;1944;1840;3158;3286
936;2451;1944;1840;3174;3281
976;2451;1944;1840;3187;3269
1016;2451;1944;1840;3198;3244
1056;2451;1944;1840;3207;3236
1086;2450;1944;1840;3206;3236
1126;2450;1944;1840;3205;3243
1166;2450;1944;1840;3204;3242
1206;2450;1944;1840;3202;3239
1236;2450;1944;1840;3201;3242
1276;2450;1944;1840;3204;3246
1316;2450;1944;1840;3202;3244
1356;2450;1944;1840;3205;3238
1386;2450;1944;1840;3207;3236
1426;2450;1944;1840;3209;3243
1466;2450;1943;1840;3208;3246
1506;2450;1943;1840;3206;3250
1536;2450;1943;1840;3206;3247
1576;2450;1942;1840;3201;3247
1616;2450;1942;1840;3198;3253
1656;2450;1941;1840;3197;3258
1686;2450;1940;1840;3196;3254
1726;2450;1940;1840;3196;3251
1756;2450;1940;1840;3198;3250
1796;2450;1940;1840;3203;3244
1836;2450;1940;1840;3204;3239
1876;2450;1940;1840;3207;3237
1916;2450;1941;1840;3209;3235
1956;2450;1940;1840;3205;3240
1986;2450;1939;1840;3201;3245
2026;2450;1939;1840;3191;3258
2066;2450;1940;1840;3178;3284
2106;2450;1943;1840;3173;3289
2136;2451;1947;1839;3169;3292
2176;2451;1950;1839;3171;3293
2216;2451;1952;1840;3174;3293
2256;2450;1953;1840;3176;3289
2286;2450;1954;1840;3178;3290
2326;2449;1954;1840;3185;3282
2366;2449;1954;1840;3188;3277
2386;2449;1954;1840;3191;3270
2436;2450;1954;1840;3193;3281
2476;2450;1954;1840;3196;3270
2506;2450;1954;1840;3201;3270
2546;2450;1955;1840;3210;3255
2586;2450;1955;1840;3215;3254
2626;2450;1955;1840;3215;3244
2666;2450;1955;1840;3236;3223
2706;2450;1955;1840;3257;3193
2736;2450;1955;1840;3267;3183
2776;2451;1955;1840;3281;3149
2816;2452;1955;1840;3308;3108
2856;2453;1955;1840;3340;3028
2886;2453;1955;1840;3350;3001
2926;2452;1955;1840;3358;2990
2966;2452;1955;1840;3359;2990
3006;2450;1954;1840;3361;2992
3036;2449;1955;1840;3362;2993
3076;2449;1955;1840;3363;2995
3116;2449;1955;1840;3362;2989
3156;2449;1955;1840;3364;2992
3186;2449;1955;1840;3364;2996
3226;2449;1955;1840;3363;2997
3256;2449;1955;1840;3365;2998
3296;2449;1955;1840;3364;3000
3336;2449;1955;1840;3362;3002
3376;2449;1955;1840;3361;3004
3416;2449;1955;1840;3358;3012
3456;2449;1956;1840;3346;3037
3486;2448;1956;1840;3325;3055
3526;2448;1956;1840;3303;3071
3566;2448;1956;1840;3304;3071
3606;2448;1956;1840;3305;3073
3636;2448;1956;1840;3304;3072
3676;2448;1956;1840;3306;3073
3716;2448;1956;1840;3332;3043
3756;2448;1956;1840;3343;3020
3786;2448;1956;1840;3346;3018
3826;2448;1956;1840;3348;3011
3866;2449;1956;1840;3396;2836
3906;2449;1956;1840;3412;2809
3936;2448;1956;1840;3399;2826
3976;2447;1956;1840;3389;2839
4006;2445;1956;1840;3385;2852
4046;2444;1956;1839;3374;2872
4086;2444;1957;1840;3344;2920
4126;2444;1957;1840;3337;2929
4166;2444;1957;1840;3339;2926
4206;2444;1957;1840;3341;2929
4236;2444;1957;1840;3334;2933
4276;2444;1957;1840;3301;2957
4316;2446;1957;1840;3277;2993
4356;2449;1957;1840;3241;3032
4386;2451;1957;1840;3189;3147
4426;2454;1957;1840;3166;3383
4466;2453;1957;1840;3152;3434
4506;2453;1957;1840;3158;3410
4536;2453;1957;1840;3167;3396
4576;2453;1957;1840;3177;3378
4616;2453;1957;1840;3184;3366
4656;2452;1957;1840;3197;3329
4686;2452;1957;1840;3209;3296
4726;2452;1957;1840;3221;3275
4756;2452;1957;1840;3228;3251
4796;2452;1957;1840;3246;3203
4836;2452;1957;1840;3273;3144
4876;2452;1957;1840;3283;3097
4916;2454;1957;1841;3312;3042
4956;2451;1957;1841;3338;2980
4986;2452;1957;1840;3357;2942
5026;2451;1957;1840;3396;2849
5066;2449;1957;1840;3448;2775
5106;2449;1957;1840;3456;2720
5136;2448;1957;1840;3454;2724
5176;2447;1957;1840;3450;2734
5216;2446;1957;1840;3445;2755
5256;2445;1957;1840;3411;2806
5286;2444;1957;1840;3381;2833
5326;2444;1957;1840;3350;2856
5366;2444;1957;1840;3343;2871
5406;2444;1957;1840;3347;2863
5436;2444;1957;1840;3349;2863
5466;2444;1957;1840;3350;2866
5506;2444;1957;1840;3347;2870
5546;2444;1957;1840;3345;2876
5596;2444;1957;1840;3334;2881
5636;2444;1957;1840;3322;2891
5676;2443;1957;1840;3320;2904
5706;2443;1957;1840;3318;2909
5746;2443;1957;1840;3324;2900
5786;2443;1957;1840;3345;2866
5826;2443;1957;1840;3358;2858
5856;2443;1957;1840;3356;2866
5896;2443;1957;1840;3345;2877
5936;2443;1957;1840;3330;2892
5976;2443;1957;1840;3320;2905
6006;2443;1957;1840;3317;2907
6046;2443;1958;1840;3308;2922
6086;2443;1958;1840;3300;2931
6126;2443;1958;1840;3301;2934
6156;2443;1958;1840;3300;2939
6196;2443;1958;1840;3298;2941
6226;2443;1958;1840;3295;2946
6266;2445;1958;1840;3283;2964
6306;2447;1958;1840;3264;2985
6346;2446;1958;1840;3260;2983
6386;2446;1958;1840;3265;2981
6426;2446;1958;1840;3262;2988
6466;2446;1958;1840;3258;2981
6496;2446;1958;1840;3257;2980
6536;2446;1958;1840;3265;2973
6576;2445;1958;1840;3266;2969
6606;2446;1958;1840;3272;2964
6646;2446;1958;1840;3270;2972
6686;2445;1958;1840;3271;2969
6726;2445;1958;1840;3275;2959
6766;2445;1958;1840;3316;2907
6796;2445;1958;1840;3334;2898
6836;2445;1958;1840;3335;2906
6876;2444;1958;1840;3330;2920
6916;2444;1958;1840;3309;2962
6946;2444;1958;1840;3284;2987
6976;2444;1958;1840;3282;2993
7016;2444;1958;1840;3290;2986
7056;2444;1958;1840;3291;2981
7096;2444;1958;1840;3299;2981
7136;2444;1958;1840;3303;2979
7176;2444;1958;1840;3310;2968
7206;2444;1958;1840;3317;2959
7246;2444;1958;1840;3326;2944
7316;2443;1958;1840;3326;2944
7356;2444;1958;1840;3328;2951
7396;2444;1958;1840;3324;2950
7436;2444;1958;1840;3324;2952
7476;2444;1958;1840;3321;2952
7516;2444;1958;1840;3314;2952
7546;2444;1958;1840;3314;2952
7586;2444;1958;1840;3313;2956
7626;2444;1958;1840;3311;2963
7666;2444;1958;1840;3313;2959
7686;2444;1958;1841;3311;2961
7736;2444;1958;1840;3309;2968
7776;2444;1958;1840;3308;2966
7816;2444;1958;1840;3305;2966
7846;2444;1958;1840;3301;2974
7886;2444;1958;1840;3275;2998
7926;2448;1958;1840;3226;3091
7966;2449;1958;1840;3221;3126
7996;2450;1958;1840;3223;3120
8036;2450;1958;1840;3219;3125
8076;2450;1958;1840;3218;3136
8106;2450;1958;1840;3216;3141
8146;2450;1958;1840;3219;3143
8186;2450;1958;1840;3227;3126
8226;2450;1958;1840;3235;3113
8266;2450;1958;1840;3240;3104
8296;2450;1958;1840;3245;3097
8336;2450;1958;1840;3252;3092
8376;2450;1958;1840;3259;3085
8416;2450;1958;1840;3266;3062
8446;2450;1958;1840;3286;3025
8486;2449;1958;1840;3315;2991
8526;2450;1958;1840;3333;2962
8566;2450;1958;1840;3334;2959
8646;2451;1958;1840;3340;2953
8686;2451;1958;1840;3345;2947
8726;2451;1958;1840;3346;2951
8806;2451;1958;1840;3343;2950
8856;2452;1958;1840;3345;2949
8886;2451;1958;1840;3342;2948
8936;2451;1958;1840;3339;2948
8966;2450;1958;1840;3336;2949
9076;2450;1958;1840;3334;2946
9136;2450;1958;1840;3331;2952
9196;2450;1958;1840;3320;2970
9236;2450;1958;1840;3314;2974
9276;2450;1958;1840;3312;2978
9316;2450;1958;1840;3307;2990
9346;2450;1958;1840;3308;2994
9386;2450;1958;1840;3312;2992
9426;2450;1958;1840;3313;2988
9466;2450;1958;1840;3316;2985
9496;2450;1958;1840;3315;2985
9536;2449;1958;1840;3317;2984
9576;2450;1958;1840;3317;2984
9616;2450;1958;1840;3319;2985
9646;2450;1958;1840;3320;2986
9686;2450;1958;1840;3325;2987
9726;2449;1958;1840;3321;2988
9766;2450;1958;1840;3320;2994
9796;2450;1958;1840;3322;2995
9836;2450;1958;1840;3323;2994
9876;2450;1958;1840;3317;3009
9916;2450;1958;1840;3312;3027
9946;2449;1958;1840;3308;3027
9986;2449;1958;1840;3310;3026
10026;2449;1958;1840;3315;3022
10066;2449;1958;1840;3316;3026
10096;2449;1958;1840;3316;3028
10136;2449;1958;1840;3318;3025
10176;2448;1958;1840;3321;3024
10206;2448;1958;1840;3321;3029
10246;2448;1958;1840;3319;3031
10286;2448;1958;1840;3324;3025
10326;2448;1958;1840;3326;3025
10366;2447;1958;1840;3328;3023
10396;2447;1958;1840;3331;3026
10436;2447;1958;1840;3333;3024
10476;2447;1958;1840;3336;3024
10516;2447;1958;1840;3335;3023
10546;2447;1958;1840;3337;3024
10586;2447;1958;1840;3335;3019
10626;2447;1958;1840;3332;3022
10666;2447;1958;1840;3332;3022
10696;2447;1958;1840;3332;3019
10736;2448;1957;1840;3333;3029
10776;2448;1957;1840;3338;3021
10806;2448;1958;1840;3335;3031
10846;2448;1958;1840;3323;3042
10886;2449;1958;1840;3317;3056
10926;2449;1958;1840;3318;3055
10966;2449;1958;1840;3316;3056
10996;2449;1958;1840;3317;3060
11036;2449;1958;1840;3314;3063
11076;2449;1958;1840;3311;3060
11116;2449;1958;1840;3308;3063
11146;2449;1958;1840;3307;3069
11186;2449;1958;1840;3292;3080
11226;2450;1958;1840;3289;3083
11266;2450;1958;1840;3256;3113
11296;2451;1958;1840;3213;3217
11336;2450;1957;1840;3206;3254
11376;2450;1957;1840;3197;3271
11416;2450;1957;1840;3195;3271
11446;2450;1957;1840;3192;3280
11496;2451;1957;1840;3185;3309
11536;2451;1957;1840;3180;3318
11596;2450;1957;1840;3182;3319
11636;2450;1957;1840;3185;3307
11676;2450;1957;1840;3188;3296
11716;2450;1957;1840;3188;3288
11746;2450;1957;1840;3189;3279
11786;2450;1957;1840;3196;3244
11826;2450;1957;1840;3220;3192
11866;2450;1957;1840;3247;3127
11896;2449;1957;1840;3247;3124
11936;2450;1957;1840;3262;3097
11976;2451;1958;1840;3276;3072
12016;2450;1958;1840;3292;3055
12046;2450;1958;1840;3299;3058
12086;2450;1958;1840;3298;3064
12126;2450;1958;1840;3300;3068
12166;2450;1958;1840;3302;3062
12196;2450;1958;1840;3310;3061
12236;2450;1958;1840;3312;3062
12276;2450;1958;1840;3316;3061
12316;2450;1958;1840;3315;3068
12346;2450;1958;1840;3310;3085
12386;2450;1958;1840;3308;3106
12426;2450;1958;1840;3297;3128
12466;2450;1958;1840;3261;3173
12496;2450;1958;1840;3219;3256
12536;2452;1958;1840;3187;3416
12576;2452;1958;1840;3185;3429
12606;2452;1958;1840;3187;3434
12646;2451;1958;1840;3192;3417
12686;2451;1958;1840;3193;3420
12726;2451;1958;1840;3199;3411
12766;2451;1958;1840;3208;3394
12796;2451;1958;1840;3221;3373
12836;2450;1958;1840;3239;3314
12876;2450;1958;1840;3278;3261
12916;2450;1958;1840;3305;3168
12946;2450;1959;1840;3322;3115
12986;2450;1959;1840;3334;3078
13036;2450;1959;1840;3334;3073
13076;2451;1959;1840;3337;3071
13126;2451;1959;1840;3343;3067
13166;2451;1959;1840;3353;3065
13206;2452;1959;1840;3365;3053
13246;2451;1959;1840;3362;3063
13286;2451;1959;1840;3361;3061
13326;2451;1958;1840;3364;3055
13366;2451;1958;1840;3366;3055
13396;2451;1959;1840;3368;3052
13436;2451;1959;1840;3374;3042
13476;2452;1959;1840;3399;2974
13516;2451;1959;1840;3424;2872
13596;2450;1959;1840;3435;2867
13636;2450;1958;1840;3432;2869
13676;2450;1958;1840;3429;2870
13716;2450;1958;1840;3429;2869
13746;2450;1958;1840;3427;2869
13756;2450;1958;1840;3426;2869
13796;2450;1958;1840;3428;2870
13836;2450;1958;1840;3445;2823
13876;2450;1958;1840;3448;2807
13916;2449;1958;1840;3448;2810
13946;2449;1958;1840;3442;2823
13986;2449;1958;1840;3431;2837
14026;2449;1958;1840;3412;2845
14066;2449;1958;1840;3380;2866
14096;2448;1958;1840;3337;2898
14136;2447;1959;1840;3300;2957
14156;2448;1958;1839;3275;2980
14206;2449;1958;1839;3239;3024
14246;2452;1958;1839;3198;3135
14286;2454;1958;1839;3152;3378
14326;2457;1958;1839;3112;3514
14366;2458;1958;1840;3114;3536
14396;2459;1958;1840;3102;3569
14436;2459;1958;1840;3104;3583
14476;2459;1959;1840;3112;3584
14516;2459;1959;1840;3112;3582
14546;2459;1959;1840;3120;3570
14586;2459;1959;1840;3125;3563
14626;2459;1959;1840;3145;3515
14666;2459;1959;1840;3162;3482
14696;2459;1959;1840;3174;3465
14736;2458;1959;1840;3193;3429
14776;2458;1958;1840;3214;3419
14816;2459;1958;1840;3236;3375
14846;2459;1958;1840;3245;3373
14886;2459;1958;1840;3253;3365
14906;2459;1958;1840;3258;3362