
41426;1206;961;868;2051;1762
41536;1808;1441;1302;2049;1764
41576;2109;1680;1519;2050;1767
41616;2260;1800;1628;2051;1769
41646;2334;1860;1682;2050;1767
41686;2374;1890;1709;2050;1768
41726;2392;1905;1723;2051;1778
41766;2400;1913;1730;2053;1781
41796;2404;1917;1733;2053;1782
41836;2407;1919;1735;2053;1780
41876;2408;1920;1736;2053;1779
41916;2409;1920;1736;2053;1778
41946;2409;1920;1736;2054;1778
41986;2409;1920;1736;2056;1779
42026;2409;1920;1736;2054;1778
42066;2409;1920;1736;2055;1778
42096;2409;1921;1736;2057;1778
42136;2408;1921;1736;2057;1779
42176;2409;1921;1736;2057;1781
42216;2409;1920;1736;2065;1780
42246;2409;1920;1736;2059;1781
42286;2410;1920;1736;2066;1782
42326;2410;1921;1736;2068;1782
42366;2410;1921;1736;2071;1781
42396;2410;1921;1736;2070;1782
42436;2410;1921;1736;2071;1784
42476;2411;1921;1736;2072;1782
42516;2411;1921;1736;2072;1783
42546;2411;1921;1736;2072;1783
42586;2411;1921;1736;2072;1779
42626;2411;1921;1736;2071;1780
42666;2411;1921;1736;2072;1779
42696;2411;1921;1736;2074;1779
42736;2411;1920;1736;2074;1774
42776;2411;1920;1736;2076;1771
42816;2411;1920;1737;2077;1770
42846;2411;1920;1737;2076;1770
42886;2411;1920;1736;2075;1771
42926;2411;1921;1737;2076;1771
42966;2411;1921;1736;2076;1775
42996;2411;1921;1736;2077;1776
43036;2411;1921;1736;2076;1775
43076;2411;1921;1736;2076;1776
43116;2411;1921;1736;2076;1777
43146;2411;1921;1736;2076;1777
43186;2411;1921;1736;2079;1778
43226;2411;1921;1736;2076;1777
43266;2411;1921;1736;2079;1778
43296;2411;1921;1736;2077;1776
43336;2410;1921;1736;2078;1775
43376;2410;1921;1736;2078;1775
43416;2411;1921;1736;2080;1777
43446;2411;1921;1736;2080;1775
43486;2411;1921;1736;2081;1775
43526;2411;1921;1736;2081;1778
43566;2411;1921;1736;2084;1774
43596;2411;1921;1736;2083;1774
43636;2411;1921;1736;2084;1775
43676;2411;1921;1736;2088;1776
43716;2411;1921;1736;2097;1778
43746;2411;1921;1736;2099;1782
43786;2411;1921;1736;2098;1753
43826;2411;1921;1736;2107;1696
43866;2410;1920;1736;2140;1618
43896;2412;1920;1736;2162;1600
43936;2417;1920;1736;2177;1576
43976;2419;1920;1736;2193;1577
44016;2419;1920;1736;2202;1566
44046;2418;1920;1736;2201;1561
44086;2418;1920;1736;2207;1567
44126;2418;1920;1736;2209;1557
44166;2417;1920;1736;2208;1553
44196;2417;1921;1736;2215;1554
44236;2417;1921;1736;2214;1552
44276;2417;1920;1736;2212;1556
44316;2417;1920;1736;2212;1559
44346;2417;1920;1736;2214;1556
44386;2416;1920;1736;2217;1549
44426;2417;1920;1736;2216;1545
44466;2417;1920;1737;2216;1547
44496;2417;1921;1737;2216;1542
44536;2417;1921;1737;2215;1546
44576;2417;1921;1737;2218;1545
44616;2416;1920;1737;2217;1543
44646;2416;1920;1737;2215;1540
44686;2416;1920;1737;2218;1542
44726;2416;1920;1736;2217;1541
44766;2416;1920;1736;2218;1539
44796;2416;1920;1736;2219;1539
44836;2416;1920;1736;2221;1540
44876;2416;1920;1736;2218;1540
44916;2416;1920;1736;2218;1542
44946;2416;1920;1736;2218;1541
44986;2415;1920;1736;2206;1556
45026;2415;1920;1736;2199;1570
45066;2415;1920;1736;2202;1572
45096;2416;1920;1736;2186;1577
45136;2416;1920;1736;2167;1629
45176;2419;1920;1736;2149;1684
45216;2417;1920;1736;2154;1720
45246;2415;1920;1736;2153;1747
45286;2412;1920;1736;2153;1766
45326;2408;1920;1736;2149;1779
45366;2405;1920;1736;2154;1793
45396;2402;1920;1736;2171;1802
45436;2399;1920;1736;2226;1815
45476;2400;1920;1736;2232;1826
45516;2400;1920;1737;2235;1793
45546;2401;1920;1737;2234;1829
45586;2404;1920;1737;2238;1834
45626;2398;1920;1737;2240;1836
45666;2396;1920;1737;2242;1848
45696;2392;1920;1737;2249;1849
45736;2389;1920;1737;2259;1860
45776;2384;1919;1737;2298;1898
45816;2377;1919;1737;2310;1919
45846;2370;1919;1737;2315;1925
45886;2372;1919;1737;2323;1934
45926;2364;1919;1737;2325;1946
45966;2352;1919;1737;2332;1947
45996;2347;1919;1737;2335;1953
46036;2338;1919;1736;2336;1974
46076;2336;1918;1736;2347;1990
46116;2331;1917;1736;2356;1994
46146;2328;1917;1736;2368;1996
46186;2325;1916;1736;2382;1998
46226;2318;1916;1736;2388;1998
46266;2313;1914;1736;2393;1993
46296;2309;1901;1736;2407;1978
46336;2309;1899;1736;2474;1990
46376;2303;1896;1736;2491;1992
46396;2299;1896;1736;2502;1980
46436;2296;1897;1736;2512;1967
46516;2283;1898;1736;2488;1961
46556;2269;1897;1736;2492;1958
46596;2257;1896;1736;2488;1968
46636;2249;1895;1736;2491;1977
46676;2243;1894;1736;2489;1981
46716;2238;1894;1737;2486;1988
46746;2252;1894;1737;2483;1989
46786;2246;1894;1737;2478;2000
46826;2228;1893;1736;2477;2013
46866;2215;1893;1734;2476;2019
46896;2207;1892;1731;2475;2024
46936;2200;1891;1724;2479;2028
46976;2195;1892;1722;2481;2046
47016;2179;1891;1719;2481;2047
47046;2176;1882;1716;2482;1989
47086;2175;1873;1714;2496;2009
47126;2171;1861;1714;2517;2023
47166;2153;1847;1714;2513;2028
47196;2139;1836;1714;2512;2040
47236;2131;1830;1714;2507;2039
47276;2064;1816;1714;2513;2038
47316;2028;1813;1714;2510;2040
47346;1999;1811;1714;2512;2049
47386;1984;1803;1714;2510;2055
47426;1972;1792;1714;2506;2064
47466;1961;1783;1712;2508;2069
47496;1952;1777;1711;2516;2085
47536;1941;1772;1709;2594;2147
47576;1938;1765;1708;2593;2141
47616;1930;1749;1707;2578;2137
47646;1919;1743;1707;2573;2129
47686;1909;1732;1707;2576;2123
47726;1897;1709;1707;2568;2122
47766;1872;1704;1707;2566;2117
47796;1876;1698;1707;2573;2102
47836;1871;1695;1707;2582;2084
47876;1859;1687;1707;2581;2066
47916;1854;1679;1707;2568;2070
47946;1848;1667;1706;2547;2075
47986;1839;1658;1705;2549;2088
48026;1835;1651;1705;2549;2104
48066;1823;1645;1704;2564;2119
48096;1817;1628;1703;2567;2138
48136;1804;1624;1702;2557;2148
48176;1792;1621;1699;2563;2162
48216;1789;1617;1696;2560;2173
48246;1781;1612;1694;2562;2174
48286;1762;1610;1693;2562;2175
48326;1761;1603;1692;2574;2181
48366;1745;1597;1689;2583;2198
48396;1738;1591;1687;2592;2202
48436;1692;1585;1684;2603;2199
48476;1660;1570;1680;2596;2200
48516;1633;1547;1675;2595;2207
48546;1599;1543;1672;2600;2207
48586;1570;1545;1670;2607;2222
48626;1553;1545;1666;2669;2253
48666;1531;1534;1659;2675;2271
48696;1522;1537;1653;2678;2267
48736;1519;1540;1647;2668;2259
48776;1510;1541;1641;2647;2260
48816;1499;1536;1636;2651;2265
48846;1490;1531;1633;2656;2284
48886;1484;1529;1631;2649;2295
48926;1470;1528;1628;2653;2300
48966;1465;1526;1626;2654;2312
48996;1463;1523;1621;2651;2311
49036;1445;1508;1616;2657;2326
49076;1433;1505;1610;2651;2334
49116;1424;1495;1606;2650;2370
49146;1418;1494;1602;2661;2376
49186;1407;1493;1598;2703;2401
49226;1392;1492;1592;2699;2402
49266;1386;1491;1585;2704;2422
49296;1374;1489;1579;2704;2426
49336;1355;1487;1574;2707;2448
49376;1350;1483;1569;2709;2462
49416;1344;1480;1561;2722;2503
49446;1338;1475;1554;2730;2531
49486;1329;1473;1548;2746;2568
49526;1320;1469;1542;2757;2606
49566;1315;1450;1538;2765;2646
49596;1307;1443;1535;2768;2673
49636;1299;1439;1533;2765;2683
49676;1288;1435;1531;2776;2712
49716;1279;1434;1526;2800;2760
49746;1272;1424;1523;2822;2791
49786;1263;1419;1519;2813;2805
49826;1253;1414;1515;2831;2831
49866;1247;1410;1511;2843;2887
49896;1241;1399;1507;2866;2941
49936;1229;1392;1504;2897;2995
49976;1216;1387;1502;2907;3014
50016;1210;1381;1500;2912;3036
50046;1205;1376;1499;2936;3071
50086;1196;1344;1497;2952;3085
50126;1189;1346;1495;2968;3112
50166;1182;1340;1494;2981;3138
50196;1175;1339;1493;2986;3150
50236;1166;1330;1492;2994;3199
50276;1160;1324;1488;3024;3227
50316;1152;1318;1485;3041;3264
50346;1145;1308;1483;3042;3272
50386;1137;1300;1479;3061;3342
50426;1126;1290;1476;3090;3390
50466;1121;1279;1473;3092;3396
50496;1117;1274;1470;3105;3417
50536;1110;1268;1468;3113;3425
50576;1106;1262;1467;3123;3423
50616;1095;1256;1467;3119;3423
50646;1087;1250;1467;3128;3443
50686;1080;1240;1467;3128;3434
50726;1076;1181;1467;3131;3430
50766;1065;1197;1467;3139;3430
50796;1056;1207;1467;3141;3428
50836;1049;1203;1467;3150;3442
50876;1044;1195;1467;3148;3434
50916;1036;1190;1467;3191;3497
50946;1028;1187;1467;3201;3515
50986;1026;1181;1467;3210;3568
51026;1021;1175;1467;3220;3593
51066;1016;1170;1467;3237;3643
51096;1013;1165;1466;3255;3696
51136;1007;1148;1466;3290;3760
51176;1001;1144;1466;3310;3805
51216;996;1142;1466;3317;3849
51246;991;1139;1466;3311;3853
51286;987;1130;1466;3314;3858
51326;982;1126;1466;3321;3877
51366;980;1123;1465;3323;3898
51396;978;1118;1465;3329;3932
51436;975;1110;1465;3333;3947
51476;972;1109;1465;3335;3978
51516;967;1104;1465;3342;3994
51526;965;1102;1465;3342;3999
51566;960;1099;1465;3353;4012
51606;954;1097;1465;3352;4018
51646;947;1093;1465;3351;4007
51666;943;1089;1465;3350;4007
51686;941;1085;1465;3355;4009
51766;938;1076;1465;3367;4005
51806;935;1067;1465;3360;3993
51846;930;1065;1465;3366;3970
51886;924;1064;1465;3365;3967
51926;920;1056;1465;3367;3975
51966;918;1054;1465;3366;3981
51996;917;1053;1465;3362;4001
52036;915;1050;1465;3362;4009
52076;914;1050;1465;3361;4013
52116;913;1051;1464;3363;4005
52146;912;1051;1464;3358;3997
52186;911;1051;1464;3351;3993
52226;910;1051;1464;3351;3991
52266;910;1051;1465;3346;3985
52296;910;1051;1465;3352;3988
52336;910;1051;1465;3351;3996
52376;910;1051;1464;3350;3995
52406;909;1051;1464;3352;3998
52416;909;1051;1464;3358;4002
52446;909;1051;1464;3352;4014
52486;906;1051;1464;3357;4036
52526;903;1044;1465;3357;4038
52566;901;1037;1465;3359;4039
52596;900;1034;1465;3358;4056
52636;896;1031;1464;3379;4091
52676;893;1032;1464;3382;4095
52716;891;1032;1464;3392;4095
52746;890;1032;1464;3395;4092
52786;889;1032;1463;3396;4086
52826;889;1032;1463;3397;4078
52866;888;1032;1463;3400;4054
52896;887;1032;1463;3403;3993
52936;886;1032;1463;3408;3957
52976;886;1031;1463;3410;3945
53016;886;1031;1463;3411;3938
53046;885;1030;1463;3415;3935
53086;885;1030;1463;3417;3928
53126;885;1029;1463;3417;3916
53166;885;1029;1463;3419;3911
53196;885;1029;1463;3420;3898
53236;884;1029;1463;3420;3883
53276;884;1030;1463;3420;3856
53316;884;1030;1463;3424;3826
53346;883;1030;1463;3418;3799
53386;881;1027;1463;3447;3757
53426;880;1026;1463;3456;3697
53466;880;1025;1463;3453;3604
53496;880;1025;1464;3444;3510
53536;880;1025;1464;3431;3373
53576;877;1025;1464;3395;3238
53616;877;1026;1463;3386;3173
53646;877;1026;1463;3381;3113
53686;877;1026;1463;3353;2927
53726;879;1026;1463;3245;2720
53766;883;1026;1463;3228;2619
53796;886;1026;1463;3200;2558
53836;888;1026;1463;3163;2490
53876;889;1026;1463;3148;2456
53916;889;1026;1463;3120;2408
53946;890;1026;1463;3104;2382
53986;890;1026;1463;3104;2365
54026;890;1027;1464;3096;2329
54066;890;1027;1464;3084;2308
54096;890;1027;1464;3039;2249
54136;890;1027;1464;3028;2215
54176;890;1027;1464;3024;2186
54216;890;1027;1464;3023;2164
54246;891;1027;1464;3024;2155
54286;895;1027;1464;3025;2116
54326;900;1027;1464;2928;2018
54366;904;1028;1464;2914;2006
54396;909;1028;1464;2924;2002
54436;913;1028;1464;2925;2001
54476;917;1028;1464;2934;1992
54516;923;1028;1464;2953;1987
54546;926;1028;1464;2952;1973
54586;930;1028;1464;2964;1957
54626;936;1028;1464;2978;1934
54666;940;1028;1466;2994;1925
54696;946;1028;1469;2999;1916
54736;953;1028;1472;3016;1908
54776;962;1029;1478;3024;1914
54816;968;1029;1483;3029;1916
54846;972;1029;1487;3030;1910
54886;978;1029;1491;3035;1907
54906;981;1029;1494;3035;1910
54926;983;1029;1495;3034;1913
54966;986;1029;1498;3036;1908
54996;988;1029;1499;3036;1917
55036;989;1029;1500;3016;1945
55076;990;1029;1501;3002;1950
55116;990;1030;1502;3002;1961
55146;990;1030;1502;3002;1968
55186;990;1030;1503;2977;1976
55226;991;1030;1503;2947;2006
55266;991;1030;1504;2918;2037
55296;989;1030;1504;2917;2103
55336;987;1030;1504;2909;2158
55376;985;1030;1504;2905;2208
55416;985;1030;1503;2900;2270
55446;985;1030;1503;2903;2304
55486;985;1030;1503;2905;2340
55526;985;1030;1503;2907;2389
55566;985;1030;1503;2914;2421
55596;984;1030;1502;2919;2443
55636;984;1030;1502;2920;2475
55676;980;1030;1503;2931;2515
55716;978;1030;1503;2934;2570
55746;977;1030;1504;2942;2597
55786;974;1030;1504;2945;2620
55826;970;1030;1504;2948;2646
55866;966;1030;1504;2950;2666
55896;962;1030;1504;2960;2694
55936;957;1030;1504;2967;2725
55976;952;1030;1504;2972;2750
56016;947;1030;1504;2974;2777
56046;943;1030;1504;2984;2804
56086;940;1030;1504;2991;2836
56126;937;1030;1504;3008;2880
56166;936;1029;1503;3009;2889
56196;935;1029;1503;3016;2904
56236;932;1029;1503;3019;2907
56276;932;1029;1503;3027;2912
56316;931;1029;1503;3030;2909
56346;930;1029;1503;3030;2909
56386;930;1029;1503;3031;2906
56426;930;1029;1503;3033;2905
56466;930;1029;1503;3035;2907
56496;929;1029;1503;3034;2908
56536;929;1029;1503;3058;2763
56576;929;1029;1503;3069;2805
56616;929;1029;1503;3080;2802
56646;929;1029;1503;3080;2807
56686;930;1029;1503;3094;2744
56726;930;1029;1503;3096;2655
56766;930;1029;1503;3073;2544
56796;930;1030;1503;3064;2443
56836;931;1030;1504;3063;2387
56876;931;1030;1504;3060;2311
56916;933;1030;1504;3030;2232
56946;935;1030;1504;3010;2183
56986;936;1030;1504;2997;2113
57026;936;1030;1504;3016;2094
57066;936;1030;1504;3012;2074
57096;937;1030;1504;3016;2061
57136;937;1030;1504;3010;2029
57176;937;1030;1504;3006;2007
57216;936;1030;1504;3009;1978
57246;938;1030;1504;3004;1956
57286;941;1030;1504;2991;1933
57326;950;1030;1503;2792;1825
57366;959;1030;1503;2796;1812
57396;965;1030;1503;2792;1793
57436;969;1030;1503;2793;1772
57456;972;1030;1503;2790;1770
57476;975;1030;1503;2783;1760
57516;979;1030;1503;2633;1677
57546;983;1030;1503;2626;1677
57586;990;1030;1506;2631;1663
57626;996;1030;1508;2622;1635
57666;1003;1031;1512;2615;1621
57696;1009;1031;1517;2621;1627
57736;1017;1031;1521;2616;1613
57776;1023;1031;1526;2617;1611
57816;1029;1031;1533;2630;1594
57846;1035;1031;1539;2629;1589
57886;1041;1031;1544;2627;1585
57926;1050;1031;1549;2628;1561
57966;1061;1031;1556;2492;1479
57996;1067;1031;1561;2495;1469
58036;1073;1031;1566;2489;1461
58076;1079;1031;1574;2488;1460
58116;1092;1031;1579;2494;1458
58146;1097;1031;1584;2508;1447
58186;1106;1031;1590;2502;1441
58226;1108;1031;1596;2505;1432
58266;1119;1031;1602;2504;1419
58296;1125;1031;1608;2510;1417
58336;1136;1031;1616;2513;1420
58376;1144;1031;1622;2510;1408
58416;1152;1031;1626;2398;1369
58446;1159;1032;1627;2394;1366
58486;1165;1032;1631;2396;1360
58526;1174;1033;1636;2396;1362
58566;1182;1034;1640;2392;1353
58596;1190;1035;1644;2331;1322
58636;1198;1036;1651;2338;1324
58676;1205;1045;1658;2299;1338
58716;1219;1050;1662;2301;1343
58746;1228;1061;1664;2285;1367
58786;1236;1069;1665;2265;1389
58826;1245;1081;1666;2242;1426
58866;1256;1090;1667;2251;1451
58896;1266;1099;1667;2248;1474
58936;1277;1107;1667;2237;1481
58976;1290;1116;1667;2224;1500
59016;1300;1128;1667;2242;1492
59046;1305;1137;1667;2262;1479
59086;1314;1147;1667;2252;1486
59126;1325;1157;1667;2271;1483
59166;1335;1168;1667;2264;1496
59196;1337;1179;1667;2279;1497
59236;1347;1179;1667;2276;1505
59276;1364;1191;1667;2260;1521
59316;1373;1204;1667;2248;1543
59346;1384;1210;1667;2264;1529
59386;1397;1209;1667;2280;1539
59426;1405;1220;1667;2284;1543
59466;1416;1231;1667;2291;1542
59496;1424;1239;1667;2300;1538
59536;1443;1246;1667;2293;1537
59576;1447;1253;1667;2292;1539
59616;1454;1263;1667;2291;1540
59646;1466;1271;1667;2303;1526
59686;1475;1275;1668;2309;1517
59726;1484;1281;1668;2306;1511
59766;1499;1290;1669;2307;1511
59796;1508;1301;1668;2308;1516
59836;1515;1311;1668;2298;1530
59876;1525;1320;1668;2309;1514
59916;1533;1330;1668;2323;1506
59946;1536;1334;1669;2323;1504
59986;1569;1339;1670;2327;1508
60026;1596;1346;1671;2323;1526
60066;1626;1343;1671;2335;1516
60096;1675;1354;1673;2331;1523
60136;1698;1364;1676;2335;1511
60176;1722;1371;1679;2337;1507
60216;1735;1379;1683;2340;1508
60246;1748;1384;1686;2345;1510
60286;1755;1387;1689;2339;1497
60326;1762;1390;1691;2346;1507
60366;1771;1401;1692;2343;1501
60396;1781;1408;1693;2340;1500
60436;1792;1412;1694;2341;1502
60476;1805;1423;1696;2342;1488
60516;1819;1432;1699;2350;1495
60546;1829;1430;1700;2347;1497
60586;1839;1434;1701;2349;1490
60626;1846;1440;1703;2351;1484
60666;1855;1446;1705;2357;1488
60696;1858;1455;1701;2359;1497
60736;1877;1461;1707;2353;1491
60776;1887;1464;1712;2360;1498
60816;1895;1469;1717;2370;1503
60846;1908;1465;1720;2360;1488
60886;1917;1475;1721;2366;1486
60926;1925;1482;1722;2365;1478
60966;1931;1486;1726;2368;1469
60996;1937;1489;1729;2368;1469
61036;1949;1495;1731;2372;1480
61076;1961;1497;1732;2375;1486
61116;1971;1502;1732;2377;1484
61126;1976;1505;1732;2373;1483
61176;1980;1507;1734;2370;1488
61216;1988;1517;1736;2373;1510
61256;2001;1526;1737;2376;1512
61296;2010;1537;1737;2375;1515
61336;2014;1542;1737;2376;1512
61376;2020;1532;1739;2375;1524
61416;2023;1544;1738;2374;1516
61446;2094;1535;1738;2379;1514
61486;2130;1545;1738;2379;1508
61526;2155;1562;1738;2376;1502
61566;2170;1574;1738;2380;1503
61596;2185;1581;1739;2382;1501
61636;2196;1588;1739;2385;1502
61676;2201;1593;1740;2380;1502
61716;2207;1597;1742;2376;1484
61746;2216;1600;1744;2378;1483
61786;2225;1603;1746;2381;1485
61826;2227;1609;1749;2393;1489
61866;2237;1612;1753;2397;1473
61896;2246;1613;1756;2401;1469
61936;2248;1613;1757;2412;1482
61976;2255;1613;1757;2406;1470
62016;2259;1621;1757;2410;1474
62046;2264;1625;1757;2406;1470
62086;2271;1627;1757;2405;1462
62126;2277;1630;1758;2409;1463
62166;2277;1631;1759;2402;1458
62196;2282;1631;1760;2408;1449
62236;2286;1632;1761;2423;1443
62276;2292;1633;1762;2417;1443
62316;2294;1638;1763;2421;1444
62346;2297;1641;1763;2418;1442
62386;2304;1643;1764;2420;1442
62426;2312;1644;1765;2420;1442
62466;2312;1645;1766;2422;1440
62496;2312;1645;1767;2423;1435
62536;2314;1646;1768;2430;1429
62566;2317;1647;1768;2424;1435
62576;2320;1649;1769;2427;1443
62616;2321;1650;1769;2436;1433
62646;2323;1650;1769;2439;1430
62686;2326;1651;1769;2441;1426
62726;2328;1651;1770;2447;1424
62766;2329;1651;1770;2447;1426
62796;2329;1651;1771;2453;1421
62836;2329;1651;1772;2456;1413
62876;2331;1651;1772;2457;1409
62916;2332;1651;1772;2458;1405
62946;2332;1651;1772;2463;1400
62986;2331;1651;1773;2476;1396
63026;2333;1651;1773;2480;1389
63066;2337;1652;1774;2482;1379
63096;2344;1656;1774;2454;1402
63136;2348;1658;1774;2491;1379
63176;2352;1659;1775;2505;1378
63216;2353;1661;1775;2521;1373
63246;2354;1661;1775;2517;1367
63286;2354;1662;1776;2499;1366
63326;2354;1662;1776;2498;1367
63366;2354;1662;1776;2500;1369
63396;2354;1662;1776;2503;1369
63436;2354;1662;1776;2505;1371
63476;2354;1662;1776;2505;1370
63516;2354;1662;1776;2504;1370
63546;2354;1662;1776;2507;1371
63586;2353;1662;1776;2509;1371
63606;2353;1663;1776;2511;1370
63626;2353;1663;1776;2510;1370
63666;2353;1663;1777;2513;1371
63696;2352;1663;1777;2511;1374
63736;2352;1663;1777;2515;1373
63776;2353;1663;1776;2517;1374
63816;2353;1663;1776;2519;1373
63846;2353;1663;1777;2516;1374
63886;2353;1663;1777;2523;1377
63976;2353;1663;1777;2523;1377
64006;2353;1663;1777;2495;1387
64046;2353;1663;1777;2435;1420
64086;2353;1663;1777;2407;1455
64106;2353;1663;1777;2407;1467
64126;2353;1663;1777;2407;1496
64156;2353;1663;1777;2408;1514
64196;2351;1663;1777;2409;1540
64236;2350;1663;1777;2411;1565
64276;2350;1663;1777;2419;1580
64306;2350;1663;1777;2421;1587
64346;2350;1664;1777;2428;1598
64386;2351;1663;1777;2435;1607
64426;2352;1663;1777;2438;1608
64456;2353;1663;1776;2438;1612
64486;2356;1663;1776;2439;1621
64496;2354;1663;1777;2436;1623
64536;2354;1663;1777;2440;1623
64576;2352;1663;1777;2439;1629
64606;2350;1664;1777;2437;1635
64636;2345;1664;1777;2436;1639
64646;2342;1664;1777;2435;1641
64686;2339;1664;1777;2436;1646
64726;2338;1664;1777;2436;1659
64756;2337;1664;1777;2438;1663
64786;2333;1664;1777;2438;1666
64826;2329;1664;1777;2438;1675
64866;2324;1664;1777;2435;1683
64906;2319;1664;1777;2444;1690
64946;2318;1664;1777;2446;1697
64986;2313;1664;1776;2458;1703
65026;2309;1664;1776;2456;1712
65056;2305;1664;1777;2454;1719
65096;2301;1664;1777;2453;1723
65136;2295;1663;1777;2442;1730
65176;2289;1663;1777;2442;1734
65206;2285;1663;1777;2432;1740
65246;2279;1663;1777;2434;1743
65286;2271;1663;1777;2431;1746
65326;2262;1663;1777;2432;1749
65356;2256;1663;1777;2426;1752
65396;2252;1663;1777;2428;1755
65436;2240;1663;1777;2424;1761
65476;2237;1663;1777;2429;1760
65506;2232;1663;1777;2427;1765
10;2223;1663;1777;2417;1770
50;2213;1663;1777;2405;1770
90;2207;1663;1777;2404;1770
120;2204;1663;1777;2406;1774
150;2196;1662;1778;2407;1771
190;2189;1657;1778;2410;1774
220;2177;1651;1777;2417;1773
230;2169;1649;1777;2421;1776
270;2165;1646;1777;2423;1774
310;2165;1644;1777;2420;1780
350;2157;1643;1776;2416;1781
390;2147;1642;1777;2412;1784
420;2137;1641;1776;2413;1785
480;2078;1639;1775;2411;1787
520;2037;1638;1773;2399;1789
570;2002;1629;1771;2403;1793
600;1989;1629;1769;2400;1788
650;1982;1621;1768;2400;1801
690;1969;1616;1767;2387;1803
760;1960;1606;1766;2391;1806
800;1946;1598;1765;2374;1798
830;1936;1592;1763;2369;1801
870;1929;1587;1761;2358;1798
910;1919;1575;1760;2352;1806
950;1911;1562;1759;2341;1815
990;1905;1554;1758;2333;1812
1020;1895;1549;1757;2329;1812
1060;1883;1545;1756;2335;1809
1100;1873;1541;1755;2332;1805
1140;1859;1534;1753;2337;1802
1170;1853;1529;1751;2335;1810
1210;1844;1512;1748;2335;1809
1250;1834;1504;1746;2330;1816
1270;1829;1504;1744;2332;1812
1290;1819;1498;1742;2333;1816
1320;1811;1495;1740;2326;1817
1360;1795;1493;1739;2323;1827
1400;1787;1490;1738;2323;1822
1440;1779;1488;1737;2320;1831
1470;1771;1485;1738;2300;1828
1500;1753;1478;1738;2292;1833
1540;1760;1472;1736;2300;1846
1580;1751;1469;1730;2283;1837
1620;1726;1462;1726;2282;1841
1660;1723;1452;1723;2282;1845
1700;1688;1445;1722;2282;1856
1740;1654;1442;1721;2283;1860
1770;1634;1431;1717;2282;1863
1810;1593;1433;1716;2280;1868
1850;1566;1435;1713;2280;1867
1890;1551;1434;1709;2278;1868
1920;1538;1430;1705;2273;1880
1960;1517;1424;1701;2267;1883
2000;1513;1420;1698;2266;1877
2040;1501;1416;1694;2269;1885
2070;1491;1414;1691;2274;1878
2110;1485;1412;1684;2264;1893
2150;1474;1403;1678;2269;1872
2190;1468;1396;1673;2267;1890
2220;1462;1391;1671;2273;1882
2260;1449;1389;1670;2267;1895
2300;1438;1387;1668;2268;1886
2340;1431;1383;1665;2272;1896
2370;1423;1379;1660;2265;1902
2410;1414;1377;1654;2260;1898
2450;1399;1374;1648;2261;1900
2490;1389;1373;1643;2259;1904
2520;1382;1372;1638;2255;1904
2560;1376;1368;1633;2259;1900
2600;1362;1352;1631;2258;1908
2640;1353;1343;1627;2254;1912
2670;1345;1339;1625;2247;1915
2710;1336;1340;1618;2236;1916
2750;1323;1344;1611;2241;1903
2790;1314;1345;1607;2236;1918
2820;1309;1343;1603;2235;1928
2860;1300;1342;1599;2228;1931
2900;1291;1336;1596;2233;1936
2940;1282;1329;1591;2227;1940
2970;1270;1324;1588;2237;1931
3010;1262;1315;1586;2239;1926
3050;1252;1303;1585;2240;1930
3090;1247;1297;1579;2235;1934
3120;1242;1293;1575;2228;1944
3160;1229;1284;1572;2219;1939
3200;1218;1279;1568;2197;1951
3240;1210;1276;1561;2165;1978
3270;1202;1276;1557;2140;2003
3310;1194;1273;1554;2106;2030
3350;1187;1269;1549;2081;2072
3380;1181;1267;1546;2050;2107
3390;1177;1265;1543;2036;2092
3420;1176;1262;1540;1956;2068
3450;1173;1260;1538;1943;2061
3490;1171;1259;1536;1962;2023
3530;1169;1259;1534;1995;1970
3570;1167;1259;1532;2036;1930
3600;1166;1259;1531;2051;1889
3640;1166;1259;1531;2093;1844
3680;1166;1259;1531;2126;1826
3720;1166;1259;1532;2189;1774
3760;1166;1259;1532;2258;1747
3800;1165;1259;1532;2292;1717
3840;1165;1259;1532;2302;1722
3870;1165;1259;1532;2317;1714
3910;1166;1259;1532;2315;1716
3950;1166;1259;1532;2328;1700
3990;1166;1259;1532;2332;1699
4020;1165;1260;1532;2337;1689
4060;1169;1260;1532;2341;1683
4100;1171;1260;1532;2343;1671
4140;1176;1260;1532;2348;1654
4170;1183;1260;1532;2345;1652
4210;1190;1260;1532;2351;1625
4250;1198;1260;1532;2360;1610
4290;1204;1260;1533;2362;1607
4320;1217;1260;1533;2363;1601
4350;1227;1260;1534;2369;1596
4390;1234;1260;1537;2356;1584
4430;1241;1260;1541;2362;1580
4470;1247;1260;1546;2353;1575
4510;1256;1260;1552;2359;1561
4550;1266;1260;1560;2352;1558
4590;1277;1261;1566;2368;1546
4620;1289;1261;1570;2359;1544
4660;1299;1261;1577;2364;1540
4670;1305;1261;1581;2360;1535
4710;1307;1261;1585;2371;1524
4750;1315;1261;1590;2367;1528
4810;1326;1261;1597;2364;1518
4850;1336;1261;1604;2373;1509
4890;1353;1261;1613;2369;1509
4920;1363;1261;1619;2370;1509
4950;1369;1262;1623;2372;1508
4990;1380;1262;1626;2372;1507
5030;1388;1262;1629;2364;1502
5070;1401;1262;1632;2365;1496
5100;1408;1262;1635;2373;1480
5140;1418;1262;1639;2373;1481
5180;1426;1262;1645;2373;1478
5220;1438;1263;1651;2376;1474
5260;1450;1266;1659;2376;1476
5300;1456;1269;1663;2374;1477
5340;1469;1272;1666;2378;1475
5370;1474;1274;1669;2375;1469
5410;1482;1276;1674;2376;1466
5450;1491;1278;1680;2377;1465
5500;1501;1282;1684;2366;1485
5540;1514;1285;1688;2372;1476
5600;1527;1289;1692;2377;1466
5640;1535;1290;1696;2378;1460
5670;1570;1298;1699;2385;1463
5700;1593;1307;1701;2380;1461
5740;1621;1314;1704;2382;1456
5780;1661;1323;1706;2384;1458
5820;1690;1332;1706;2388;1449
5860;1715;1336;1710;2387;1446
5900;1730;1338;1715;2405;1431
5940;1748;1344;1718;2409;1430
5970;1747;1347;1720;2412;1424
6000;1761;1351;1721;2414;1420
6040;1768;1361;1721;2414;1416
6080;1781;1368;1721;2412;1415
6120;1790;1379;1721;2415;1415
6160;1803;1385;1721;2418;1413
6200;1815;1388;1721;2417;1413
6240;1823;1389;1727;2421;1411
6270;1836;1396;1730;2405;1417
6310;1843;1405;1732;2394;1421
6360;1851;1412;1733;2389;1424
6400;1859;1423;1735;2389;1426
6460;1876;1430;1736;2414;1413
6500;1886;1429;1736;2426;1414
6540;1901;1433;1737;2423;1416
6570;1912;1434;1738;2420;1416
6610;1920;1440;1739;2419;1415
6650;1929;1440;1741;2433;1413
6690;1934;1453;1742;2435;1413
6720;1943;1461;1744;2440;1410
6760;1952;1463;1747;2432;1411
6800;1961;1474;1750;2438;1413
6840;1968;1480;1752;2438;1404
6870;1975;1485;1754;2443;1407
6910;1984;1488;1756;2443;1404
6950;1995;1494;1757;2446;1398
6990;2006;1500;1758;2453;1390
7020;2013;1501;1758;2447;1397
7050;2021;1504;1758;2462;1387
7090;2083;1512;1758;2456;1388
7130;2117;1510;1759;2452;1382
7170;2142;1519;1761;2442;1394
7210;2157;1523;1763;2435;1394
7250;2168;1530;1764;2432;1399
7290;2177;1537;1764;2443;1391
7320;2186;1541;1765;2447;1392
7360;2193;1543;1767;2454;1386
7400;2201;1547;1767;2438;1400
7440;2209;1539;1768;2442;1399
7470;2214;1544;1768;2449;1395
7510;2221;1544;1768;2442;1401
7550;2229;1564;1768;2435;1404
7590;2234;1575;1768;2444;1399
7620;2243;1581;1768;2447;1395
7650;2246;1588;1768;2448;1396
7690;2250;1593;1768;2453;1379
7730;2255;1597;1768;2451;1378
7770;2259;1602;1768;2449;1375
7810;2262;1606;1768;2465;1371
7850;2264;1608;1769;2472;1369
7890;2270;1610;1769;2479;1359
7920;2274;1611;1769;2479;1359
7960;2281;1611;1770;2482;1357
8000;2288;1611;1770;2486;1354
8040;2292;1611;1771;2496;1340
8070;2294;1612;1772;2492;1341
8110;2294;1620;1772;2484;1362
8150;2294;1625;1772;2482;1360
8190;2294;1627;1772;2468;1366
8220;2294;1629;1772;2463;1367
8260;2294;1630;1772;2453;1369
8300;2294;1630;1772;2441;1377
8340;2293;1630;1772;2446;1381
8370;2293;1630;1772;2449;1376
8400;2293;1630;1772;2459;1372
8440;2295;1630;1772;2438;1397
8480;2294;1631;1772;2405;1421
8520;2293;1631;1772;2381;1440
8560;2294;1631;1772;2369;1491
8580;2295;1631;1772;2357;1507
8630;2294;1631;1772;2348;1560
8670;2293;1631;1772;2349;1601
8710;2292;1631;1772;2351;1617
8750;2292;1631;1773;2356;1626
8790;2292;1631;1773;2345;1642
8820;2293;1631;1773;2349;1657
8860;2295;1632;1773;2353;1656
8900;2300;1631;1773;2356;1658
8940;2296;1631;1773;2356;1661
8970;2289;1631;1773;2360;1662
9010;2284;1631;1772;2357;1666
9050;2278;1631;1772;2360;1678
9090;2272;1631;1773;2357;1682
9120;2267;1631;1773;2354;1675
9150;2262;1631;1772;2355;1680
9190;2260;1631;1772;2358;1690
9230;2254;1631;1772;2350;1702
9270;2246;1631;1772;2340;1702
9310;2238;1631;1772;2338;1702
9350;2234;1631;1772;2323;1709
9390;2226;1631;1772;2316;1716
9420;2221;1631;1772;2314;1720
9450;2216;1631;1772;2320;1724
9490;2218;1631;1772;2314;1716
9530;2208;1631;1771;2314;1719
9570;2197;1631;1771;2314;1720
9610;2191;1630;1771;2325;1710
9650;2179;1630;1772;2327;1713
9690;2174;1630;1772;2320;1720
9720;2170;1630;1772;2302;1720
9750;2162;1629;1772;2301;1724
9790;2155;1629;1772;2299;1733
9830;2145;1629;1772;2306;1746
9870;2080;1629;1772;2303;1740
9910;2043;1628;1772;2298;1736
9950;2018;1628;1772;2303;1736
9990;2001;1627;1772;2311;1744
10020;1984;1623;1772;2305;1724
10050;1983;1616;1772;2316;1722
10090;1978;1606;1772;2329;1698
10130;1964;1596;1772;2338;1692
10170;1951;1579;1772;2335;1688
10210;1945;1562;1772;2337;1689
10250;1937;1557;1772;2334;1704
10290;1930;1543;1771;2321;1721
10320;1925;1543;1772;2321;1723
10350;1911;1540;1772;2324;1722
10390;1904;1534;1772;2328;1715
10430;1900;1528;1772;2319;1722
10470;1878;1515;1772;2317;1741
10510;1871;1504;1771;2304;1736
10550;1865;1498;1769;2293;1736
10590;1858;1497;1768;2295;1732
10620;1851;1495;1768;2297;1738
10650;1840;1493;1767;2295;1737
10690;1831;1490;1766;2286;1748
10730;1819;1486;1765;2282;1755
10770;1808;1480;1765;2289;1753
10810;1798;1472;1765;2286;1743
10850;1784;1459;1763;2282;1752
10890;1779;1450;1761;2291;1762
10920;1757;1445;1760;2290;1757
10950;1758;1438;1759;2288;1772
10990;1751;1437;1758;2282;1762
11030;1745;1436;1756;2279;1765
11070;1731;1423;1755;2282;1763
11110;1687;1419;1753;2287;1766
11150;1671;1411;1752;2285;1748
11190;1639;1398;1749;2283;1742
11220;1618;1393;1747;2289;1742
11250;1582;1390;1745;2285;1749
11290;1562;1385;1743;2294;1756
11330;1549;1381;1741;2290;1743
11370;1533;1375;1740;2296;1756
11410;1520;1365;1739;2294;1770
11450;1509;1357;1737;2293;1767
11490;1495;1352;1738;2294;1761
11520;1488;1348;1738;2295;1773
11550;1483;1344;1738;2297;1760
11590;1472;1339;1736;2292;1771
11630;1464;1335;1732;2281;1771
11670;1452;1328;1727;2284;1764
11710;1442;1322;1723;2282;1776
11750;1432;1317;1722;2290;1775
11790;1424;1308;1718;2288;1779
11820;1417;1301;1716;2286;1788
11850;1405;1298;1711;2283;1779
11890;1397;1295;1706;2293;1779
11930;1385;1294;1700;2297;1783
11970;1378;1293;1693;2294;1777
12010;1364;1293;1684;2301;1781
12050;1354;1293;1676;2293;1777
12090;1342;1293;1671;2299;1785
12120;1336;1290;1664;2297;1778
12150;1329;1288;1656;2298;1783
12190;1318;1287;1650;2293;1781
12230;1311;1286;1644;2304;1778
12270;1301;1284;1638;2305;1788
12310;1292;1281;1633;2306;1788
12350;1283;1278;1631;2302;1779
12390;1271;1276;1628;2309;1784
12420;1262;1274;1626;2306;1784
12450;1253;1274;1620;2311;1790
12490;1248;1274;1611;2310;1783
12530;1240;1275;1603;2319;1781
12570;1227;1274;1594;2316;1785
12610;1216;1274;1584;2319;1776
12650;1206;1274;1577;2315;1786
12690;1196;1273;1570;2315;1795
12720;1189;1273;1562;2317;1796
12750;1182;1273;1555;2297;1808
12790;1175;1272;1549;2292;1809
12830;1165;1266;1545;2291;1815
12870;1157;1261;1541;2296;1804
12910;1145;1255;1537;2296;1824
12950;1138;1251;1532;2286;1834
12990;1129;1246;1529;2267;1818
13020;1123;1242;1527;2258;1839
13050;1118;1235;1524;2258;1842
13090;1109;1229;1520;2263;1846
13130;1105;1224;1514;2251;1859
13170;1095;1221;1511;2250;1863
13210;1086;1219;1510;2247;1863
13250;1081;1215;1508;2242;1879
13290;1073;1210;1505;2230;1888
13320;1064;1201;1503;2225;1894
13350;1056;1196;1498;2230;1895
13390;1050;1190;1494;2230;1902
13430;1044;1185;1490;2227;1902
13470;1036;1186;1483;2201;1931
13510;1031;1184;1476;2193;1945
13550;1025;1181;1470;2192;1948
13590;1019;1184;1465;2197;1943
13620;1015;1185;1462;2189;1954
13650;1011;1179;1459;2182;1959
13690;1002;1177;1451;2182;1964
13730;996;1175;1443;2182;1974
13770;990;1172;1439;2181;1973
13810;983;1169;1437;2178;1978
13850;980;1164;1436;2178;1980
13890;977;1148;1434;2168;1984
13920;972;1144;1432;2170;1976
13950;968;1144;1430;2173;1967
13990;963;1145;1429;2168;1975
14030;960;1145;1428;2170;1970
14070;958;1145;1426;2184;1943
14110;957;1145;1423;2188;1925
14150;957;1145;1422;2188;1917
14190;957;1145;1421;2191;1910
14220;956;1145;1421;2193;1909
14250;956;1145;1421;2193;1908
14290;956;1145;1421;2193;1908
14330;956;1146;1421;2199;1891
14370;956;1146;1421;2229;1840
14400;957;1146;1421;2262;1817
14440;957;1146;1422;2277;1798
14480;957;1146;1422;2282;1792
14520;957;1145;1422;2286;1782
14550;957;1146;1422;2291;1773
14590;957;1146;1423;2298;1771
14630;957;1146;1422;2311;1758
14670;958;1146;1422;2332;1748
14710;958;1146;1422;2342;1732
14750;962;1146;1422;2348;1726
14790;966;1146;1423;2356;1722
14820;971;1146;1424;2361;1720
14850;974;1146;1426;2364;1701
14890;975;1146;1429;2373;1677
14930;980;1146;1432;2378;1674
14970;985;1146;1435;2387;1657
15010;990;1146;1439;2379;1648
15050;999;1146;1447;2388;1634
15090;1005;1146;1453;2391;1630
15120;1011;1146;1458;2397;1624
15150;1018;1146;1462;2395;1625
15190;1024;1146;1467;2395;1625
15230;1034;1146;1471;2390;1619
15270;1039;1146;1477;2393;1611
15310;1043;1146;1482;2391;1611
15350;1052;1146;1488;2398;1604
15390;1064;1147;1493;2392;1599
15420;1070;1147;1497;2395;1595
15450;1076;1147;1502;2393;1593
15490;1086;1147;1506;2395;1590
15530;1094;1147;1512;2392;1583
15570;1103;1147;1517;2398;1569
15610;1111;1147;1523;2402;1573
15650;1121;1147;1529;2397;1573
15690;1127;1147;1535;2395;1557
15720;1135;1147;1540;2402;1548
15750;1142;1147;1544;2396;1539
15790;1147;1147;1550;2393;1524
15830;1156;1147;1557;2401;1510
15870;1166;1147;1563;2408;1500
15910;1173;1147;1568;2409;1497
15950;1180;1147;1576;2412;1491
15990;1189;1147;1583;2421;1476
16020;1197;1147;1589;2417;1472
16050;1204;1147;1593;2418;1472
16090;1212;1147;1598;2413;1470
16130;1226;1147;1606;2412;1471
16170;1233;1147;1615;2419;1467
16210;1241;1147;1620;2420;1466
16250;1248;1147;1625;2413;1467
16290;1259;1147;1628;2419;1467
16320;1268;1147;1632;2414;1466
16350;1276;1147;1636;2417;1469
16390;1286;1147;1640;2411;1475
16430;1295;1147;1645;2423;1471
16470;1303;1147;1652;2422;1466
16510;1312;1147;1660;2410;1466
16550;1321;1147;1665;2407;1472
16590;1329;1147;1670;2410;1465
16620;1337;1147;1675;2411;1463
16650;1344;1147;1681;2402;1465
16690;1359;1147;1687;2404;1459
16730;1367;1147;1690;2396;1468
16770;1377;1145;1694;2404;1458
16810;1387;1148;1698;2398;1470
16840;1401;1158;1700;2402;1468
16850;1408;1163;1701;2399;1463
16890;1415;1169;1701;2395;1462
16920;1420;1172;1703;2397;1465
16950;1426;1180;1705;2394;1471
16990;1435;1180;1706;2397;1471
17030;1447;1182;1706;2389;1476
17110;1464;1199;1706;2393;1481
17150;1471;1207;1709;2391;1479
17190;1480;1214;1711;2378;1500
17220;1489;1218;1712;2376;1500
17250;1502;1224;1712;2382;1500
17290;1507;1233;1713;2365;1514
17330;1522;1240;1713;2362;1517
17370;1530;1247;1714;2382;1505
17410;1533;1254;1714;2397;1491
17450;1577;1260;1717;2403;1472
17490;1601;1267;1719;2404;1469
17520;1625;1271;1721;2413;1464
17550;1624;1273;1727;2419;1462
17590;1661;1274;1730;2422;1461
17630;1699;1279;1733;2424;1458
17670;1721;1285;1736;2437;1447
17710;1738;1293;1736;2443;1433
17750;1739;1303;1738;2442;1428
17790;1759;1312;1738;2437;1423
17820;1767;1320;1739;2439;1421
17850;1776;1331;1740;2447;1415
17890;1785;1336;1742;2444;1412
17930;1798;1338;1745;2437;1413
17970;1811;1341;1750;2440;1413
18010;1821;1347;1753;2433;1418
18050;1834;1347;1755;2429;1421
18090;1843;1359;1756;2428;1423
18180;1854;1375;1757;2424;1424
18230;1875;1382;1759;2424;1424
18270;1883;1386;1760;2426;1424
18310;1892;1395;1761;2424;1423
18350;1906;1403;1763;2430;1421
18390;1918;1409;1765;2435;1421
18420;1926;1409;1766;2438;1413
18450;1933;1413;1767;2436;1410
18490;1941;1422;1769;2434;1413
18530;1953;1431;1771;2454;1405
18570;1959;1433;1772;2452;1404
18610;1968;1433;1773;2453;1398
18650;1965;1439;1773;2467;1397
18690;1978;1449;1774;2450;1409
18720;1991;1457;1774;2444;1407
18750;1999;1463;1774;2452;1404
18790;2007;1464;1775;2451;1406
18830;2016;1466;1775;2466;1397
18870;2025;1476;1777;2466;1395
18910;2088;1483;1779;2449;1407
18950;2126;1487;1779;2438;1412
18990;2146;1492;1779;2436;1410
19020;2160;1495;1779;2448;1405
19050;2170;1498;1780;2444;1410
19090;2182;1490;1780;2450;1406
19130;2187;1496;1780;2471;1398
19170;2195;1497;1780;2479;1392
19210;2203;1503;1781;2487;1395
19250;2210;1514;1782;2458;1408
19290;2215;1522;1783;2456;1412
19320;2224;1529;1783;2442;1414
19350;2229;1531;1783;2470;1403
19390;2229;1534;1784;2476;1395
19430;2238;1541;1785;2473;1400
19470;2246;1540;1786;2456;1409
19510;2251;1537;1786;2456;1410
19550;2257;1545;1786;2454;1413
19590;2260;1550;1786;2458;1412
19620;2263;1555;1786;2445;1417
19650;2267;1557;1786;2448;1414
19690;2273;1553;1787;2457;1405
19730;2277;1557;1786;2475;1375
19770;2280;1564;1787;2509;1366
19810;2288;1570;1788;2522;1358
19850;2292;1580;1790;2473;1393
19890;2295;1586;1791;2489;1377
19920;2296;1589;1791;2484;1377
19950;2296;1590;1791;2478;1381
19990;2296;1591;1792;2476;1387
20020;2296;1591;1792;2476;1393
20060;2295;1591;1792;2476;1394
20100;2295;1591;1792;2482;1389
20150;2295;1591;1791;2496;1388
20190;2295;1591;1791;2512;1381
20220;2295;1591;1792;2513;1394
20260;2297;1591;1792;2471;1411
20300;2296;1591;1792;2450;1433
20340;2295;1591;1792;2424;1452
20370;2296;1591;1792;2393;1485
20400;2296;1591;1792;2389;1516
20440;2295;1592;1792;2397;1543
20480;2295;1592;1792;2407;1579
20520;2293;1592;1792;2413;1590
20560;2292;1592;1792;2402;1604
20600;2291;1592;1792;2397;1619
20640;2292;1592;1792;2393;1627
20670;2293;1592;1792;2398;1635
20710;2288;1592;1791;2401;1640
20750;2284;1592;1792;2398;1640
20790;2276;1592;1791;2396;1650
20820;2269;1592;1792;2397;1650
20860;2264;1592;1792;2390;1654
20900;2261;1592;1792;2384;1658
20940;2255;1592;1792;2384;1673
20970;2250;1591;1792;2382;1676
21010;2242;1591;1792;2383;1680
21050;2237;1591;1792;2384;1689
21090;2232;1592;1792;2381;1688
21120;2227;1592;1792;2375;1693
21160;2223;1592;1792;2374;1702
21200;2219;1592;1792;2373;1708
21240;2214;1592;1792;2371;1715
21270;2205;1592;1792;2371;1716
21300;2200;1592;1792;2352;1731
21340;2191;1592;1792;2341;1727
21380;2187;1592;1792;2335;1729
21420;2176;1592;1793;2333;1726
21460;2173;1592;1792;2329;1716
21500;2167;1592;1792;2327;1723
21540;2156;1592;1792;2320;1739
21570;2146;1591;1792;2320;1750
21600;2138;1591;1792;2321;1748
21640;2075;1591;1792;2324;1749
21680;2038;1591;1791;2323;1748
21720;2015;1590;1791;2330;1743
21750;2004;1590;1792;2323;1753
21790;1990;1590;1791;2329;1752
21830;1983;1588;1790;2318;1750
21870;1974;1585;1787;2316;1763
21910;1964;1566;1784;2316;1758
21950;1954;1558;1782;2316;1754
21990;1947;1546;1781;2313;1762
22020;1939;1545;1780;2311;1763
22060;1932;1540;1779;2315;1775
22100;1926;1537;1776;2308;1772
22140;1909;1533;1775;2303;1771
22170;1902;1525;1773;2305;1775
22210;1898;1515;1773;2311;1772
22250;1877;1507;1772;2311;1768
22290;1872;1500;1771;2307;1758
22320;1866;1499;1769;2299;1762
22350;1858;1500;1767;2305;1768
22390;1852;1496;1766;2294;1771
22430;1841;1493;1765;2293;1774
22470;1830;1490;1762;2275;1785
22510;1817;1488;1759;2274;1786
22550;1808;1486;1756;2274;1785
22590;1798;1478;1751;2260;1803
22620;1783;1476;1746;2258;1801
22660;1781;1475;1742;2252;1802
22700;1739;1474;1740;2250;1806
22740;1734;1468;1739;2238;1789
22770;1736;1457;1738;2239;1802
22810;1733;1449;1737;2239;1802
22850;1715;1441;1736;2236;1794
22890;1702;1434;1735;2232;1803
22920;1676;1435;1735;2232;1804
22960;1645;1432;1732;2225;1812
23000;1629;1421;1727;2226;1809
23040;1583;1418;1724;2221;1813
23070;1558;1417;1723;2218;1819
23100;1546;1416;1719;2207;1821
23140;1531;1415;1713;2197;1831
23180;1503;1413;1709;2190;1844
23220;1496;1405;1705;2193;1826
23260;1492;1398;1701;2194;1836
23300;1489;1393;1697;2186;1849
23340;1483;1390;1693;2183;1847
23370;1472;1389;1688;2175;1857
23410;1466;1389;1682;2170;1850
23450;1453;1387;1676;2171;1866
23490;1441;1387;1672;2170;1858
23520;1433;1387;1667;2170;1856
23550;1429;1386;1661;2180;1853
23590;1421;1386;1652;2187;1850
23630;1409;1386;1645;2195;1860
23670;1398;1381;1639;2194;1845
23710;1386;1378;1634;2192;1856
23750;1380;1374;1631;2196;1852
23790;1369;1371;1630;2204;1853
23820;1360;1366;1628;2208;1848
23860;1349;1358;1626;2210;1843
23900;1340;1356;1621;2212;1855
23940;1331;1353;1612;2215;1859
23970;1321;1352;1606;2217;1858
24010;1314;1351;1600;2224;1853
24050;1304;1351;1592;2227;1861
24090;1294;1350;1582;2236;1857
24120;1285;1350;1575;2248;1849
24150;1277;1350;1567;2249;1845
24190;1266;1348;1559;2249;1846
24230;1256;1345;1552;2245;1860
24270;1249;1343;1546;2242;1863
24310;1243;1342;1541;2234;1867
24350;1231;1333;1537;2225;1876
24390;1219;1325;1534;2212;1890
24420;1212;1316;1534;2206;1892
24460;1203;1303;1533;2186;1899
24500;1195;1289;1533;2197;1901
24540;1185;1281;1533;2181;1919
24570;1180;1276;1532;2185;1929
24600;1174;1270;1531;2161;1951
24640;1165;1263;1529;2160;1952
24680;1157;1257;1527;2151;1961
24720;1148;1252;1523;2147;1968
24760;1140;1249;1518;2146;1977
24800;1132;1245;1513;2147;1964
24840;1125;1238;1510;2139;1988
24870;1120;1235;1508;2139;1991
24910;1117;1234;1506;2144;1976
24950;1115;1233;1504;2154;1947
24990;1114;1233;1503;2165;1927
25020;1114;1233;1502;2165;1929
25060;1114;1233;1502;2177;1902
25100;1114;1233;1502;2236;1832
25140;1114;1233;1502;2289;1781
25180;1114;1233;1503;2307;1758
25250;1114;1233;1503;2344;1734
25290;1114;1233;1504;2347;1741
25320;1114;1233;1503;2362;1727
25350;1115;1233;1503;2368;1724
25390;1115;1233;1503;2366;1705
25430;1115;1233;1503;2376;1683
25470;1115;1233;1503;2374;1683
25510;1122;1233;1503;2378;1680
25550;1126;1233;1503;2388;1669
25590;1134;1233;1503;2397;1661
25620;1142;1233;1503;2399;1659
25650;1147;1233;1503;2403;1648
25690;1154;1233;1503;2408;1640
25730;1164;1233;1505;2409;1613
25770;1171;1233;1508;2411;1609
25810;1178;1233;1514;2417;1605
25850;1187;1233;1519;2406;1603
25890;1196;1233;1524;2410;1600
25920;1202;1233;1528;2414;1592
25950;1208;1233;1532;2413;1590
25990;1223;1233;1538;2409;1583
26030;1232;1233;1544;2418;1578
26070;1239;1233;1550;2422;1576
26110;1247;1233;1558;2415;1569
26150;1255;1233;1564;2414;1566
26190;1265;1233;1569;2415;1554
26220;1275;1233;1575;2421;1543
26250;1283;1233;1581;2412;1541
26290;1294;1233;1586;2418;1540
26330;1301;1233;1590;2420;1525
26370;1309;1235;1596;2418;1520
26410;1319;1237;1602;2426;1507
26450;1328;1238;1610;2435;1504
26490;1338;1239;1618;2439;1493
26520;1344;1240;1622;2441;1493
26550;1357;1241;1624;2433;1490
26590;1364;1242;1628;2429;1494
26630;1374;1243;1630;2422;1491
26670;1382;1243;1634;2424;1491
26710;1398;1243;1638;2434;1476
26750;1409;1243;1645;2432;1476
26790;1416;1244;1649;2425;1480
26820;1424;1245;1652;2424;1481
26850;1430;1247;1656;2425;1481
26890;1442;1249;1662;2428;1469
26930;1454;1251;1666;2432;1470
26970;1461;1254;1669;2415;1489
27010;1470;1258;1671;2412;1493
27050;1477;1266;1674;2416;1489
27090;1489;1270;1679;2418;1493
27120;1496;1273;1684;2417;1489
27150;1502;1273;1688;2414;1491
27190;1511;1276;1690;2406;1502
27230;1525;1277;1693;2411;1499
27270;1531;1277;1697;2422;1489
27310;1582;1282;1701;2408;1502
27350;1596;1286;1704;2424;1489
27390;1623;1288;1708;2425;1482
27420;1631;1289;1711;2434;1474
27450;1671;1297;1715;2432;1481
27490;1696;1305;1718;2448;1466
27530;1714;1309;1720;2441;1470
27570;1734;1315;1722;2447;1467
27610;1724;1323;1725;2432;1473
27650;1750;1332;1729;2433;1472
27690;1759;1337;1732;2422;1481
27720;1771;1338;1734;2413;1490
27750;1784;1342;1735;2411;1493
27790;1793;1348;1736;2410;1494
27830;1807;1349;1736;2412;1488
27870;1821;1353;1736;2426;1475
27910;1834;1363;1737;2434;1477
27950;1843;1369;1738;2435;1477
27990;1849;1380;1738;2426;1482
28020;1858;1386;1739;2434;1474
28050;1861;1389;1742;2443;1464
28090;1879;1389;1745;2446;1467
28130;1886;1393;1748;2442;1467
28170;1891;1402;1749;2440;1466
28200;1905;1409;1751;2436;1467
28240;1916;1415;1753;2451;1465
28280;1924;1425;1754;2444;1466
28320;1933;1433;1755;2446;1462
28350;1936;1431;1757;2456;1457
28390;1947;1435;1757;2470;1443
28430;1955;1438;1759;2491;1421
28470;1967;1442;1761;2490;1424
28510;1968;1453;1763;2493;1425
28550;1978;1462;1764;2483;1423
28590;1986;1469;1765;2501;1419
28620;1996;1476;1766;2495;1420
28650;2006;1483;1767;2493;1418
28690;2012;1487;1767;2485;1397
28730;2019;1490;1768;2510;1378
28770;2043;1492;1769;2548;1359
28810;2097;1496;1771;2539;1357
28850;2131;1495;1772;2563;1343
28890;2148;1499;1772;2534;1348
28920;2157;1501;1773;2532;1345
28950;2161;1504;1773;2522;1346
28990;2163;1506;1773;2531;1347
29030;2164;1507;1773;2557;1348
29070;2165;1506;1774;2558;1355
29110;2165;1507;1774;2519;1377
29150;2165;1507;1774;2473;1411
29190;2165;1507;1773;2405;1436
29220;2165;1507;1773;2391;1455
29260;2164;1508;1774;2374;1511
29300;2165;1508;1774;2374;1546
29340;2164;1508;1774;2360;1572
29370;2163;1508;1774;2366;1587
29400;2162;1508;1774;2361;1600
29440;2161;1508;1774;2349;1621
29520;2160;1508;1774;2357;1661
29560;2153;1508;1774;2352;1672
29600;2147;1508;1774;2344;1677
29640;2139;1508;1774;2328;1686
29670;2077;1508;1774;2323;1682
29700;2046;1508;1774;2316;1691
29740;2027;1507;1774;2312;1694
29780;2010;1507;1774;2296;1719
29820;1999;1507;1774;2271;1730
29860;1988;1507;1774;2271;1737
29900;1984;1507;1774;2264;1739
29940;1974;1507;1774;2245;1755
29970;1969;1507;1774;2232;1760
30010;1956;1507;1774;2207;1770
30050;1949;1506;1774;2194;1768
30090;1943;1506;1774;2191;1758
30120;1938;1506;1774;2189;1752
30150;1932;1506;1774;2188;1743
30190;1924;1506;1774;2189;1741
30230;1908;1506;1774;2186;1746
30270;1900;1506;1774;2185;1745
30310;1889;1506;1772;2188;1750
30350;1878;1506;1769;2186;1750
30390;1867;1507;1766;2190;1753
30420;1861;1507;1762;2182;1759
30460;1854;1507;1759;2172;1763
30500;1837;1507;1756;2185;1767
30540;1832;1507;1751;2194;1769
30570;1828;1507;1746;2185;1779
30610;1816;1507;1742;2183;1786
30650;1805;1507;1739;2180;1782
30690;1795;1507;1739;2181;1802
30720;1786;1500;1738;2179;1759
30750;1780;1495;1737;2178;1778
30790;1761;1491;1737;2184;1779
30830;1756;1482;1736;2201;1766
30870;1745;1477;1736;2192;1790
30910;1734;1469;1735;2184;1785
30950;1726;1457;1734;2182;1794
30990;1686;1447;1728;2184;1798
31020;1657;1444;1725;2181;1802
31050;1640;1441;1723;2183;1807
31090;1635;1440;1722;2172;1806
31130;1586;1438;1721;2163;1817
31170;1560;1437;1716;2152;1829
31200;1545;1435;1711;2160;1828
31240;1527;1425;1708;2159;1826
31280;1518;1418;1706;2148;1839
31320;1504;1414;1702;2143;1844
31360;1494;1403;1699;2141;1845
31400;1489;1397;1696;2143;1850
31440;1469;1393;1693;2148;1852
31470;1465;1390;1691;2143;1854
31510;1456;1387;1689;2157;1859
31550;1445;1384;1684;2144;1864
31590;1435;1378;1681;2152;1860
31620;1428;1373;1676;2145;1865
31650;1423;1370;1673;2155;1863
31690;1415;1361;1672;2163;1859
31730;1401;1354;1670;2154;1868
31770;1394;1350;1667;2149;1869
31810;1384;1345;1662;2150;1865
31850;1377;1343;1659;2144;1878
31890;1362;1339;1653;2144;1883
31920;1354;1336;1648;2145;1879
31950;1346;1335;1643;2145;1894
31990;1337;1333;1638;2139;1903
32030;1328;1332;1634;2140;1889
32070;1318;1328;1630;2140;1889
32110;1312;1322;1627;2144;1897
32150;1302;1318;1621;2142;1911
32190;1293;1316;1613;2144;1908
32220;1285;1314;1607;2138;1907
32250;1276;1303;1604;2140;1902
32290;1266;1297;1600;2133;1916
32330;1257;1293;1596;2131;1919
32370;1249;1283;1591;2131;1911
32410;1244;1280;1588;2130;1923
32450;1232;1277;1585;2130;1942
32490;1220;1270;1580;2127;1947
32520;1212;1266;1576;2132;1947
32550;1204;1262;1573;2126;1953
32590;1196;1260;1569;2131;1956
32630;1191;1258;1563;2142;1946
32670;1184;1257;1558;2145;1936
32710;1180;1257;1555;2161;1892
32750;1178;1257;1551;2180;1870
32790;1177;1257;1548;2186;1864
32820;1176;1257;1547;2185;1864
32860;1176;1257;1546;2237;1799
32930;1176;1257;1546;2307;1743
32970;1176;1257;1546;2311;1737
33010;1176;1257;1546;2323;1723
33050;1177;1257;1546;2332;1730
33090;1178;1257;1546;2343;1721
33120;1177;1257;1546;2354;1696
33150;1177;1257;1546;2358;1682
33190;1177;1257;1546;2370;1670
33230;1182;1257;1546;2378;1661
33270;1189;1257;1546;2389;1651
33310;1196;1257;1546;2392;1630
33350;1203;1258;1546;2399;1617
33390;1212;1259;1546;2396;1613
33420;1225;1259;1546;2403;1603
33450;1234;1259;1547;2403;1602
33490;1237;1259;1547;2407;1603
33530;1246;1259;1549;2404;1611
33570;1251;1259;1553;2392;1612
33600;1260;1259;1559;2402;1611
33640;1271;1259;1565;2385;1619
33680;1279;1259;1571;2395;1611
33720;1290;1259;1577;2392;1614
33760;1302;1259;1583;2390;1616
33800;1309;1260;1589;2381;1616
33840;1316;1260;1596;2380;1627
33870;1324;1260;1602;2385;1625
33900;1332;1260;1609;2390;1628
33940;1342;1260;1616;2381;1619
33980;1357;1260;1621;2375;1631
34020;1366;1260;1624;2377;1623
34060;1376;1259;1628;2372;1618
34100;1384;1260;1631;2370;1621
34140;1395;1260;1634;2372;1621
34210;1412;1260;1638;2367;1616
34240;1419;1260;1642;2367;1609
34250;1424;1260;1647;2369;1599
34290;1434;1260;1652;2376;1599
34320;1445;1259;1658;2370;1590
34350;1453;1259;1663;2374;1579
34390;1461;1261;1666;2372;1571
34430;1472;1262;1670;2378;1551
34460;1477;1263;1674;2381;1547
34500;1482;1268;1678;2369;1559
34540;1498;1271;1681;2366;1555
34580;1498;1273;1687;2380;1544
34620;1508;1274;1690;2382;1540
34660;1524;1274;1694;2379;1537
34700;1528;1274;1698;2377;1533
34740;1569;1279;1700;2379;1535
34770;1600;1283;1703;2380;1524
34810;1607;1286;1707;2390;1509
34850;1638;1290;1710;2384;1525
34890;1680;1299;1712;2391;1512
34920;1697;1304;1716;2395;1505
34960;1714;1311;1719;2393;1502
35000;1730;1317;1720;2396;1503
35040;1736;1322;1721;2409;1492
35070;1757;1331;1726;2399;1497
35110;1766;1336;1730;2403;1497
35150;1776;1340;1732;2406;1486
35190;1788;1346;1734;2392;1506
35220;1798;1349;1735;2395;1501
35250;1809;1358;1735;2391;1511
35290;1822;1366;1735;2382;1524
35330;1834;1374;1735;2380;1547
35370;1843;1383;1735;2377;1545
35410;1849;1387;1736;2385;1531
35450;1859;1390;1734;2387;1513
35490;1865;1391;1735;2400;1499
35520;1881;1392;1738;2410;1485
35550;1887;1400;1738;2419;1486
35590;1890;1407;1740;2418;1478
35630;1905;1411;1742;2423;1469
35670;1916;1423;1743;2420;1472
35710;1924;1432;1744;2425;1471
35750;1933;1432;1748;2426;1468
35790;1940;1437;1751;2424;1468
35820;1948;1439;1753;2429;1467
35860;1956;1443;1754;2427;1464
35900;1967;1455;1756;2434;1461
35940;1972;1461;1757;2441;1456
35970;1979;1468;1757;2440;1456
36010;1986;1470;1758;2449;1451
36050;1997;1478;1759;2440;1456
36090;2008;1484;1761;2453;1449
36120;2016;1488;1763;2457;1444
36150;2021;1489;1764;2461;1437
36190;2083;1491;1766;2471;1435
36230;2118;1492;1767;2472;1424
36270;2143;1497;1768;2476;1428
36310;2156;1502;1770;2472;1422
36350;2170;1501;1772;2478;1422
36390;2177;1496;1772;2480;1419
36420;2186;1501;1773;2478;1419
36450;2191;1505;1773;2485;1417
36490;2197;1516;1774;2487;1418
36530;2204;1521;1775;2504;1408
36570;2211;1527;1778;2493;1412
36610;2216;1530;1779;2510;1404
36650;2224;1540;1780;2492;1410
36690;2229;1544;1781;2500;1404
36720;2230;1545;1781;2511;1389
36760;2239;1542;1781;2516;1381
36800;2244;1540;1781;2525;1384
36840;2249;1545;1781;2507;1387
36870;2253;1548;1781;2506;1397
36910;2254;1551;1781;2495;1404
36950;2254;1552;1781;2494;1405
36990;2254;1553;1781;2496;1404
37070;2255;1553;1782;2496;1406
37110;2255;1553;1782;2514;1400
37150;2255;1553;1782;2494;1418
37230;2254;1553;1782;2455;1437
37270;2253;1553;1782;2426;1477
37310;2253;1553;1782;2414;1522
37350;2255;1553;1782;2420;1548
37390;2253;1553;1782;2437;1578
37430;2252;1553;1782;2432;1597
37460;2251;1553;1782;2419;1605
37500;2250;1553;1782;2425;1622
37540;2250;1553;1782;2428;1636
37580;2251;1553;1782;2430;1646
37610;2247;1553;1782;2426;1647
37650;2240;1554;1782;2414;1644
37690;2233;1554;1782;2419;1649
37730;2228;1554;1783;2420;1653
37760;2220;1554;1782;2421;1655
37800;2212;1555;1782;2420;1664
37840;2205;1555;1782;2420;1666
37880;2200;1555;1782;2410;1674
37910;2192;1555;1782;2410;1673
37950;2187;1555;1782;2413;1668
37990;2175;1555;1782;2419;1670
38030;2168;1555;1782;2410;1673
38060;2159;1555;1776;2420;1674
38100;2151;1555;1778;2416;1676
38140;2143;1554;1780;2426;1675
38180;2079;1545;1781;2424;1684
38210;2045;1542;1781;2422;1678
38250;2024;1539;1782;2410;1682
38290;2006;1539;1782;2407;1680
38330;1984;1538;1781;2394;1671
38360;1979;1533;1782;2396;1681
38400;1972;1530;1782;2389;1688
38440;1967;1529;1782;2381;1691
38480;1963;1528;1782;2382;1696
38510;1956;1527;1783;2383;1692
38550;1946;1516;1782;2374;1681
38590;1940;1502;1782;2371;1690
38630;1935;1498;1782;2376;1689
38660;1925;1495;1782;2364;1698
38700;1905;1492;1782;2368;1690
38740;1897;1489;1782;2363;1707
38780;1896;1480;1782;2364;1700
38810;1887;1477;1782;2358;1703
38850;1877;1475;1782;2355;1717
38890;1865;1473;1782;2347;1724
38930;1856;1460;1782;2344;1701
38960;1853;1453;1782;2349;1702
39000;1844;1447;1782;2359;1699
39040;1836;1438;1782;2351;1704
39080;1830;1437;1782;2357;1703
39110;1821;1437;1782;2349;1700
39150;1808;1429;1781;2338;1713
39190;1796;1421;1781;2341;1722
39230;1787;1418;1780;2345;1698
39260;1785;1415;1779;2345;1712
39300;1772;1407;1776;2345;1709
39340;1760;1399;1774;2352;1706
39380;1757;1395;1770;2349;1714
39410;1750;1394;1767;2355;1710
39450;1735;1393;1763;2351;1714
39490;1689;1392;1759;2361;1716
39530;1660;1392;1752;2343;1723
39560;1641;1391;1748;2342;1719
39600;1619;1389;1744;2340;1735
39640;1578;1385;1741;2343;1722
39680;1559;1379;1739;2340;1740
39710;1546;1375;1737;2340;1734
39750;1532;1373;1737;2345;1744
39790;1518;1372;1735;2336;1750
39830;1509;1360;1730;2345;1747
39860;1496;1355;1726;2345;1744
39900;1486;1353;1723;2339;1753
39940;1479;1353;1719;2330;1750
39980;1470;1353;1712;2334;1756
40010;1463;1353;1707;2328;1751
40050;1452;1353;1701;2330;1759
40090;1442;1352;1696;2327;1754
40130;1432;1351;1691;2324;1766
40160;1427;1348;1686;2324;1762
40200;1419;1347;1680;2323;1777
40240;1405;1346;1675;2322;1776
40280;1396;1346;1670;2327;1782
40310;1385;1345;1665;2315;1793
40350;1379;1343;1659;2319;1786
40390;1367;1342;1652;2326;1791
40430;1357;1338;1647;2325;1794
40460;1347;1331;1643;2320;1796
40500;1339;1327;1638;2317;1804
40540;1329;1325;1634;2319;1806
40580;1318;1323;1631;2319;1811
40610;1312;1318;1630;2322;1797
40650;1303;1311;1627;2316;1812
40690;1295;1306;1625;2317;1822
40730;1287;1302;1619;2311;1825
40760;1278;1295;1614;2314;1815
40800;1267;1288;1609;2320;1815
40840;1257;1281;1605;2324;1820
40880;1250;1280;1601;2326;1815
40910;1244;1276;1598;2326;1814
40950;1231;1274;1595;2323;1818
40980;1220;1271;1590;2324;1828
41030;1211;1265;1587;2316;1832
41060;1203;1259;1585;2307;1842
41100;1195;1254;1584;2300;1842
41140;1185;1248;1582;2283;1857
41180;1177;1242;1578;2277;1871
41210;1170;1233;1575;2266;1875
41250;1161;1227;1573;2267;1871
41290;1154;1223;1572;2276;1855
41330;1143;1218;1570;2276;1872
41360;1137;1214;1567;2267;1880
41400;1129;1203;1563;2285;1845
41440;1124;1197;1559;2268;1868
41480;1115;1187;1554;2270;1873
41510;1108;1182;1549;2273;1865
41550;1103;1183;1544;2279;1872
41590;1094;1187;1538;2277;1885
41630;1085;1187;1534;2265;1890
41660;1080;1181;1531;2239;1903
41700;1074;1174;1529;2241;1914
41740;1063;1168;1528;2222;1932
41780;1054;1148;1528;2215;1936
41810;1049;1147;1528;2213;1940
41850;1042;1147;1527;2203;1955
41890;1034;1141;1524;2203;1941
41930;1029;1135;1522;2192;1963
41960;1023;1130;1521;2187;1972
42000;1017;1127;1519;2181;1987
42040;1013;1123;1516;2169;1994
42080;1003;1117;1513;2165;2005
42130;997;1117;1510;2176;2010
42170;993;1117;1508;2179;2009
42210;989;1117;1505;2186;1977
42250;987;1118;1504;2194;1961
42330;986;1118;1502;2195;1956
42370;986;1118;1502;2196;1953
42410;986;1118;1502;2196;1951
42450;986;1118;1502;2241;1874
42490;986;1118;1502;2278;1800
42530;986;1118;1502;2308;1756
42560;986;1118;1502;2322;1733
42600;986;1118;1502;2362;1733
42640;986;1118;1502;2366;1722
42680;986;1118;1503;2372;1707
42710;987;1118;1503;2376;1702
42750;987;1118;1502;2379;1695
42790;987;1118;1502;2381;1692
42830;988;1118;1502;2380;1687
42860;990;1118;1502;2383;1676
42900;1000;1118;1502;2377;1663
42940;1007;1118;1502;2383;1664
42980;1015;1118;1502;2386;1652
43010;1021;1118;1502;2390;1636
43050;1026;1118;1502;2390;1630
43090;1033;1118;1502;2391;1621
43100;1037;1119;1502;2395;1615
43140;1041;1118;1502;2400;1609
43170;1045;1118;1504;2398;1607
43210;1056;1119;1507;2402;1602
43250;1066;1119;1512;2396;1596
43290;1072;1119;1517;2400;1590
43320;1080;1118;1522;2409;1587
43360;1091;1118;1526;2411;1586
43400;1095;1118;1531;2416;1563
43440;1105;1118;1537;2414;1550
43470;1112;1118;1541;2413;1554
43510;1121;1119;1547;2418;1554
43550;1126;1119;1553;2420;1542
43590;1137;1119;1560;2414;1517
43620;1145;1119;1565;2409;1517
43660;1150;1119;1572;2410;1511
43700;1160;1118;1578;2412;1500
43740;1168;1119;1584;2415;1497
43770;1177;1119;1589;2404;1496
43810;1186;1119;1596;2402;1508
43850;1195;1119;1602;2399;1498
43890;1204;1119;1609;2385;1511
43970;1222;1119;1618;2410;1510
44010;1232;1119;1625;2400;1500
44050;1240;1119;1628;2395;1499
44130;1255;1119;1635;2391;1486
44170;1266;1119;1642;2395;1478
44210;1276;1119;1649;2394;1476
44250;1288;1119;1658;2391;1476
44290;1297;1119;1663;2397;1475
44330;1305;1119;1668;2394;1474
44350;1311;1119;1672;2396;1469
44400;1322;1119;1678;2397;1457
44440;1331;1119;1684;2407;1447
44480;1340;1120;1689;2412;1446
44510;1348;1117;1691;2413;1444
44550;1361;1120;1693;2412;1442
44590;1367;1121;1696;2407;1439
44630;1379;1131;1698;2388;1452
44660;1387;1138;1699;2389;1455
44700;1401;1148;1700;2375;1469
44740;1413;1158;1700;2382;1463
44780;1420;1165;1701;2381;1465
44810;1428;1170;1702;2369;1473
44850;1439;1178;1703;2365;1490
44890;1451;1183;1704;2364;1490
44930;1458;1186;1709;2374;1483
44960;1469;1185;1712;2363;1509
45000;1473;1183;1714;2380;1487
45040;1479;1192;1717;2382;1478
45080;1490;1202;1720;2381;1476
45110;1494;1210;1720;2387;1470
45150;1502;1215;1721;2389;1468
45190;1519;1217;1725;2395;1464
45230;1529;1219;1729;2403;1460
45260;1536;1225;1732;2401;1458
45300;1568;1234;1735;2399;1453
45340;1585;1238;1737;2404;1444
45380;1627;1242;1737;2395;1447
45410;1622;1251;1736;2396;1445
45450;1674;1257;1737;2396;1441
45490;1707;1266;1738;2405;1440
45530;1730;1272;1739;2398;1436
45560;1735;1276;1739;2409;1434
45600;1741;1283;1740;2407;1439
45640;1761;1289;1740;2401;1441
45680;1769;1299;1741;2403;1438
45710;1778;1308;1743;2403;1436
45750;1790;1314;1746;2397;1443
45790;1804;1328;1749;2372;1449
45830;1815;1335;1751;2383;1449
45860;1824;1339;1753;2393;1447
45900;1835;1344;1755;2394;1446
45940;1842;1347;1757;2379;1448
45980;1847;1357;1758;2387;1450
46010;1858;1364;1752;2390;1445
46050;1870;1370;1755;2407;1438
46090;1879;1373;1758;2420;1435
46130;1887;1382;1761;2412;1435
46160;1898;1387;1763;2411;1438
46200;1912;1388;1764;2421;1433
46240;1922;1391;1765;2404;1435
46280;1930;1403;1766;2396;1447
46310;1935;1408;1765;2386;1450
46350;1942;1421;1766;2390;1450
46390;1953;1430;1765;2398;1445
46430;1964;1433;1765;2398;1445
46460;1970;1437;1765;2392;1450
46500;1975;1442;1766;2393;1452
46540;1984;1451;1766;2383;1460
46580;1996;1459;1767;2381;1456
46610;2006;1467;1767;2378;1460
46650;2014;1474;1767;2387;1455
46690;2023;1480;1766;2384;1458
46730;2028;1485;1766;2389;1452
46760;2094;1488;1767;2386;1451
46800;2129;1493;1768;2395;1452
46840;2153;1497;1769;2410;1437
46880;2166;1500;1771;2440;1425
46910;2174;1497;1773;2445;1423
46950;2185;1496;1773;2451;1420
46980;2192;1501;1774;2467;1417
46990;2196;1500;1774;2458;1419
47030;2203;1500;1775;2473;1414
47060;2208;1511;1777;2453;1420
47100;2213;1519;1777;2442;1419
47140;2219;1524;1778;2434;1425
47180;2225;1528;1778;2432;1420
47210;2229;1536;1778;2416;1433
47250;2241;1543;1779;2403;1435
47290;2248;1539;1779;2388;1463
47330;2255;1535;1779;2383;1459
47360;2261;1546;1779;2385;1468
47400;2265;1552;1778;2401;1452
47440;2271;1539;1778;2398;1452
47480;2275;1549;1778;2411;1449
47510;2278;1553;1779;2414;1440
47550;2280;1556;1779;2422;1432
47590;2288;1561;1780;2457;1421
47630;2292;1567;1780;2500;1387
47660;2293;1572;1780;2525;1379
47700;2294;1574;1780;2548;1364
47740;2294;1575;1781;2555;1361
47780;2295;1576;1781;2550;1366
47810;2295;1577;1781;2541;1371
47850;2295;1577;1781;2535;1375
47890;2295;1577;1781;2533;1373
47930;2295;1577;1781;2535;1375
47960;2295;1576;1781;2539;1374
48000;2295;1576;1781;2534;1376
48020;2295;1576;1781;2539;1378
48040;2295;1576;1782;2525;1388
48080;2295;1577;1782;2498;1399
48110;2295;1577;1782;2463;1425
48150;2294;1578;1782;2467;1434
48190;2294;1578;1782;2453;1455
48230;2294;1578;1782;2411;1512
48240;2294;1578;1782;2408;1522