
63186;1165;881;868;3559;1452
63306;1748;1322;1302;1894;1509
63316;2040;1542;1520;1865;1514
63326;2188;1652;1628;1890;1576
63356;2260;1707;1683;1946;1699
63396;2296;1735;1711;1960;1730
63436;2314;1748;1725;1969;1730
63456;2323;1755;1732;1966;1725
63476;2328;1758;1735;1962;1720
63516;2332;1760;1737;1933;1665
63556;2332;1761;1738;1882;1567
63596;2333;1761;1738;1846;1495
63636;2334;1762;1739;1885;1439
63676;2334;1762;1739;2036;1403
63716;2334;1762;1739;2175;1384
63756;2334;1762;1739;2308;1430
63786;2335;1762;1739;2326;1433
63826;2335;1762;1739;2227;1457
63866;2335;1762;1739;2003;1469
63906;2342;1762;1739;1884;1474
63936;2346;1762;1739;1889;1501
63976;2349;1762;1739;1906;1523
64016;2351;1762;1739;1922;1534
64056;2352;1762;1739;1932;1539
64086;2355;1762;1739;1937;1539
64126;2358;1762;1739;1935;1533
64166;2361;1762;1739;1938;1530
64206;2362;1762;1739;1933;1516
64236;2362;1762;1739;1924;1509
64276;2361;1762;1739;1903;1491
64316;2365;1762;1738;1899;1491
64356;2368;1763;1737;1902;1487
64386;2369;1763;1737;1902;1494
64426;2370;1763;1737;1903;1500
64466;2371;1762;1737;1903;1502
64506;2374;1762;1738;1899;1509
64536;2375;1762;1738;1897;1513
64576;2375;1762;1738;1907;1519
64616;2375;1763;1739;1918;1523
64656;2375;1763;1739;1920;1525
64686;2375;1763;1739;1918;1524
64726;2375;1763;1739;1912;1521
64766;2375;1763;1739;1901;1514
64806;2375;1763;1740;1896;1509
64836;2375;1763;1740;1888;1504
64876;2376;1763;1740;1881;1502
64916;2375;1763;1740;1870;1492
64956;2374;1763;1740;1873;1493
64986;2374;1763;1740;1876;1494
65026;2374;1763;1740;1890;1500
65066;2374;1763;1740;1904;1507
65106;2374;1763;1740;1912;1509
65136;2374;1763;1740;1911;1512
65176;2374;1763;1740;1898;1506
65216;2375;1763;1740;1871;1495
65256;2375;1763;1740;1864;1496
65286;2375;1763;1740;1882;1504
65326;2374;1763;1740;1904;1515
65366;2374;1763;1741;1911;1516
65406;2375;1763;1741;1907;1517
65446;2375;1762;1741;1894;1518
65486;2376;1762;1741;1886;1518
65526;2377;1763;1741;1883;1518
30;2377;1763;1741;1880;1514
110;2377;1762;1741;1856;1509
150;2376;1762;1741;1848;1509
190;2376;1762;1742;1857;1508
240;2376;1762;1742;1887;1514
280;2377;1762;1743;1925;1522
320;2377;1763;1744;1947;1530
360;2377;1763;1744;1943;1534
400;2377;1763;1744;1937;1536
440;2377;1763;1743;1930;1527
480;2376;1763;1743;1929;1527
510;2376;1763;1743;1934;1532
560;2375;1763;1743;1940;1538
600;2375;1763;1743;1946;1541
660;2376;1763;1743;1947;1544
700;2376;1762;1743;1957;1545
710;2376;1762;1743;1960;1546
760;2375;1762;1743;1974;1575
800;2374;1762;1743;2018;1654
850;2375;1762;1743;2039;1720
890;2375;1762;1743;2019;1735
910;2376;1762;1743;2021;1736
950;2376;1762;1743;2034;1740
990;2376;1762;1744;2040;1743
1040;2376;1762;1744;2043;1750
1080;2376;1762;1744;2044;1747
1160;2376;1762;1744;2050;1746
1200;2375;1762;1744;2051;1748
1240;2375;1762;1744;2053;1751
1320;2376;1762;1744;2074;1753
1360;2375;1762;1744;2077;1754
1400;2375;1762;1744;2078;1752
1440;2374;1762;1744;2082;1749
1490;2375;1762;1745;2085;1746
1530;2375;1762;1745;2081;1738
1610;2375;1762;1745;2085;1734
1650;2375;1762;1746;2083;1734
1690;2375;1762;1746;2083;1729
1770;2375;1762;1747;2084;1729
1810;2375;1762;1747;2083;1727
1850;2374;1762;1747;2083;1723
1890;2374;1762;1747;2082;1724
1930;2374;1762;1747;2081;1722
1970;2374;1762;1747;2083;1721
2000;2373;1762;1747;2082;1721
2040;2373;1762;1747;2085;1722
2080;2373;1762;1747;2085;1720
2120;2373;1762;1747;2084;1719
2150;2373;1763;1747;2082;1719
2190;2373;1762;1747;2082;1718
2230;2374;1762;1747;2082;1719
2270;2374;1762;1747;2082;1719
2300;2374;1762;1748;2080;1718
2370;2373;1762;1748;2082;1717
2410;2374;1762;1748;2081;1717
2450;2374;1762;1748;2081;1717
2490;2374;1762;1748;2081;1717
2530;2374;1762;1748;2081;1717
2570;2374;1762;1748;2083;1717
2600;2375;1762;1748;2083;1719
2640;2374;1762;1748;2082;1717
2680;2374;1762;1748;2082;1719
2720;2373;1762;1748;2080;1716
2750;2374;1762;1748;2080;1716
2790;2374;1762;1748;2083;1712
2830;2373;1762;1748;2054;1613
2870;2375;1762;1749;2021;1530
2900;2375;1762;1749;2025;1507
2940;2376;1762;1749;2077;1519
2980;2375;1762;1749;2079;1522
2990;2375;1762;1750;2080;1523
3040;2375;1762;1750;2071;1537
3080;2376;1762;1750;2073;1534
3120;2375;1762;1749;2075;1531
3160;2375;1762;1749;2074;1524
3200;2375;1762;1749;2075;1497
3240;2375;1762;1749;2143;1491
3280;2375;1762;1749;2154;1499
3320;2376;1762;1749;2149;1506
3350;2376;1762;1749;2129;1509
3390;2376;1762;1750;2100;1521
3420;2376;1762;1750;2031;1510
3460;2377;1762;1750;2029;1530
3500;2377;1762;1749;2023;1539
3540;2377;1762;1750;2010;1541
3580;2377;1762;1750;1994;1538
3620;2378;1762;1749;1988;1534
3650;2378;1762;1749;1990;1536
3690;2378;1762;1749;1993;1536
3730;2378;1762;1749;1993;1539
3770;2377;1762;1749;1995;1541
3800;2376;1762;1749;2002;1542
3840;2375;1762;1749;2009;1546
3880;2374;1762;1749;2011;1549
3920;2375;1762;1749;2013;1550
3950;2375;1762;1749;2013;1552
3990;2375;1762;1749;2016;1548
4030;2375;1762;1749;2014;1547
4080;2375;1762;1749;2010;1551
4110;2375;1762;1749;2013;1554
4150;2374;1762;1749;2020;1556
4190;2374;1762;1749;2026;1566
4230;2374;1762;1749;2024;1571
4310;2375;1762;1750;2009;1567
4350;2374;1762;1749;2008;1567
4390;2373;1762;1749;2005;1567
4430;2373;1762;1749;1985;1559
4470;2373;1762;1749;1953;1553
4510;2373;1762;1749;1895;1542
4550;2372;1762;1749;1874;1572
4560;2372;1763;1750;1862;1570
4610;2373;1763;1749;1803;1558
4650;2374;1763;1749;1780;1566
4690;2375;1763;1749;1789;1561
4770;2375;1763;1749;1852;1570
4810;2375;1762;1749;1861;1575
4850;2375;1762;1749;1866;1574
4890;2374;1762;1749;1857;1572
4930;2373;1762;1749;1845;1571
4970;2373;1762;1749;1819;1560
5000;2374;1762;1749;1804;1564
5040;2373;1762;1749;1814;1583
5080;2374;1762;1749;1840;1621
5120;2374;1762;1749;1860;1672
5150;2375;1762;1749;1866;1668
5190;2374;1762;1749;1869;1667
5230;2374;1762;1749;1873;1664
5270;2375;1762;1749;1879;1659
5300;2375;1762;1749;1880;1660
5340;2374;1762;1749;1861;1652
5380;2374;1762;1749;1813;1648
5420;2375;1762;1749;1778;1656
5460;2375;1762;1749;1773;1670
5500;2373;1762;1750;1800;1667
5540;2373;1762;1750;1833;1661
5580;2374;1762;1750;1863;1660
5660;2374;1762;1750;1886;1658
5700;2373;1762;1750;1882;1658
5740;2373;1763;1750;1889;1657
5780;2373;1763;1750;1904;1657
5820;2374;1763;1751;1932;1662
5860;2373;1763;1750;1946;1661
5900;2373;1763;1750;1952;1658
5940;2374;1763;1750;1949;1657
5980;2374;1762;1750;1945;1650
6020;2374;1762;1750;1944;1645
6050;2374;1762;1750;1951;1644
6090;2374;1762;1750;1965;1636
6130;2374;1762;1750;1969;1637
6170;2374;1762;1750;1951;1631
6200;2374;1762;1750;1946;1629
6240;2374;1762;1750;1939;1625
6280;2374;1762;1750;1941;1625
6320;2374;1762;1750;1943;1625
6350;2374;1762;1750;1944;1626
6390;2374;1762;1750;1945;1626
6430;2374;1762;1750;1942;1630
6470;2374;1762;1750;1947;1632
6500;2374;1762;1750;1947;1633
6540;2374;1762;1749;1951;1634
6580;2374;1762;1749;1955;1636
6620;2374;1762;1750;1958;1636
6650;2374;1762;1750;1956;1637
6690;2374;1762;1750;1953;1638
6730;2374;1762;1750;1955;1637
6770;2374;1762;1750;1959;1635
6800;2374;1762;1750;1959;1636
6840;2374;1762;1750;1959;1635
6880;2374;1762;1750;1959;1635
6920;2374;1762;1750;1960;1637
6950;2374;1762;1750;1959;1635
6990;2374;1762;1750;1960;1636
7030;2374;1762;1750;1962;1635
7070;2374;1762;1750;1964;1637
7100;2374;1762;1750;1964;1637
7140;2374;1762;1750;1967;1638
7180;2374;1762;1750;1966;1637
7220;2374;1762;1750;1966;1639
7250;2374;1763;1750;1967;1638
7290;2374;1764;1750;1965;1636
7330;2374;1763;1750;1972;1643
7370;2374;1763;1750;1976;1641
7400;2374;1763;1750;1977;1624
7440;2375;1763;1751;1970;1569
7480;2375;1763;1751;1967;1556
7520;2375;1763;1752;1958;1544
7550;2377;1763;1753;1958;1538
7590;2380;1763;1755;1951;1527
7630;2382;1763;1756;1950;1532
7670;2383;1763;1756;1951;1532
7700;2383;1763;1757;1953;1531
7740;2383;1763;1757;1953;1527
7780;2383;1763;1757;1954;1530
7820;2383;1763;1756;1953;1528
7850;2383;1763;1756;1955;1531
7890;2383;1763;1756;1955;1530
7930;2383;1762;1756;1952;1528
7970;2384;1763;1756;1952;1529
8000;2383;1763;1756;1953;1533
8040;2383;1763;1756;1956;1535
8080;2382;1763;1756;1954;1533
8120;2383;1762;1756;1953;1530
8150;2383;1762;1756;1953;1533
8190;2383;1762;1757;1951;1532
8240;2383;1762;1757;1951;1533
8280;2384;1762;1757;1951;1530
8360;2385;1762;1757;1947;1527
8400;2384;1762;1756;1951;1531
8440;2384;1762;1756;1952;1531
8480;2384;1762;1756;1952;1530
8520;2384;1762;1756;1949;1530
8560;2384;1762;1757;1949;1530
8600;2383;1762;1757;1953;1531
8640;2383;1762;1757;1951;1526
8680;2383;1762;1757;1941;1527
8720;2383;1762;1757;1931;1529
8750;2384;1762;1757;1936;1571
8790;2383;1762;1757;1973;1657
8830;2385;1762;1757;2015;1734
8870;2384;1762;1757;1963;1721
8920;2382;1762;1757;1946;1737
8960;2382;1762;1757;1949;1753
9000;2384;1762;1757;1952;1767
9040;2383;1762;1757;1961;1783
9080;2387;1762;1757;1977;1802
9120;2384;1762;1756;1983;1812
9160;2382;1762;1756;1978;1816
9200;2377;1762;1757;1989;1789
9240;2373;1762;1757;1930;1799
9280;2372;1762;1757;1925;1812
9320;2375;1762;1757;1928;1822
9350;2368;1762;1757;1933;1833
9390;2363;1762;1757;1941;1838
9430;2362;1762;1757;1942;1845
9470;2352;1762;1757;1932;1853
9500;2345;1762;1757;1934;1856
9540;2339;1762;1757;1944;1860
9580;2335;1762;1756;1947;1872
9620;2330;1762;1756;1935;1871
9650;2327;1762;1757;1923;1866
9690;2325;1762;1757;1915;1866
9730;2319;1762;1757;1918;1864
9770;2313;1762;1757;1931;1863
9800;2310;1762;1757;1944;1864
9840;2310;1762;1757;1960;1853
9880;2305;1762;1758;1976;1851
9920;2299;1762;1758;1969;1852
9960;2298;1762;1757;1959;1845
10000;2292;1762;1757;1959;1849
10040;2282;1762;1757;1968;1845
10080;2270;1762;1757;1981;1842
10160;2256;1762;1757;1972;1837
10220;2248;1762;1757;1961;1841
10250;2243;1762;1757;1962;1839
10290;2245;1762;1757;1966;1841
10330;2243;1761;1757;1972;1845
10370;2230;1761;1757;1978;1846
10400;2215;1761;1757;1977;1841
10440;2206;1761;1757;1970;1840
10480;2196;1761;1757;1955;1847
10520;2191;1761;1758;1960;1849
10550;2176;1761;1757;1959;1836
10590;2171;1761;1757;1964;1839
10650;2159;1761;1758;1984;1835
10690;2155;1761;1758;1994;1834
10750;2139;1754;1757;2001;1827
10780;2134;1745;1758;2008;1820
10820;2066;1737;1757;2021;1820
10850;2031;1730;1757;2017;1824
10890;2004;1712;1757;2025;1821
10930;1988;1710;1757;2017;1828
10940;1974;1709;1757;2016;1829
10990;1961;1700;1756;2016;1828
11090;1944;1689;1753;2013;1825
11130;1938;1680;1752;2013;1819
11180;1930;1670;1749;2006;1824
11220;1920;1658;1745;2005;1830
11270;1906;1651;1742;1996;1825
11290;1896;1649;1741;2007;1831
11340;1880;1646;1739;2009;1821
11380;1878;1639;1738;2006;1815
11420;1865;1625;1738;2023;1793
11450;1852;1618;1738;2024;1784
11490;1848;1611;1737;2013;1795
11530;1838;1598;1737;2015;1787
11570;1834;1589;1736;2011;1787
11600;1821;1576;1736;2001;1786
11640;1817;1563;1736;1984;1790
11680;1806;1555;1737;1971;1789
11720;1795;1550;1737;1963;1792
11750;1789;1543;1737;1954;1792
11790;1787;1531;1737;1954;1784
11830;1770;1522;1737;1953;1783
11870;1758;1510;1737;1953;1784
11900;1749;1500;1737;1955;1779
11940;1735;1494;1735;1950;1785
11980;1721;1495;1733;1938;1784
12020;1690;1491;1730;1933;1786
12050;1661;1489;1727;1931;1789
12090;1612;1482;1723;1937;1785
12130;1570;1470;1721;1931;1791
12170;1550;1466;1720;1928;1792
12200;1543;1464;1717;1924;1791
12240;1527;1457;1715;1934;1795
12280;1522;1447;1713;1936;1793
12320;1510;1442;1712;1936;1792
12350;1500;1441;1710;1931;1798
12390;1492;1432;1708;1928;1793
12430;1483;1424;1707;1928;1798
12470;1468;1418;1704;1927;1799
12500;1464;1415;1703;1926;1803
12540;1455;1407;1702;1924;1804
12580;1441;1397;1700;1928;1803
12620;1425;1383;1698;1929;1798
12650;1419;1378;1697;1926;1802
12690;1412;1375;1695;1921;1809
12730;1400;1366;1694;1922;1815
12770;1388;1269;1692;1927;1816
12800;1385;1307;1690;1931;1816
12840;1368;1320;1687;1922;1823
12880;1351;1326;1681;1916;1830
12920;1348;1328;1675;1902;1835
12950;1344;1327;1672;1904;1840
12990;1335;1328;1670;1901;1851
13030;1325;1322;1666;1902;1849
13070;1316;1317;1662;1898;1848
13100;1311;1308;1660;1907;1847
13140;1303;1302;1653;1912;1855
13180;1292;1293;1650;1921;1853
13220;1281;1287;1646;1922;1850
13250;1272;1280;1644;1924;1846
13290;1262;1276;1639;1924;1841
13330;1251;1274;1634;1929;1842
13370;1244;1265;1631;1937;1845
13400;1236;1254;1630;1930;1847
13440;1224;1249;1627;1928;1847
13480;1213;1247;1625;1923;1853
13520;1208;1243;1624;1921;1849
13550;1202;1177;1623;1922;1850
13590;1191;1186;1622;1931;1861
13630;1183;1201;1620;1914;1865
13670;1173;1201;1618;1908;1864
13700;1164;1197;1617;1897;1864
13740;1153;1190;1615;1899;1859
13780;1145;1185;1615;1906;1857
13820;1138;1174;1614;1918;1866
13850;1129;1169;1612;1916;1878
13890;1123;1164;1608;1917;1886
13930;1115;1148;1606;1896;1890
13970;1109;1144;1604;1898;1892
14000;1100;1142;1602;1894;1896
14040;1091;1136;1601;1879;1898
14080;1085;1124;1599;1872;1900
14120;1079;1122;1597;1874;1894
14150;1073;1120;1596;1874;1892
14190;1062;1100;1595;1881;1892
14230;1052;1101;1595;1881;1894
14270;1044;1103;1594;1880;1894
14300;1038;1104;1592;1872;1897
14340;1033;1099;1589;1866;1895
14380;1027;1098;1587;1861;1901
14420;1021;1096;1584;1863;1906
14450;1013;1093;1579;1861;1907
14490;1006;1091;1575;1862;1908
14530;1000;1091;1570;1861;1912
14570;992;1087;1567;1863;1917
14600;988;1084;1563;1876;1918
14640;981;1083;1558;1878;1918
14680;976;1074;1552;1881;1923
14720;973;1068;1548;1880;1927
14750;969;1066;1544;1881;1934
14790;965;1064;1540;1878;1939
14830;960;1063;1536;1877;1940
14870;953;1064;1532;1858;1953
14900;946;1063;1530;1860;1952
14940;942;1061;1529;1858;1952
14980;939;1059;1525;1842;1953
15020;936;1058;1521;1826;1959
15050;932;1052;1518;1827;1957
15090;926;1050;1514;1816;1963
15130;920;1047;1511;1809;1972
15170;917;1047;1510;1801;1976
15200;914;1048;1509;1795;1982
15240;910;1048;1505;1780;1987
15280;904;1043;1502;1782;1978
15310;900;1040;1499;1780;1974
15350;895;1038;1496;1779;1987
15390;891;1037;1491;1777;1985
15430;887;1036;1485;1781;1967
15470;882;1036;1480;1793;1961
15500;878;1035;1477;1794;1955
15540;875;1035;1472;1818;1938
15580;873;1035;1469;1828;1935
15620;872;1035;1468;1833;1935
15650;871;1035;1466;1833;1935
15690;870;1035;1465;1826;1939
15730;870;1035;1465;1812;1952
15770;870;1035;1465;1795;1966
15800;870;1035;1465;1785;1973
15840;870;1029;1465;1785;1979
15890;868;1027;1465;1778;1996
15930;864;1029;1465;1775;2008
15990;862;1026;1465;1771;2026
16040;862;1024;1464;1771;2028
16080;861;1023;1464;1767;2049
16160;861;1022;1464;1746;2072
16210;861;1021;1464;1740;2073
16250;861;1021;1465;1731;2070
16300;860;1022;1465;1727;2068
16340;860;1022;1465;1727;2068
16380;861;1022;1465;1729;2068
16460;860;1022;1465;1723;2063
16500;860;1022;1465;1721;2063
16540;861;1022;1464;1721;2062
16580;861;1022;1464;1723;2063
16620;861;1022;1464;1721;2063
16660;861;1023;1464;1720;2065
16710;861;1022;1464;1721;2065
16750;861;1022;1464;1722;2064
16790;861;1023;1464;1719;2066
16830;861;1023;1464;1716;2065
16910;861;1023;1465;1717;2066
16950;861;1023;1465;1717;2065
16990;861;1023;1465;1715;2064
17030;861;1023;1465;1651;2031
17070;856;1023;1465;1618;2009
17110;854;1023;1465;1628;2010
17150;853;1023;1465;1636;1975
17190;852;1023;1465;1688;1933
17230;851;1024;1465;1724;1873
17270;851;1024;1465;1748;1834
17300;852;1024;1465;1770;1785
17340;852;1024;1465;1799;1754
17380;853;1024;1465;1760;1679
17430;853;1024;1465;1642;1547
17510;854;1024;1465;1457;1475
17550;854;1024;1465;1461;1469
17590;858;1024;1465;1491;1485
17630;861;1024;1466;1504;1520
17670;863;1024;1465;1511;1523
17710;867;1024;1465;1513;1558
17740;873;1023;1465;1507;1570
17790;880;1023;1465;1512;1567
17830;887;1023;1465;1511;1571
17870;894;1023;1465;1507;1561
17900;899;1023;1465;1518;1576
17970;908;1024;1465;1544;1580
18010;913;1024;1465;1555;1584
18050;918;1024;1465;1568;1671
18090;924;1024;1466;1574;1664
18130;930;1024;1468;1563;1659
18170;935;1024;1471;1565;1664
18200;940;1024;1474;1575;1667
18240;947;1024;1477;1576;1683
18250;953;1024;1479;1576;1684
18290;959;1024;1483;1581;1684
18330;965;1024;1487;1578;1701
18410;975;1024;1492;1584;1708
18450;981;1024;1496;1585;1710
18490;988;1024;1501;1583;1707
18530;994;1023;1505;1593;1711
18570;1003;1023;1508;1591;1724
18620;1012;1024;1513;1596;1738
18650;1019;1024;1516;1594;1741
18690;1024;1027;1521;1600;1766
18730;1029;1030;1525;1626;1779
18770;1036;1032;1529;1638;1805
18800;1043;1033;1532;1646;1794
18840;1048;1033;1537;1639;1778
18880;1058;1033;1540;1648;1783
18920;1065;1033;1544;1653;1785
18950;1069;1033;1548;1654;1779
18990;1074;1033;1553;1657;1761
19030;1078;1033;1559;1648;1746
19070;1085;1032;1564;1653;1751
19100;1094;1031;1568;1656;1746
19140;1095;1029;1570;1660;1747
19180;1104;1033;1572;1665;1769
19220;1114;1041;1575;1669;1787
19250;1121;1046;1576;1675;1802
19290;1129;1054;1578;1679;1795
19330;1139;1061;1580;1681;1795
19400;1152;1074;1581;1678;1805
19500;1168;1091;1582;1680;1837
19600;1187;1108;1583;1683;1888
19640;1198;1124;1584;1690;1896
19680;1218;1125;1585;1702;1903
19760;1233;1147;1587;1712;1906
19800;1245;1166;1588;1707;1925
19840;1257;1176;1589;1706;1921
19880;1267;1177;1591;1709;1920
19920;1279;1183;1594;1720;1927
19960;1292;1192;1596;1730;1945
19970;1299;1200;1598;1716;1956
20010;1306;1209;1600;1710;1967
20050;1313;1206;1601;1720;1970
20090;1324;1194;1604;1728;1971
20130;1332;1176;1610;1721;1971
20210;1348;1194;1618;1728;1958
20250;1361;1210;1622;1727;1957
20290;1369;1218;1626;1729;1947
20330;1379;1222;1629;1719;1932
20380;1395;1233;1631;1731;1932
20420;1406;1241;1633;1720;1922
20450;1417;1246;1637;1727;1910
20490;1425;1248;1640;1724;1894
20530;1432;1250;1645;1723;1882
20570;1440;1244;1651;1727;1871
20600;1450;1249;1655;1731;1883
20640;1464;1255;1659;1730;1909
20680;1472;1258;1664;1748;1928
20720;1476;1264;1667;1742;1949
20790;1485;1269;1669;1744;1963
20840;1502;1277;1670;1778;2010
20880;1516;1287;1670;1792;2071
20960;1561;1301;1671;1812;2159
21000;1615;1313;1671;1811;2237
21040;1621;1318;1671;1836;2245
21080;1655;1332;1673;1834;2233
21120;1700;1339;1675;1842;2211
21160;1720;1341;1679;1845;2170
21200;1733;1341;1683;1843;2171
21270;1751;1353;1687;1837;2140
21310;1765;1360;1691;1848;2110
21350;1774;1363;1694;1829;2083
21390;1782;1367;1698;1835;2043
21430;1798;1370;1701;1842;2038
21470;1803;1373;1704;1852;2045
21500;1814;1378;1705;1862;2032
21540;1823;1382;1708;1863;2068
21580;1834;1382;1711;1871;2067
21620;1843;1384;1713;1887;2094
21650;1849;1386;1717;1890;2107
21690;1857;1392;1719;1895;2142
21730;1865;1399;1718;1909;2150
21770;1879;1407;1720;1914;2171
21800;1889;1412;1722;1935;2240
21840;1899;1412;1722;1940;2272
21880;1908;1415;1724;1943;2295
21920;1908;1422;1728;1966;2351
21950;1927;1430;1731;1972;2360
21990;1937;1434;1732;1977;2387
22030;1945;1443;1733;1963;2391
22050;1953;1446;1734;1963;2392
22100;1962;1454;1734;1966;2431
22140;1966;1469;1735;1956;2453
22190;1980;1480;1735;1963;2462
22230;1996;1489;1735;1981;2549
22310;2015;1501;1735;1992;2593
22350;2079;1509;1735;1996;2593
22390;2114;1517;1735;1996;2553
22430;2137;1521;1735;1996;2530
22470;2155;1523;1735;1991;2501
22510;2168;1525;1735;1978;2461
22550;2175;1531;1735;1978;2472
22590;2185;1536;1736;1983;2458
22620;2188;1538;1737;1987;2465
22660;2193;1543;1738;1990;2447
22700;2199;1546;1737;1989;2441
22740;2212;1547;1737;1987;2416
22780;2222;1549;1739;1983;2405
22820;2229;1551;1739;1978;2423
22850;2236;1557;1740;1989;2435
22890;2251;1568;1740;1987;2452
22930;2251;1577;1740;1986;2457
22970;2255;1582;1740;1960;2450
23000;2258;1590;1740;1946;2444
23040;2261;1596;1740;1955;2445
23080;2264;1599;1740;1961;2432
23120;2266;1601;1740;1978;2427
23150;2270;1602;1740;1982;2399
23190;2279;1603;1740;1983;2366
23230;2286;1608;1740;1890;2324
23270;2291;1611;1742;1891;2323
23320;2296;1612;1744;1891;2293
23360;2300;1612;1746;1890;2294
23400;2302;1612;1747;1892;2300
23440;2305;1613;1748;1894;2303
23480;2307;1613;1749;1898;2277
23520;2310;1613;1750;1896;2257
23560;2312;1613;1751;1897;2251
23600;2314;1613;1753;1896;2241
23640;2314;1613;1755;1898;2250
23690;2316;1613;1756;1910;2222
23730;2316;1613;1757;1905;2212
23810;2320;1613;1758;1920;2215
23850;2326;1613;1759;1917;2212
23890;2330;1613;1760;1922;2194
23930;2333;1613;1761;1919;2181
23970;2338;1613;1762;1920;2180
24010;2343;1612;1763;1919;2177
24050;2346;1612;1764;1916;2177
24090;2348;1612;1765;1915;2182
24130;2350;1611;1765;1909;2190
24170;2353;1612;1765;1897;2220
24190;2353;1612;1765;1898;2226
24240;2350;1614;1765;1891;2239
24280;2348;1616;1765;1892;2244
24320;2348;1617;1765;1891;2240
24330;2348;1617;1765;1891;2243
24380;2349;1617;1765;1897;2227
24420;2349;1617;1765;1896;2219
24460;2348;1617;1765;1898;2194
24500;2350;1617;1765;1902;2193
24540;2353;1617;1765;1905;2187
24580;2356;1620;1765;1900;2207
24620;2358;1622;1765;1896;2214
24650;2359;1624;1765;1893;2217
24690;2359;1625;1765;1892;2217
24730;2359;1626;1765;1889;2219
24770;2359;1626;1765;1890;2225
24800;2359;1626;1765;1888;2227
24840;2359;1627;1765;1885;2224
24880;2360;1627;1765;1886;2225
24920;2360;1627;1765;1886;2224
24950;2360;1627;1765;1885;2226
24990;2360;1627;1765;1882;2223
25030;2360;1627;1765;1879;2217
25070;2360;1627;1765;1881;2222
25100;2360;1628;1765;1882;2223
25140;2360;1628;1765;1883;2225
25180;2359;1628;1765;1880;2225
25220;2360;1628;1765;1879;2226
25250;2359;1628;1765;1879;2229
25290;2359;1628;1765;1879;2228
25330;2360;1628;1766;1878;2227
25370;2359;1628;1766;1876;2223
25400;2359;1628;1766;1877;2218
25440;2359;1628;1765;1877;2211
25480;2359;1628;1765;1877;2215
25520;2359;1628;1765;1877;2222
25550;2359;1628;1765;1875;2223
25590;2359;1628;1766;1876;2223
25630;2359;1628;1766;1875;2216
25670;2359;1628;1766;1874;2219
25700;2359;1628;1766;1872;2224
25750;2359;1628;1766;1870;2237
25790;2359;1628;1766;1871;2234
25830;2359;1628;1766;1868;2217
25910;2359;1628;1766;1870;2220
25950;2359;1628;1766;1868;2228
25990;2359;1628;1766;1869;2226
26030;2359;1628;1766;1866;2215
26070;2359;1628;1766;1867;2208
26110;2359;1628;1766;1868;2213
26150;2358;1628;1766;1868;2216
26190;2358;1628;1766;1866;2226
26230;2358;1628;1766;1867;2218
26270;2358;1628;1766;1864;2208
26300;2358;1628;1766;1860;2193
26340;2358;1628;1766;1860;2206
26380;2358;1628;1766;1860;2209
26420;2358;1628;1766;1860;2202
26470;2358;1628;1766;1862;2212
26510;2358;1628;1766;1860;2230
26550;2358;1628;1766;1858;2235
26590;2358;1628;1766;1832;2229
26630;2359;1628;1766;1771;2205
26670;2358;1628;1766;1744;2186
26710;2359;1628;1766;1739;2194
26750;2359;1628;1766;1739;2202
26790;2358;1628;1766;1737;2245
26830;2359;1628;1766;1726;2256
26870;2358;1628;1766;1719;2254
26900;2357;1628;1766;1720;2254
26940;2356;1628;1766;1733;2251
26980;2357;1628;1766;1729;2251
27020;2357;1628;1766;1729;2258
27050;2357;1628;1766;1731;2258
27090;2357;1628;1766;1733;2258
27130;2357;1628;1766;1734;2267
27170;2357;1628;1766;1736;2283
27200;2356;1628;1766;1734;2284
27240;2356;1628;1765;1734;2287
27280;2356;1628;1765;1734;2293
27320;2356;1628;1765;1735;2297
27350;2357;1628;1765;1738;2301
27390;2356;1628;1765;1737;2307
27430;2356;1628;1765;1735;2307
27470;2355;1628;1765;1735;2308
27500;2355;1628;1766;1737;2308
27540;2356;1629;1766;1737;2307
27580;2356;1628;1766;1734;2304
27620;2356;1628;1766;1736;2308
27650;2356;1628;1766;1735;2306
27690;2356;1628;1766;1736;2292
27730;2356;1628;1766;1735;2285
27770;2356;1628;1766;1737;2297
27800;2355;1628;1766;1736;2307
27840;2355;1629;1766;1736;2311
27880;2356;1629;1766;1736;2310
27920;2356;1629;1766;1734;2311
27950;2356;1630;1766;1738;2312
27960;2356;1630;1766;1737;2313
28010;2357;1630;1766;1736;2309
28050;2357;1629;1765;1737;2306
28090;2357;1629;1765;1736;2312
28130;2356;1629;1765;1737;2322
28170;2356;1629;1765;1734;2330
28210;2357;1629;1765;1731;2327
28250;2357;1629;1765;1734;2321
28290;2357;1629;1765;1734;2313
28330;2357;1629;1765;1731;2328
28370;2357;1629;1765;1731;2342
28400;2357;1629;1766;1731;2344
28440;2356;1629;1766;1731;2338
28480;2357;1629;1766;1735;2329
28510;2357;1629;1766;1735;2325
28550;2357;1629;1766;1731;2338
28590;2357;1629;1766;1728;2350
28630;2357;1629;1766;1729;2354
28670;2357;1629;1766;1733;2349
28700;2356;1629;1766;1731;2343
28740;2356;1629;1766;1733;2341
28780;2356;1629;1766;1733;2342
28820;2356;1629;1766;1734;2339
28850;2356;1629;1766;1733;2328
28890;2356;1629;1766;1739;2294
28930;2356;1629;1766;1743;2251
28970;2356;1629;1766;1743;2225
29000;2356;1629;1766;1750;2216
29050;2357;1629;1766;1753;2210
29090;2356;1629;1765;1753;2197
29130;2356;1629;1765;1752;2173
29210;2356;1629;1765;1733;2101
29250;2356;1630;1766;1722;2080
29290;2356;1630;1766;1701;2025
29330;2356;1629;1766;1689;2018
29370;2356;1629;1766;1681;2024
29410;2356;1629;1766;1687;2033
29450;2356;1629;1766;1684;2037
29490;2356;1629;1766;1692;2020
29530;2356;1629;1766;1711;1997
29570;2356;1629;1766;1719;1980
29600;2357;1629;1766;1722;1969
29640;2358;1629;1766;1722;1955
29680;2359;1629;1766;1724;1949
29720;2360;1629;1766;1728;1949
29750;2360;1629;1766;1727;1952
29790;2360;1629;1766;1727;1949
29830;2360;1629;1766;1730;1942
29870;2360;1629;1766;1724;1929
29900;2360;1630;1766;1725;1920
29940;2360;1629;1766;1726;1921
29980;2360;1629;1766;1727;1921
30020;2360;1629;1766;1728;1918
30050;2360;1629;1766;1731;1921
30090;2359;1629;1766;1734;1927
30130;2359;1629;1766;1734;1932
30170;2359;1629;1766;1736;1938
30200;2359;1629;1766;1737;1939
30240;2359;1629;1766;1741;1937
30280;2359;1629;1767;1746;1934
30320;2359;1629;1767;1746;1939
30350;2359;1629;1767;1746;1940
30390;2359;1629;1767;1747;1938
30430;2360;1629;1767;1743;1938
30470;2360;1629;1768;1741;1940
30500;2360;1629;1768;1736;1941
30540;2360;1629;1767;1734;1938
30580;2360;1629;1767;1734;1932
30620;2360;1629;1767;1735;1935
30650;2360;1629;1767;1720;1945
30690;2360;1629;1768;1720;1953
30730;2359;1629;1768;1716;1954
30770;2360;1629;1768;1708;1994
30800;2360;1629;1768;1688;2006
30840;2359;1629;1768;1676;2029
30880;2358;1629;1768;1674;2077
30920;2357;1629;1768;1662;2135
30950;2357;1629;1768;1655;2161
30990;2356;1629;1767;1642;2184
31030;2357;1629;1768;1641;2201
31070;2357;1629;1768;1633;2204
31100;2354;1629;1768;1651;2217
31140;2353;1629;1768;1657;2216
31180;2355;1629;1767;1646;2245
31220;2355;1629;1767;1654;2263
31250;2354;1629;1767;1654;2274
31290;2353;1629;1767;1651;2281
31330;2351;1629;1767;1654;2283
31370;2351;1629;1767;1648;2284
31400;2351;1629;1768;1646;2293
31440;2347;1629;1768;1642;2276
31480;2341;1628;1768;1644;2257
31520;2335;1625;1767;1642;2252
31550;2332;1624;1768;1640;2254
31590;2330;1623;1768;1637;2265
31630;2331;1622;1768;1635;2262
31670;2327;1623;1768;1631;2240
31700;2319;1622;1767;1622;2205
31740;2314;1618;1767;1616;2157
31780;2305;1615;1767;1621;2178
31820;2304;1614;1767;1627;2218
31850;2304;1610;1767;1625;2214
31890;2299;1606;1767;1622;2187
31930;2291;1600;1767;1612;2128
31970;2288;1593;1767;1609;2129
32000;2281;1590;1767;1608;2140
32040;2272;1587;1767;1599;2158
32080;2265;1586;1767;1593;2149
32120;2257;1586;1768;1572;2103
32150;2250;1586;1768;1557;2068
32190;2245;1586;1768;1566;2090
32230;2239;1586;1768;1576;2105
32270;2238;1586;1768;1578;2116
32300;2237;1586;1768;1573;2113
32340;2229;1586;1768;1571;2081
32380;2213;1586;1768;1578;2081
32420;2205;1586;1767;1583;2072
32450;2199;1586;1767;1582;2079
32490;2191;1586;1767;1583;2069
32530;2177;1585;1768;1582;2048
32570;2172;1584;1767;1584;2050
32600;2177;1580;1767;1593;2033
32640;2160;1571;1767;1591;2026
32680;2153;1566;1767;1579;2003
32720;2144;1560;1767;1573;1975
32750;2077;1555;1767;1576;1975
32790;2036;1552;1767;1576;1953
32830;2016;1546;1767;1588;1966
32870;1996;1539;1767;1608;1973
32900;1985;1532;1768;1598;1975
32940;1976;1527;1767;1603;1972
32980;1963;1525;1767;1602;1979
33020;1951;1524;1767;1617;1989
33050;1945;1522;1767;1596;1988
33090;1940;1518;1767;1585;1969
33130;1934;1516;1767;1563;1943
33160;1927;1516;1767;1558;1941
33200;1917;1508;1767;1576;1961
33240;1907;1504;1767;1577;1967
33290;1892;1500;1767;1580;1946
33330;1885;1495;1767;1568;1913
33410;1864;1486;1767;1590;1939
33450;1854;1478;1767;1609;1967
33490;1845;1470;1767;1618;1983
33530;1839;1464;1767;1647;2023
33570;1826;1460;1767;1649;2048
33610;1818;1458;1767;1650;2045
33650;1807;1453;1766;1641;2042
33690;1796;1449;1765;1624;2012
33700;1791;1446;1765;1613;2008
33740;1788;1443;1764;1611;1991
33780;1782;1442;1763;1593;1970
33860;1763;1439;1757;1575;2001
33900;1736;1437;1752;1556;2001
33940;1727;1430;1748;1558;1978
33980;1716;1421;1744;1555;1973
34020;1683;1418;1742;1562;1994
34070;1630;1415;1739;1569;2007
34100;1588;1414;1736;1571;2014
34140;1563;1413;1736;1557;2027
34180;1551;1410;1731;1544;2027
34220;1531;1405;1726;1539;2015
34250;1522;1395;1724;1526;2018
34290;1513;1391;1723;1543;2038
34330;1503;1389;1720;1539;2058
34370;1496;1386;1716;1557;2080
34400;1487;1379;1714;1563;2105
34440;1475;1375;1711;1562;2085
34480;1466;1366;1708;1562;2087
34520;1462;1314;1707;1579;2104
34550;1453;1329;1707;1570;2108
34590;1440;1323;1706;1575;2098
34630;1427;1318;1704;1564;2079
34670;1419;1321;1703;1545;2048
34700;1410;1321;1700;1533;2053
34740;1396;1320;1696;1526;2067
34780;1388;1317;1693;1512;2046
34820;1376;1312;1691;1504;2054
34850;1351;1304;1688;1508;2048
34890;1345;1295;1686;1510;2050
34930;1342;1287;1683;1513;2057
34970;1334;1281;1679;1518;2089
35000;1326;1278;1676;1524;2100
35040;1315;1275;1672;1529;2129
35080;1311;1266;1670;1545;2127
35120;1306;1252;1670;1550;2120
35150;1297;1248;1669;1557;2092
35190;1285;1241;1669;1541;2075
35230;1276;1234;1667;1526;2079
35270;1266;1193;1663;1531;2095
35300;1260;1187;1660;1534;2123
35340;1250;1200;1656;1538;2142
35380;1243;1201;1651;1551;2155
35420;1223;1197;1648;1553;2179
35450;1217;1190;1646;1549;2186
35490;1212;1187;1644;1553;2204
35530;1206;1179;1643;1576;2219
35570;1195;1172;1641;1577;2216
35600;1186;1166;1640;1584;2226
35640;1177;1159;1639;1590;2239
35680;1168;1145;1637;1583;2219
35720;1157;1143;1636;1585;2197
35750;1147;1140;1635;1577;2189
35790;1140;1135;1632;1585;2171
35830;1133;1133;1629;1583;2175
35870;1125;1124;1627;1584;2173
35900;1118;1122;1626;1579;2176
35940;1112;1120;1623;1575;2164
35980;1100;1115;1619;1568;2164
36020;1091;1104;1613;1572;2185
36050;1085;1103;1609;1569;2196
36090;1079;1103;1606;1579;2209
36130;1073;1104;1603;1582;2230
36170;1063;1104;1599;1587;2246
36200;1055;1100;1595;1589;2266
36240;1045;1098;1591;1602;2280
36280;1039;1095;1588;1601;2310
36320;1034;1092;1586;1604;2311
36350;1031;1089;1584;1600;2311
36390;1025;1084;1581;1588;2315
36430;1018;1074;1578;1580;2351
36470;1010;1069;1575;1582;2382
36500;1005;1066;1573;1577;2381
36540;996;1061;1571;1582;2398
36580;989;1061;1568;1582;2399
36620;984;1061;1564;1581;2430
36650;980;1061;1559;1564;2418
36690;976;1059;1556;1568;2440
36730;972;1057;1551;1574;2454
36770;967;1051;1547;1576;2461
36800;961;1049;1545;1578;2463
36840;954;1047;1543;1588;2486
36880;949;1046;1541;1585;2517
36920;943;1047;1537;1583;2520
36950;940;1045;1534;1592;2530
36990;938;1041;1531;1590;2507
37030;936;1040;1529;1596;2482
37070;935;1040;1528;1606;2458
37100;934;1040;1526;1608;2428
37140;933;1040;1524;1609;2417
37180;933;1040;1522;1613;2418
37220;933;1040;1522;1639;2410
37250;933;1040;1522;1654;2436
37290;933;1040;1521;1660;2452
37330;933;1040;1521;1620;2471
37370;933;1040;1521;1667;2327
37400;933;1040;1521;1672;2188
37440;932;1040;1521;1644;2046
37480;932;1041;1521;1649;1987
37520;933;1041;1521;1733;2038
37550;934;1041;1522;1781;2101
37590;934;1041;1521;1810;2118
37630;935;1041;1522;1873;2188
37670;935;1041;1522;1894;2183
37700;935;1041;1522;1895;2156
37740;935;1041;1522;1888;2119
37780;934;1041;1522;1878;2083
37820;937;1041;1522;1874;2040
37850;940;1041;1522;1884;2030
37890;945;1041;1522;1879;2016
37930;952;1041;1522;1887;2015
37970;961;1041;1522;1885;2000
38000;966;1041;1522;1892;2003
38040;970;1041;1522;1882;1998
38080;976;1041;1522;1891;1995
38120;983;1041;1522;1892;1997
38150;991;1041;1522;1894;1984
38190;1002;1041;1522;1892;1982
38230;1009;1040;1525;1894;1982
38270;1018;1040;1527;1894;1975
38300;1024;1040;1529;1897;1968
38340;1029;1040;1533;1906;1965
38380;1036;1040;1538;1900;1971
38420;1044;1040;1543;1914;1976
38450;1051;1041;1548;1917;1978
38490;1060;1041;1553;1905;1965
38530;1068;1042;1559;1886;1952
38570;1074;1042;1564;1892;1942
38600;1082;1043;1568;1889;1935
38640;1091;1043;1572;1902;1928
38680;1098;1043;1578;1903;1922
38720;1106;1044;1581;1897;1948
38750;1114;1044;1584;1900;1952
38790;1122;1046;1590;1904;1944
38830;1126;1047;1595;1902;1922
38870;1139;1048;1598;1886;1933
38910;1147;1050;1601;1901;1955
38950;1156;1050;1606;1881;1946
38990;1165;1050;1612;1886;1951
39030;1173;1050;1618;1887;1956
39110;1185;1049;1623;1901;1977
39150;1195;1049;1626;1906;1996
39190;1206;1051;1627;1913;1989
39230;1219;1052;1630;1896;2002
39280;1231;1052;1636;1906;2009
39320;1240;1057;1640;1892;2016
39350;1247;1060;1642;1897;2010
39390;1256;1064;1644;1899;2032
39430;1267;1067;1646;1902;2041
39470;1276;1078;1647;1898;2020
39500;1287;1086;1648;1907;2046
39540;1295;1092;1651;1940;2074
39580;1305;1100;1654;1935;2110
39620;1315;1105;1656;1935;2105
39650;1325;1114;1657;1946;2109
39690;1333;1122;1658;1941;2131
39730;1343;1133;1658;1945;2130
39770;1351;1131;1659;1942;2161
39800;1360;1145;1660;1943;2155
39840;1365;1156;1661;1947;2166
39880;1375;1163;1662;1942;2179
39920;1392;1175;1664;1942;2194
39950;1401;1178;1665;1940;2196
39990;1415;1188;1666;1935;2229
40030;1425;1197;1667;1943;2257
40070;1435;1205;1668;1947;2254
40100;1445;1211;1668;1951;2266
40140;1452;1193;1669;1959;2268
40180;1464;1210;1669;1976;2246
40220;1473;1226;1670;1983;2236
40250;1479;1234;1672;1990;2185
40290;1488;1242;1675;1986;2145
40330;1492;1243;1678;1983;2125
40370;1505;1251;1680;1991;2147
40400;1514;1257;1682;2001;2157
40440;1522;1265;1684;2007;2205
40480;1532;1269;1687;2001;2220
40520;1587;1269;1690;1997;2263
40550;1589;1276;1692;1996;2286
40590;1622;1281;1694;2005;2315
40630;1656;1286;1695;2012;2319
40670;1696;1292;1698;2010;2327
40700;1715;1297;1700;2017;2342
40740;1736;1306;1702;2018;2343
40780;1749;1313;1704;2016;2348
40820;1760;1315;1705;2019;2335
40850;1771;1322;1706;2015;2349
40890;1777;1327;1708;2022;2332
40930;1778;1329;1710;2022;2323
40980;1791;1324;1712;2029;2330
41020;1798;1334;1715;2034;2363
41090;1818;1312;1718;2054;2392
41130;1832;1339;1719;2079;2409
41210;1849;1356;1720;2089;2456
41250;1851;1369;1721;2103;2427
41290;1866;1378;1726;2107;2387
41330;1882;1382;1731;2108;2351
41370;1891;1385;1735;2118;2349
41410;1903;1382;1736;2128;2355
41450;1911;1389;1737;2130;2365
41490;1924;1399;1736;2137;2387
41530;1936;1407;1737;2143;2374
41570;1944;1412;1737;2147;2396
41600;1948;1414;1738;2151;2408
41640;1960;1417;1738;2154;2440
41680;1969;1425;1738;2182;2504
41720;1978;1430;1739;2201;2539
41750;1987;1433;1739;2199;2533
41790;1994;1436;1740;2198;2532
41820;2001;1437;1744;2202;2508
41860;2004;1439;1747;2204;2499
41900;2019;1445;1750;2203;2495
41940;2026;1448;1753;2210;2506
41960;2082;1452;1754;2210;2509
42000;2118;1454;1756;2213;2505
42050;2144;1459;1757;2212;2533
42090;2161;1464;1757;2213;2532
42140;2172;1472;1758;2219;2551
42180;2185;1478;1758;2221;2547
42260;2195;1486;1759;2222;2540
42300;2207;1490;1759;2220;2550
42340;2216;1493;1761;2220;2542
42380;2226;1497;1763;2223;2533
42420;2239;1499;1764;2229;2527
42460;2247;1499;1765;2227;2509
42500;2250;1497;1765;2235;2505
42540;2255;1498;1766;2240;2494
42550;2259;1500;1767;2240;2490
42600;2270;1502;1768;2244;2496
42640;2271;1507;1769;2245;2491
42680;2274;1511;1770;2247;2490
42720;2275;1513;1772;2254;2478
42760;2276;1515;1774;2257;2456
42800;2279;1516;1774;2259;2430
42840;2284;1516;1774;2258;2382
42880;2287;1514;1774;2259;2371
42920;2289;1517;1776;2234;2418
42950;2291;1518;1777;2236;2415
42990;2295;1519;1778;2235;2401
43030;2301;1519;1779;2236;2392
43070;2305;1521;1780;2238;2383
43100;2308;1521;1780;2240;2382
43140;2310;1522;1780;2241;2397
43180;2313;1523;1781;2242;2400
43220;2315;1525;1781;2242;2395
43250;2317;1526;1781;2242;2399
43290;2318;1526;1781;2243;2404
43330;2318;1527;1781;2243;2415
43370;2318;1529;1781;2245;2414
43400;2317;1531;1781;2243;2405
43440;2318;1532;1781;2246;2405
43480;2322;1534;1781;2247;2397
43520;2323;1535;1781;2250;2400
43550;2325;1536;1781;2249;2386
43590;2326;1536;1782;2249;2379
43630;2329;1536;1784;2250;2377
43670;2330;1537;1785;2252;2374
43700;2333;1540;1786;2245;2389
43740;2337;1543;1787;2247;2373
43780;2341;1545;1788;2248;2353
43820;2344;1546;1789;2249;2355
43850;2346;1548;1790;2247;2369
43890;2348;1549;1791;2244;2378
43930;2348;1548;1791;2244;2391
43970;2348;1548;1791;2244;2402
44000;2347;1549;1791;2246;2395
44040;2347;1548;1791;2244;2396
44080;2349;1548;1792;2245;2397
44120;2350;1548;1792;2245;2399
44150;2351;1549;1792;2244;2405
44190;2352;1551;1791;2242;2404
44230;2352;1552;1792;2242;2407
44270;2353;1552;1792;2243;2404
44300;2353;1552;1792;2243;2407
44340;2353;1552;1792;2239;2390
44380;2354;1552;1792;2237;2376
44420;2355;1552;1791;2237;2387
44450;2356;1551;1791;2238;2392
44490;2356;1552;1791;2232;2393
44530;2357;1552;1791;2233;2402
44570;2357;1552;1791;2234;2412
44600;2357;1552;1791;2238;2419
44640;2357;1552;1791;2244;2431
44680;2357;1553;1791;2243;2437
44720;2356;1554;1792;2245;2444
44750;2356;1555;1792;2245;2451
44790;2357;1556;1792;2245;2471
44830;2357;1556;1792;2243;2481
44870;2358;1555;1792;2242;2484
44910;2357;1555;1791;2244;2489
44940;2357;1555;1791;2242;2491
44990;2358;1556;1791;2242;2496
45020;2358;1556;1791;2239;2497
45050;2358;1556;1792;2238;2495
45090;2358;1556;1791;2233;2492
45130;2359;1556;1791;2235;2494
45170;2358;1556;1791;2234;2494
45200;2358;1556;1791;2232;2497
45240;2359;1556;1791;2234;2498
45280;2358;1556;1792;2231;2497
45320;2358;1557;1792;2232;2495
45350;2358;1556;1792;2231;2497
45390;2359;1556;1792;2230;2506
45430;2358;1555;1792;2229;2539
45470;2357;1556;1791;2223;2533
45500;2357;1557;1791;2226;2537
45540;2357;1558;1791;2222;2537
45580;2357;1559;1791;2225;2541
45620;2357;1559;1791;2223;2540
45650;2358;1560;1791;2222;2535
45690;2357;1560;1791;2217;2530
45730;2357;1560;1791;2216;2531
45770;2358;1561;1792;2211;2531
45800;2358;1561;1792;2210;2526
45840;2358;1561;1792;2209;2525
45880;2358;1561;1792;2207;2530
45920;2358;1561;1792;2209;2532
45950;2357;1561;1792;2211;2533
45990;2357;1561;1792;2212;2540
46030;2358;1561;1792;2216;2542
46070;2358;1561;1792;2217;2552
46100;2359;1562;1792;2221;2555
46140;2359;1564;1792;2179;2590
46180;2357;1565;1792;2127;2549
46220;2355;1565;1792;2078;2484
46250;2353;1565;1792;2041;2459
46290;2352;1566;1792;2016;2434
46330;2352;1567;1792;1999;2398
46370;2351;1567;1792;1977;2348
46400;2349;1567;1792;1975;2336
46440;2347;1567;1792;1973;2331
46480;2346;1566;1792;1971;2326
46520;2346;1567;1791;1957;2299
46550;2346;1567;1792;1960;2296
46590;2346;1567;1792;1957;2278
46630;2346;1567;1792;1952;2268
46670;2346;1567;1792;1957;2286
46700;2346;1567;1792;1959;2294
46740;2346;1567;1792;1962;2308
46780;2347;1567;1792;1969;2321
46820;2347;1567;1792;1973;2343
46850;2347;1567;1792;1973;2358
46890;2347;1567;1792;1977;2364
46930;2346;1567;1792;1978;2366
46970;2346;1567;1792;1980;2368
47000;2346;1567;1792;1982;2369
47040;2346;1567;1792;1980;2370
47080;2346;1567;1792;1976;2368
47120;2346;1567;1792;1976;2353
47150;2346;1567;1792;1972;2335
47190;2346;1567;1792;1970;2327
47230;2346;1567;1792;1971;2329
47270;2346;1567;1792;1970;2329
47300;2346;1568;1792;1971;2332
47340;2347;1568;1792;1975;2337
47380;2347;1568;1791;1975;2340
47420;2347;1568;1791;1977;2354
47450;2347;1568;1791;1975;2358
47490;2348;1568;1791;1975;2362
47530;2348;1568;1791;1973;2352
47570;2348;1568;1791;1974;2338
47600;2348;1568;1791;1974;2330
47640;2347;1568;1791;1972;2325
47680;2347;1568;1792;1973;2334
47720;2347;1568;1792;1972;2344
47750;2347;1568;1792;1972;2352
47790;2347;1568;1792;1974;2350
47830;2347;1568;1792;1973;2342
47870;2347;1568;1792;1974;2342
47900;2347;1568;1792;1975;2343
47940;2347;1568;1791;1974;2342
47980;2347;1568;1792;1973;2348
48020;2347;1568;1792;1974;2351
48050;2348;1568;1792;1974;2344
48090;2348;1568;1792;1975;2339
48130;2348;1568;1792;1973;2341
48170;2348;1568;1792;1973;2341
48200;2348;1568;1792;1974;2340
48240;2348;1568;1791;1972;2336
48280;2348;1568;1791;1973;2336
48320;2348;1568;1791;1975;2337
48350;2348;1568;1791;1974;2335
48390;2348;1568;1792;1973;2335
48430;2347;1568;1792;1972;2337
48470;2347;1568;1792;1972;2337
48500;2347;1568;1791;1974;2334
48540;2347;1568;1791;1974;2334
48580;2348;1568;1792;1976;2336
48620;2348;1568;1792;1975;2331
48650;2348;1568;1792;1974;2330
48690;2347;1568;1792;1975;2329
48730;2347;1568;1792;1974;2324
48770;2347;1568;1792;1975;2322
48840;2347;1568;1792;1970;2305
48880;2347;1568;1792;1961;2305
48920;2347;1568;1792;1956;2302
48950;2347;1568;1792;1958;2307
48990;2348;1568;1792;1947;2249
49030;2349;1568;1792;1955;2200
49070;2350;1568;1792;1967;2142
49100;2352;1568;1792;1972;2110
49140;2353;1568;1792;1974;2090
49180;2353;1569;1792;1973;2088
49220;2353;1569;1792;1976;2089
49250;2353;1569;1792;1975;2089
49290;2354;1570;1792;1976;2090
49330;2354;1570;1792;1975;2097
49370;2354;1570;1792;1975;2099
49400;2354;1570;1792;1975;2099
49440;2354;1570;1792;1976;2100
49480;2354;1570;1792;1976;2100
49520;2354;1570;1792;1977;2102
49550;2354;1570;1792;1977;2102
49590;2354;1570;1792;1976;2103
49630;2354;1570;1792;1977;2103
49670;2353;1570;1792;1976;2101
49700;2354;1570;1792;1977;2104
49740;2354;1570;1792;1976;2103
49780;2354;1570;1792;1975;2104
49820;2354;1570;1792;1975;2104
49850;2354;1570;1792;1976;2101
49890;2354;1570;1792;1977;2095
49930;2354;1570;1792;1976;2100
49970;2353;1570;1792;1979;2108
50000;2353;1570;1792;1976;2107
50040;2353;1570;1792;1977;2108
50080;2353;1570;1792;1978;2109
50120;2353;1570;1791;1980;2107
50150;2353;1570;1792;1980;2103
50190;2353;1570;1792;1978;2091
50210;2354;1570;1792;1977;2092
50230;2354;1570;1791;1977;2092
50270;2354;1570;1792;1977;2156
50300;2353;1570;1792;1973;2234
50340;2352;1570;1792;1955;2257
50380;2350;1570;1792;1913;2230
50420;2350;1570;1792;1893;2216
50450;2349;1570;1792;1901;2235
50490;2345;1570;1792;1897;2240
50530;2340;1570;1792;1901;2258
50570;2337;1570;1791;1896;2277
50600;2336;1570;1792;1897;2288
50640;2335;1570;1791;1896;2299
50680;2334;1570;1791;1898;2307
50720;2333;1570;1792;1898;2295
50760;2333;1570;1792;1895;2273
50790;2333;1570;1792;1895;2260
50830;2333;1570;1792;1908;2287
50870;2333;1570;1792;1917;2319
50900;2333;1570;1792;1918;2322
50940;2334;1569;1792;1917;2286
50980;2337;1568;1791;1918;2272
51020;2331;1567;1791;1930;2275
51050;2328;1566;1792;1933;2275
51090;2321;1566;1792;1941;2288
51130;2315;1566;1792;1939;2323
51170;2310;1566;1792;1948;2346
51200;2302;1566;1791;1937;2336
51240;2299;1565;1791;1926;2306
51280;2298;1565;1791;1932;2332
51320;2295;1565;1791;1941;2345
51350;2300;1565;1791;1934;2361
51390;2293;1565;1791;1934;2375
51430;2286;1565;1791;1928;2376
51470;2279;1565;1791;1920;2364
51500;2273;1564;1792;1914;2333
51540;2268;1564;1792;1912;2339
51580;2260;1564;1792;1912;2334
51620;2254;1564;1791;1905;2337
51650;2248;1564;1791;1903;2323
51690;2241;1564;1791;1910;2325
51730;2239;1557;1791;1903;2282
51770;2231;1554;1791;1901;2311
51800;2222;1553;1791;1900;2307
51840;2215;1553;1792;1899;2313
51880;2206;1552;1791;1894;2291
51920;2200;1546;1791;1895;2280
51950;2199;1542;1792;1892;2276
51990;2192;1541;1791;1892;2291
52030;2178;1540;1791;1892;2306
52070;2172;1539;1791;1877;2305
52100;2170;1539;1791;1879;2306
52140;2156;1532;1791;1865;2266
52180;2152;1528;1791;1864;2280
52220;2141;1524;1791;1860;2263
52250;2074;1521;1791;1857;2265
52290;2037;1518;1791;1863;2241
52320;2017;1513;1791;1864;2243
52330;2006;1508;1791;1863;2239
52370;1991;1505;1791;1862;2241
52400;1984;1504;1791;1853;2240
52440;1978;1505;1791;1853;2235
52480;1968;1500;1792;1866;2254
52520;1954;1498;1792;1858;2249
52550;1949;1497;1792;1852;2246
52590;1940;1496;1791;1830;2220
52620;1937;1493;1792;1814;2224
52630;1931;1491;1792;1821;2213
52670;1926;1489;1791;1817;2225
52700;1917;1488;1790;1813;2223
52740;1909;1487;1788;1824;2227
52780;1902;1482;1785;1815;2218
52820;1891;1477;1784;1820;2225
52850;1883;1468;1783;1808;2216
52890;1874;1464;1782;1823;2238
52920;1861;1461;1780;1818;2240
52930;1848;1460;1777;1815;2240
52970;1849;1459;1775;1808;2243
53000;1844;1456;1773;1798;2224
53040;1835;1451;1772;1804;2230
53080;1831;1449;1771;1800;2237
53150;1820;1447;1768;1808;2279
53190;1803;1443;1766;1812;2276
53230;1794;1438;1765;1801;2283
53270;1789;1433;1763;1811;2298
53300;1785;1422;1761;1819;2297
53340;1771;1418;1761;1810;2297
53380;1759;1417;1760;1795;2298
53420;1749;1415;1759;1798;2268
53450;1734;1408;1757;1796;2258
53490;1726;1401;1755;1779;2247
53530;1700;1393;1753;1786;2275
53570;1651;1389;1751;1787;2277
53600;1612;1381;1748;1801;2294
53640;1571;1375;1745;1793;2295
53680;1551;1374;1741;1808;2335
53720;1534;1372;1738;1816;2357
53750;1522;1371;1737;1797;2388
53790;1518;1370;1734;1806;2439
53830;1509;1370;1728;1808;2497
53870;1501;1370;1723;1806;2508
53900;1495;1370;1718;1802;2516
53940;1485;1368;1714;1803;2478
53980;1473;1347;1711;1798;2450
54020;1466;1340;1710;1805;2426
54050;1462;1332;1709;1792;2400
54090;1443;1325;1709;1793;2367
54130;1433;1319;1709;1803;2337
54170;1423;1307;1709;1806;2328
54200;1415;1296;1710;1796;2329
54240;1402;1285;1710;1803;2347
54280;1389;1279;1709;1795;2360
54320;1386;1272;1708;1803;2361
54350;1369;1264;1708;1800;2359
54390;1350;1255;1707;1799;2376
54430;1348;1248;1706;1794;2389
54470;1343;1246;1705;1781;2393
54560;1325;1158;1701;1795;2401
54620;1313;1176;1699;1793;2403
54650;1300;1195;1698;1795;2406
54690;1288;1198;1696;1793;2412
54730;1279;1193;1695;1779;2394
54770;1267;1188;1693;1788;2405
54800;1259;1184;1692;1801;2432
54840;1249;1177;1689;1794;2435
54880;1242;1171;1686;1793;2423
54920;1232;1166;1681;1784;2422
54950;1221;1161;1675;1782;2418
54990;1211;1142;1672;1787;2441
55030;1206;1142;1670;1787;2430
55070;1197;1143;1668;1781;2442
55100;1188;1139;1667;1780;2461
55140;1181;1135;1664;1793;2495
55180;1173;1128;1660;1797;2530
55220;1161;1121;1653;1803;2524
55250;1153;1120;1649;1804;2526
55290;1145;1120;1645;1808;2505
55330;1138;1120;1639;1807;2516
55370;1130;1120;1634;1804;2523
55410;1122;1119;1632;1806;2531
55480;1112;1112;1628;1807;2542
55520;1101;1107;1622;1802;2565
55550;1092;1102;1618;1794;2575
55590;1085;1103;1614;1784;2580
55630;1079;1101;1609;1783;2593
55670;1073;1099;1605;1783;2596
55680;1067;1097;1603;1770;2597
55730;1057;1095;1599;1775;2620
55770;1047;1092;1595;1767;2631
55820;1038;1090;1590;1763;2633
55850;1033;1087;1587;1761;2636
55890;1029;1085;1581;1754;2644
55920;1024;1080;1576;1747;2644
55930;1021;1069;1574;1744;2645
55970;1014;1064;1573;1747;2666
56000;1007;1061;1571;1741;2679
56040;1003;1057;1568;1746;2693
56080;993;1060;1565;1747;2716
56120;989;1062;1560;1748;2727
56150;986;1062;1557;1750;2758
56190;982;1056;1555;1751;2760
56230;976;1051;1552;1749;2760
56270;971;1049;1549;1746;2771
56300;967;1048;1546;1748;2769
56340;964;1048;1545;1749;2801
56380;957;1043;1544;1748;2828
56420;950;1039;1543;1750;2858
56450;947;1035;1541;1748;2867
56490;943;1030;1539;1748;2883
56530;939;1027;1537;1736;2896
56570;935;1028;1536;1735;2917
56610;933;1029;1534;1735;2933
56640;928;1027;1531;1733;2948
56680;924;1023;1529;1735;2953
56720;920;1019;1528;1735;2973
56750;918;1016;1528;1737;2985
56790;915;1014;1526;1737;3016
56830;910;1012;1524;1740;3030
56900;907;1010;1522;1747;3039
56940;905;1008;1521;1749;3040
56980;904;1007;1520;1754;3039
57020;903;1007;1519;1751;3044
57050;902;1006;1519;1748;3048
57090;902;1006;1519;1742;3059
57120;901;1004;1518;1753;3073
57130;900;1002;1518;1753;3071
57170;897;999;1518;1746;3093
57200;893;997;1518;1752;3110
57240;890;996;1517;1751;3137
57280;887;996;1517;1747;3154
57320;886;991;1518;1750;3184
57350;884;987;1517;1749;3197
57390;879;984;1517;1749;3213
57430;875;979;1517;1755;3223
57470;873;977;1517;1756;3217
57500;872;976;1516;1757;3207
57540;871;976;1516;1756;3205
57580;871;975;1516;1760;3204
57620;871;976;1516;1762;3201
57650;871;977;1516;1760;3199
57690;871;977;1516;1761;3200
57730;871;977;1516;1755;3202
57770;871;977;1515;1754;3218
57800;870;977;1515;1755;3233
57840;870;977;1515;1761;3221
57880;870;977;1515;1769;3217
57920;870;977;1515;1772;3219
57950;870;977;1515;1771;3218
57990;870;977;1515;1773;3216
58030;870;977;1515;1772;3215
58070;870;977;1514;1770;3212
58100;870;977;1514;1773;3211
58140;870;977;1514;1772;3204
58180;870;977;1514;1775;3204
58220;869;977;1514;1771;3201
58250;869;977;1514;1773;3201
58290;869;977;1513;1774;3200
58330;869;977;1513;1775;3202
58370;869;977;1514;1774;3201
58400;869;977;1514;1773;3200
58440;869;977;1514;1774;3203
58480;869;977;1514;1776;3199
58520;869;977;1514;1775;3197
58550;869;977;1514;1776;3202
58590;869;977;1514;1797;3209
58630;869;977;1514;1808;3198
58670;869;977;1514;1835;3118
58700;870;978;1514;1848;3056
58740;870;978;1514;1856;2950
58780;870;978;1514;1861;2882
58820;870;978;1514;1868;2812
58850;870;978;1514;1867;2689
58890;870;978;1514;1871;2598
58930;870;978;1514;1868;2460
58970;870;978;1514;1873;2367
59000;870;978;1514;1874;2298
59040;871;978;1514;1876;2239
59080;871;978;1514;1867;2198
59120;871;978;1514;1920;2253
59150;871;978;1514;1940;2280
59190;871;978;1514;1958;2306
59230;871;978;1514;1977;2319
59270;871;978;1514;1978;2318
59300;871;978;1514;1987;2332
59340;875;978;1514;1985;2312
59380;879;978;1514;1991;2312
59420;883;978;1514;1993;2299
59450;886;978;1514;1994;2289
59490;892;978;1514;1989;2270
59530;898;978;1514;1988;2238
59570;903;978;1514;1993;2226
59600;908;978;1514;1994;2212
59640;912;979;1514;2001;2201
59680;917;979;1514;1996;2196
59720;923;979;1514;1994;2176
59750;928;980;1514;1991;2165
59790;932;980;1514;1992;2171
59830;937;980;1514;1993;2174
59870;942;980;1515;1995;2174
59900;949;980;1515;1991;2166
59940;958;980;1515;1997;2177
59980;965;980;1517;1995;2156
60020;971;980;1519;1986;2136
60050;976;980;1523;1982;2134
60090;982;980;1525;1984;2136
60130;988;980;1529;1985;2120
60170;998;980;1534;1987;2103
60200;1006;980;1539;1988;2109
60240;1012;979;1543;1988;2124
60280;1021;980;1548;1992;2126
60320;1027;980;1553;1991;2140
60350;1034;980;1558;1999;2137
60390;1040;980;1562;1990;2140
60420;1046;980;1566;2002;2145
60430;1050;979;1569;2003;2145
60470;1059;979;1572;2002;2119
60500;1066;979;1577;1992;2090
60540;1071;980;1581;1985;2084
60580;1080;980;1585;1987;2087
60620;1090;980;1590;1981;2091
60650;1097;981;1594;1990;2100
60690;1105;982;1597;1985;2102
60730;1113;983;1600;1988;2108
60800;1121;984;1607;1977;2174
60840;1134;989;1611;1980;2168
60880;1144;992;1617;1970;2159
60920;1153;997;1621;1974;2205
60950;1161;1002;1623;1979;2181
60980;1168;1007;1624;1979;2170
61020;1176;1014;1625;1991;2168
61060;1185;1020;1626;1998;2167
61100;1195;1027;1627;2001;2213
61140;1204;1030;1628;2019;2231
61180;1216;1042;1630;2034;2238
61220;1225;1049;1630;2040;2264
61250;1234;1056;1631;2047;2297
61290;1241;1063;1631;2071;2309
61330;1248;1069;1631;2076;2299
61370;1257;1075;1631;2083;2286
61400;1267;1080;1632;2081;2269
61440;1275;1085;1635;2090;2274
61480;1286;1090;1638;2088;2253
61520;1294;1097;1640;2097;2263
61550;1301;1105;1641;2123;2294
61590;1311;1109;1642;2143;2308
61630;1323;1115;1643;2139;2283
61700;1337;1125;1645;2149;2298
61740;1349;1134;1646;2143;2273
61780;1360;1129;1649;2145;2282
61820;1365;1136;1654;2146;2277
61850;1372;1145;1660;2152;2288
61890;1384;1154;1664;2136;2330
61930;1398;1162;1666;2154;2332
61970;1408;1170;1668;2148;2343
62000;1419;1178;1669;2150;2352
62040;1429;1182;1669;2148;2392
62080;1441;1191;1669;2148;2416
62120;1445;1204;1669;2156;2413
62150;1455;1211;1669;2157;2405
62190;1467;1215;1671;2150;2392
62230;1475;1213;1675;2168;2402
62270;1486;1131;1679;2162;2444
62300;1494;1182;1681;2166;2456
62340;1503;1212;1682;2182;2459
62380;1513;1229;1685;2181;2469
62420;1521;1240;1688;2182;2468
62450;1532;1245;1690;2197;2456
62490;1587;1246;1693;2204;2432
62530;1588;1248;1697;2209;2433
62570;1620;1254;1700;2217;2444
62600;1643;1257;1702;2212;2441
62640;1671;1263;1704;2220;2439
62680;1706;1268;1705;2225;2451
62720;1726;1270;1708;2224;2440
62750;1742;1276;1711;2217;2480
62790;1752;1281;1713;2230;2492
62830;1765;1289;1714;2226;2481
62870;1774;1297;1714;2233;2461
62900;1780;1305;1717;2231;2478
62940;1792;1312;1718;2245;2506
62980;1798;1319;1719;2234;2523
63020;1811;1325;1720;2242;2529
63050;1819;1329;1721;2243;2541
63090;1831;1328;1720;2241;2558
63130;1839;1339;1720;2247;2581
63170;1847;1310;1720;2253;2603
63200;1856;1337;1720;2255;2623
63240;1860;1353;1721;2253;2658
63280;1876;1364;1721;2263;2742
63320;1886;1376;1722;2244;2735
63350;1894;1381;1722;2244;2731
63390;1904;1387;1722;2244;2734
63420;1912;1394;1723;2251;2747
63430;1914;1398;1723;2250;2746
63470;1925;1402;1729;2249;2692
63500;1935;1404;1732;2255;2680
63540;1944;1409;1735;2265;2671
63580;1948;1412;1736;2266;2670
63620;1959;1415;1737;2274;2661
63660;1967;1415;1738;2275;2669
63690;1974;1414;1739;2278;2656
63720;1983;1416;1739;2280;2659
63730;1989;1418;1739;2282;2647
63770;1993;1421;1740;2277;2594
63800;2003;1423;1745;2270;2570
63840;2002;1423;1750;2274;2567
63880;2017;1424;1753;2282;2571
63920;2078;1425;1756;2289;2543
63950;2112;1425;1760;2283;2526
63990;2133;1426;1763;2289;2512
64020;2152;1426;1764;2289;2515
64030;2164;1426;1765;2287;2517
64070;2171;1426;1768;2290;2533
64100;2175;1430;1769;2297;2560
64140;2180;1435;1771;2296;2586
64180;2189;1435;1773;2298;2611
64220;2198;1437;1773;2298;2623
64250;2203;1438;1774;2298;2609
64290;2212;1440;1774;2300;2636
64330;2219;1447;1775;2300;2652
64370;2228;1453;1775;2305;2659
64400;2238;1455;1775;2304;2659
64440;2244;1458;1776;2308;2668
64480;2249;1462;1776;2306;2666
64520;2256;1466;1776;2303;2671
64550;2263;1471;1776;2302;2678
64590;2266;1477;1776;2304;2689
64630;2269;1481;1776;2299;2667
64670;2271;1484;1776;2298;2662
64700;2274;1486;1778;2299;2624
64740;2278;1488;1779;2305;2568
64780;2283;1489;1780;2313;2534
64820;2286;1492;1781;2322;2524
64910;2292;1497;1781;2304;2570
64970;2300;1500;1781;2298;2573
65000;2305;1500;1781;2297;2573
65040;2308;1501;1781;2300;2563
65080;2308;1501;1781;2298;2563
65120;2310;1497;1781;2299;2583
65150;2311;1497;1781;2302;2573
65190;2313;1499;1781;2299;2576
65230;2317;1499;1781;2298;2573
65270;2318;1499;1781;2299;2559
65300;2319;1506;1782;2308;2560
65340;2321;1510;1782;2307;2538
65380;2322;1512;1782;2308;2549
65420;2328;1514;1782;2308;2545
65450;2332;1516;1782;2305;2556
65490;2335;1517;1783;2301;2552
65530;2340;1519;1783;2301;2554
34;2345;1520;1783;2298;2557
64;2347;1522;1783;2295;2558
104;2349;1523;1783;2292;2562
144;2350;1524;1783;2290;2540
184;2350;1524;1783;2289;2535
214;2349;1525;1783;2290;2533
254;2348;1525;1783;2291;2528
294;2348;1525;1784;2292;2525
334;2347;1525;1784;2291;2518
364;2347;1525;1785;2291;2520
404;2347;1525;1786;2290;2520
444;2347;1526;1786;2288;2518
484;2347;1526;1786;2292;2499
514;2348;1526;1786;2293;2480
554;2350;1526;1786;2293;2469
594;2353;1526;1786;2292;2458
634;2355;1527;1786;2292;2449
664;2357;1528;1787;2297;2445
704;2357;1529;1788;2297;2446
744;2359;1530;1789;2296;2452
784;2360;1532;1789;2292;2453
814;2360;1533;1789;2291;2452
854;2360;1534;1789;2291;2450
894;2360;1535;1789;2296;2451
934;2361;1535;1791;2295;2451
964;2360;1535;1791;2295;2451
1004;2360;1535;1791;2295;2450
1044;2360;1535;1791;2296;2449
1084;2360;1535;1791;2297;2449
1114;2360;1535;1790;2295;2449
1154;2360;1535;1791;2296;2451
1194;2360;1535;1792;2295;2454
1234;2360;1535;1791;2292;2455
1264;2360;1535;1791;2292;2455
1304;2360;1535;1791;2296;2453
1344;2360;1536;1791;2299;2454
1384;2361;1536;1791;2294;2459
1414;2361;1536;1791;2291;2464
1454;2361;1536;1791;2293;2469
1494;2361;1536;1791;2292;2474
1534;2362;1536;1791;2291;2481
1564;2362;1536;1791;2289;2483
1604;2362;1536;1791;2286;2486
1644;2362;1536;1792;2287;2488
1684;2361;1536;1791;2286;2489
1714;2361;1537;1792;2286;2490
1754;2361;1537;1792;2283;2484
1794;2361;1537;1792;2283;2485
1834;2361;1537;1791;2283;2490
1864;2361;1537;1791;2281;2492
1904;2361;1537;1791;2282;2502
1944;2362;1537;1790;2278;2509
1984;2363;1537;1791;2279;2518
2024;2363;1538;1791;2268;2544
2054;2362;1539;1791;2261;2539
2094;2362;1540;1791;2249;2535
2134;2362;1540;1791;2246;2528
2164;2362;1540;1792;2244;2523
2204;2362;1541;1792;2242;2527
2244;2362;1541;1792;2242;2534
2284;2362;1541;1791;2237;2530
2314;2362;1541;1791;2242;2528
2354;2362;1541;1791;2243;2528
2394;2361;1541;1791;2243;2530
2434;2361;1542;1791;2245;2526
2464;2360;1542;1791;2242;2523
2504;2360;1542;1792;2244;2511
2544;2361;1542;1791;2242;2507
2584;2361;1542;1791;2242;2546
2614;2361;1542;1791;2170;2529
2654;2360;1542;1791;2051;2410
2694;2356;1542;1791;2019;2381
2734;2352;1542;1791;1937;2286
2764;2350;1542;1792;1923;2255
2804;2348;1542;1792;1897;2216
2844;2347;1542;1792;1904;2213
2884;2346;1542;1792;1911;2227
2914;2347;1543;1791;1915;2224
2954;2348;1543;1791;1916;2213
2994;2347;1544;1791;1912;2194
3034;2347;1544;1791;1918;2205
3064;2347;1544;1791;1926;2225
3104;2347;1543;1791;1937;2269
3144;2346;1544;1791;1952;2306
3184;2346;1546;1791;1946;2303
3214;2346;1547;1792;1947;2307
3254;2346;1548;1792;1952;2313
3294;2346;1549;1792;1952;2318
3334;2345;1548;1791;1950;2313
3364;2345;1549;1791;1948;2307
3404;2345;1549;1791;1943;2304
3444;2346;1549;1791;1939;2302
3484;2346;1549;1791;1936;2291
3514;2346;1549;1791;1928;2274
3554;2346;1550;1791;1924;2261
3594;2346;1550;1791;1919;2251
3634;2346;1550;1791;1914;2251
3664;2346;1549;1791;1913;2251
3704;2346;1549;1791;1912;2246
3744;2346;1549;1791;1911;2245
3784;2346;1550;1791;1911;2252
3814;2346;1551;1792;1914;2257
3854;2345;1551;1792;1913;2270
3894;2345;1551;1791;1915;2269
3934;2346;1551;1791;1911;2265
3964;2346;1551;1791;1916;2263
4004;2346;1551;1791;1923;2267
4044;2346;1551;1791;1915;2269
4084;2346;1551;1791;1921;2275
4114;2346;1551;1791;1920;2278
4154;2346;1551;1791;1919;2276
4194;2346;1551;1791;1925;2287
4234;2346;1550;1791;1925;2294
4264;2346;1551;1791;1928;2306
4304;2345;1550;1791;1930;2314
4344;2345;1550;1791;1933;2322
4384;2345;1550;1791;1940;2335
4414;2345;1550;1792;1946;2355
4454;2345;1550;1792;1946;2373
4494;2345;1551;1792;1950;2395
4534;2345;1552;1792;1956;2398
4564;2345;1553;1792;1954;2381
4604;2345;1554;1792;1950;2366
4644;2345;1554;1791;1950;2353
4684;2346;1554;1791;1947;2348
4714;2346;1554;1791;1946;2341
4754;2346;1554;1791;1937;2307
4794;2346;1555;1791;1926;2282
4834;2346;1554;1791;1927;2275
4864;2346;1554;1791;1927;2274
4904;2346;1555;1791;1924;2275
4944;2345;1555;1791;1923;2276
4984;2346;1555;1792;1926;2283
5014;2346;1555;1791;1926;2284
5054;2347;1555;1791;1926;2286
5094;2346;1555;1791;1926;2289
5134;2346;1555;1791;1929;2291
5164;2346;1555;1791;1929;2297
5204;2345;1555;1791;1927;2311
5244;2344;1556;1791;1933;2322
5284;2345;1556;1791;1928;2315
5314;2346;1556;1791;1927;2310
5354;2346;1556;1791;1928;2301
5394;2346;1556;1791;1926;2290
5434;2346;1556;1792;1927;2288
5464;2346;1556;1791;1926;2282
5504;2346;1556;1791;1927;2288
5544;2345;1556;1791;1929;2293
5584;2345;1556;1791;1930;2297
5614;2345;1556;1791;1928;2291
5654;2345;1556;1791;1927;2279
5694;2345;1556;1791;1928;2274
5734;2345;1556;1791;1927;2279
5764;2346;1556;1792;1928;2282
5804;2346;1556;1792;1929;2287
5844;2346;1556;1791;1926;2283
5884;2345;1556;1791;1926;2282
5914;2344;1556;1791;1927;2287
5954;2345;1556;1791;1926;2284
5994;2344;1556;1791;1928;2287
6034;2345;1556;1791;1927;2283
6064;2344;1556;1791;1927;2283
6104;2345;1556;1791;1922;2277
6144;2344;1556;1791;1927;2279
6184;2345;1556;1791;1926;2278
6214;2344;1556;1792;1922;2258
6254;2344;1556;1792;1901;2227
6294;2345;1556;1792;1900;2228
6334;2345;1556;1792;1896;2225
6364;2345;1556;1792;1897;2225
6404;2345;1556;1792;1897;2230
6444;2345;1556;1792;1889;2228
6484;2346;1556;1792;1894;2227
6514;2345;1556;1792;1891;2220
6554;2345;1556;1792;1882;2220
6594;2345;1556;1791;1884;2218
6634;2345;1556;1792;1877;2193
6664;2345;1556;1791;1865;2183
6704;2345;1556;1791;1858;2164
6744;2345;1556;1791;1857;2158
6784;2346;1556;1791;1863;2171
6814;2346;1556;1792;1866;2179
6854;2346;1556;1792;1869;2181
6894;2346;1556;1792;1875;2190
6934;2346;1556;1792;1876;2193
6964;2345;1556;1792;1879;2192
7004;2346;1556;1793;1879;2188
7044;2346;1556;1792;1883;2192
7084;2346;1556;1792;1889;2205
7114;2346;1556;1792;1888;2211
7154;2347;1556;1792;1894;2208
7194;2347;1556;1792;1897;2194
7234;2348;1556;1792;1901;2201
7264;2349;1557;1792;1914;2224
7304;2348;1557;1792;1913;2237
7344;2348;1557;1792;1912;2241
7384;2348;1557;1791;1908;2230
7414;2348;1557;1791;1899;2218
7454;2348;1557;1791;1903;2210
7494;2348;1557;1791;1891;2195
7534;2348;1557;1791;1888;2190
7564;2347;1557;1791;1879;2186
7604;2347;1557;1791;1864;2168
7644;2347;1557;1791;1870;2167
7684;2347;1557;1791;1873;2172
7714;2347;1557;1791;1868;2174
7754;2347;1557;1791;1859;2158
7794;2347;1557;1792;1848;2140
7834;2346;1557;1791;1865;2151
7864;2347;1557;1791;1867;2157
7904;2347;1557;1792;1871;2163
7944;2347;1557;1792;1882;2181
7984;2347;1557;1792;1886;2197
8014;2347;1556;1792;1886;2201
8054;2347;1556;1792;1889;2201
8094;2347;1557;1792;1896;2213
8134;2347;1557;1792;1900;2226
8164;2346;1557;1791;1901;2233
8214;2346;1557;1791;1887;2216
8254;2346;1557;1791;1891;2212
8314;2347;1557;1791;1897;2228
8354;2347;1557;1791;1899;2246
8394;2346;1557;1791;1897;2254
8434;2346;1557;1791;1897;2237
8464;2346;1557;1792;1889;2225
8504;2346;1557;1792;1887;2199
8544;2346;1557;1791;1890;2197
8584;2346;1557;1791;1901;2233
8614;2346;1557;1791;1909;2261
8654;2346;1557;1791;1919;2293
8694;2346;1557;1791;1921;2297
8734;2346;1557;1791;1923;2299
8764;2347;1557;1792;1926;2305
8804;2346;1557;1792;1934;2307
8844;2345;1557;1792;1932;2307
8884;2345;1556;1791;1931;2302
8914;2346;1557;1791;1927;2295
8954;2346;1557;1791;1924;2282
8994;2346;1557;1791;1923;2272
9034;2346;1557;1792;1926;2281
9064;2346;1557;1792;1926;2292
9104;2346;1557;1792;1925;2293
9144;2346;1557;1791;1925;2287
9184;2346;1557;1791;1926;2279
9214;2346;1557;1791;1927;2278
9254;2346;1557;1791;1927;2279
9294;2345;1557;1791;1926;2277
9334;2346;1557;1791;1926;2260
9364;2346;1557;1791;1928;2254
9404;2346;1557;1792;1924;2245
9444;2346;1557;1791;1923;2245
9484;2346;1557;1792;1925;2251
9514;2346;1557;1792;1923;2249
9554;2346;1557;1792;1924;2250
9604;2346;1557;1791;1923;2252
9644;2346;1557;1791;1924;2258
9714;2346;1557;1791;1926;2258
9754;2347;1557;1791;1927;2264
9784;2346;1557;1791;1927;2270
9824;2346;1557;1791;1928;2277
9864;2346;1557;1791;1928;2276
9904;2345;1557;1791;1926;2275
9934;2345;1557;1791;1926;2276
9974;2345;1557;1791;1928;2283
10014;2345;1557;1791;1928;2286
10054;2345;1557;1791;1927;2282
10084;2346;1557;1791;1927;2272
10124;2345;1556;1791;1927;2261
10164;2346;1556;1792;1926;2261
10204;2347;1557;1792;1928;2261
10234;2347;1557;1792;1927;2260
10274;2346;1557;1792;1927;2259
10314;2347;1557;1792;1927;2260
10354;2347;1557;1791;1927;2263
10384;2347;1557;1791;1927;2264
10424;2347;1557;1791;1927;2268
10454;2347;1557;1791;1927;2267
10494;2346;1557;1791;1926;2269
10534;2346;1557;1791;1927;2281
10564;2346;1557;1791;1929;2290
10604;2346;1557;1791;1928;2290
10644;2346;1557;1791;1927;2284
10684;2346;1557;1792;1927;2283
10714;2346;1557;1791;1928;2286
10754;2346;1557;1791;1928;2288
10794;2347;1557;1792;1929;2287
10834;2347;1557;1791;1928;2282
10864;2347;1557;1791;1929;2284
10904;2345;1557;1791;1929;2286
10944;2346;1557;1791;1929;2297
10984;2346;1557;1791;1928;2298
11014;2345;1557;1792;1928;2293
11054;2346;1557;1792;1928;2287
11094;2346;1557;1791;1929;2290
11134;2346;1557;1792;1928;2292
11164;2346;1557;1791;1928;2293
11204;2346;1557;1791;1929;2289
11244;2346;1557;1791;1930;2290
11284;2346;1557;1791;1930;2290
11314;2347;1557;1791;1931;2295
11354;2346;1557;1791;1929;2290
11394;2346;1557;1791;1930;2289
11434;2345;1557;1790;1929;2291
11464;2346;1557;1790;1929;2296
11504;2346;1557;1791;1930;2301
11544;2346;1557;1791;1929;2299
11584;2346;1557;1791;1931;2298
11614;2346;1557;1791;1929;2300
11654;2346;1557;1791;1930;2298
11694;2346;1557;1791;1929;2295
11734;2346;1557;1791;1929;2292
11764;2347;1557;1791;1930;2287
11804;2347;1557;1791;1927;2276
11844;2347;1557;1791;1928;2275
11884;2347;1557;1791;1927;2279
11914;2347;1557;1791;1928;2281
11954;2347;1557;1791;1927;2289
11984;2347;1557;1791;1927;2290
11994;2347;1557;1791;1927;2293
12034;2347;1557;1792;1928;2293
12064;2347;1557;1792;1925;2288
12104;2347;1557;1792;1929;2292
12144;2347;1557;1792;1928;2293
12184;2347;1557;1791;1927;2297
12214;2347;1557;1791;1930;2299
12254;2347;1556;1791;1929;2295
12294;2347;1557;1791;1930;2295
12334;2347;1557;1791;1930;2291
12364;2346;1557;1791;1930;2287
12404;2346;1557;1791;1929;2279
12444;2346;1557;1791;1929;2269
12484;2347;1556;1792;1929;2266
12514;2347;1556;1792;1929;2262
12554;2347;1556;1792;1928;2250
12594;2347;1557;1792;1925;2243
12634;2347;1557;1792;1927;2243
12664;2347;1557;1791;1927;2245
12704;2346;1557;1791;1925;2245
12744;2346;1557;1791;1927;2246
12784;2346;1557;1791;1927;2242
12814;2346;1557;1791;1928;2244
12854;2346;1557;1791;1926;2243
12894;2346;1557;1791;1926;2243
12934;2346;1557;1791;1927;2243
12964;2346;1557;1791;1926;2243
13004;2345;1557;1790;1924;2240
13044;2346;1557;1791;1923;2235
13084;2346;1557;1791;1924;2235
13114;2346;1557;1791;1923;2233
13154;2345;1557;1791;1923;2234
13194;2344;1557;1791;1923;2233
13234;2345;1557;1791;1922;2233
13264;2345;1557;1791;1923;2235
13304;2345;1557;1791;1922;2235
13344;2345;1557;1791;1923;2232
13384;2344;1557;1791;1921;2228
13474;2345;1557;1791;1924;2227
13534;2346;1557;1791;1923;2222
13564;2346;1557;1791;1923;2221
13604;2346;1557;1791;1923;2222
13644;2346;1557;1791;1922;2220
13684;2346;1557;1791;1922;2217
13714;2346;1557;1791;1920;2219
13754;2346;1557;1791;1922;2223
13794;2346;1557;1791;1919;2218
13834;2346;1557;1791;1920;2218
13864;2346;1557;1792;1922;2222
13904;2346;1557;1791;1921;2222
13944;2346;1557;1791;1927;2230
13984;2346;1557;1791;1927;2232
14014;2346;1557;1791;1928;2235
14054;2346;1557;1791;1930;2239
14094;2346;1557;1791;1924;2232
14134;2346;1557;1791;1921;2219
14164;2345;1557;1791;1912;2192
14204;2346;1557;1791;1912;2187
14244;2346;1557;1791;1913;2192
14284;2346;1557;1791;1912;2196
14314;2346;1557;1791;1914;2205
14354;2346;1557;1791;1920;2216
14394;2345;1557;1791;1920;2227
14434;2344;1557;1791;1921;2227
14464;2344;1557;1791;1921;2224
14504;2345;1557;1791;1917;2212
14544;2344;1557;1791;1917;2216
14584;2345;1557;1792;1922;2231
14614;2345;1557;1792;1921;2230
14644;2346;1557;1792;1922;2229
14684;2346;1557;1791;1921;2227
14724;2346;1557;1791;1920;2225
14764;2346;1557;1791;1922;2222
14804;2345;1557;1791;1922;2230
14844;2345;1557;1792;1923;2234
14884;2345;1557;1791;1923;2235
14914;2346;1557;1792;1924;2233
14954;2346;1557;1791;1922;2229
14994;2346;1557;1790;1922;2226
15034;2346;1557;1791;1922;2219
15074;2346;1557;1791;1922;2220
15114;2346;1557;1791;1924;2228
15154;2346;1557;1791;1924;2229
15184;2346;1557;1791;1926;2229
15224;2346;1557;1791;1926;2226
15264;2346;1557;1791;1926;2227
15304;2346;1557;1791;1926;2226
15334;2346;1557;1791;1926;2226
15374;2346;1557;1791;1926;2228
15414;2346;1557;1791;1926;2229
15454;2346;1557;1791;1926;2229
15484;2346;1557;1791;1926;2228
15524;2345;1557;1791;1925;2226
15564;2346;1557;1791;1924;2225
15604;2345;1557;1791;1924;2219
15634;2346;1557;1791;1923;2224
15674;2345;1557;1791;1924;2228
15714;2346;1557;1791;1926;2228
15784;2346;1557;1791;1925;2229
15814;2346;1557;1791;1925;2232
15854;2346;1557;1791;1923;2227
15894;2346;1557;1791;1919;2220
15934;2346;1557;1791;1920;2221
15964;2346;1557;1792;1919;2226
16004;2346;1557;1792;1920;2228
16044;2346;1557;1792;1921;2228
16084;2346;1557;1792;1921;2232
16114;2346;1557;1791;1923;2233
16154;2346;1557;1791;1924;2235
16194;2346;1557;1791;1925;2238
16234;2346;1557;1791;1924;2242
16264;2346;1557;1791;1924;2244
16304;2346;1557;1791;1926;2246
16344;2346;1557;1791;1926;2247
16384;2346;1557;1791;1925;2244
16424;2346;1557;1791;1926;2247
16464;2346;1557;1791;1927;2255
16504;2346;1557;1791;1928;2257
16534;2346;1557;1791;1927;2258
16564;2346;1557;1791;1926;2253
16604;2346;1557;1791;1925;2251
16644;2346;1557;1791;1925;2255
16684;2346;1557;1792;1923;2255
16724;2345;1557;1791;1920;2249
16764;2345;1557;1791;1924;2249
16804;2346;1557;1791;1923;2247
16834;2346;1557;1791;1922;2246
16874;2346;1557;1791;1922;2246
16914;2346;1557;1791;1922;2247
16954;2345;1557;1792;1922;2247
16984;2345;1557;1791;1921;2247
17024;2345;1557;1790;1921;2246
17064;2345;1557;1791;1924;2247
17104;2345;1557;1791;1923;2245
17134;2345;1557;1791;1922;2246
17164;2345;1557;1791;1920;2241
17204;2345;1557;1791;1920;2243
17244;2345;1557;1791;1918;2243
17284;2345;1557;1791;1918;2243
17324;2345;1557;1791;1919;2243
17364;2345;1557;1791;1917;2241
17404;2345;1557;1791;1915;2234
17434;2345;1557;1791;1914;2234
17474;2345;1557;1791;1915;2234
17514;2345;1557;1791;1913;2233
17554;2345;1557;1791;1914;2235
17584;2344;1557;1791;1914;2236
17624;2344;1557;1791;1914;2238
17664;2345;1558;1791;1915;2244
17694;2344;1558;1791;1916;2247
17704;2344;1558;1791;1916;2246
17734;2345;1558;1791;1914;2252
17774;2344;1557;1792;1918;2260
17814;2345;1557;1792;1916;2262
17844;2345;1557;1792;1919;2262
17854;2345;1557;1792;1918;2260
17884;2345;1557;1792;1917;2256
17914;2345;1557;1792;1916;2250
17954;2345;1557;1791;1916;2246
17994;2345;1557;1791;1916;2238
18034;2345;1557;1791;1917;2229
18074;2345;1557;1791;1915;2211
18114;2345;1558;1791;1917;2201
18154;2345;1558;1791;1917;2194
18184;2345;1558;1791;1917;2185
18224;2345;1558;1791;1915;2181
18264;2344;1558;1791;1918;2180
18304;2345;1558;1792;1920;2182
18334;2346;1558;1791;1922;2182
18374;2345;1558;1791;1922;2182
18414;2345;1558;1791;1918;2185
18454;2345;1558;1791;1923;2190
18484;2345;1558;1791;1925;2190
18524;2345;1558;1791;1922;2186
18564;2346;1558;1791;1927;2188
18604;2344;1558;1791;1925;2189
18634;2345;1558;1791;1925;2186
18674;2345;1558;1791;1926;2177
18714;2345;1558;1791;1926;2175
18754;2346;1558;1792;1926;2174
18784;2345;1558;1792;1926;2173
18824;2345;1558;1792;1925;2174
18864;2344;1558;1791;1924;2177
18904;2345;1558;1791;1922;2178
18934;2345;1558;1791;1922;2180
18964;2345;1558;1792;1922;2178
18974;2345;1558;1792;1922;2178
19014;2344;1558;1792;1921;2176
19054;2344;1558;1792;1921;2179
19084;2345;1558;1792;1923;2180
19124;2345;1558;1791;1921;2186
19164;2345;1558;1792;1921;2198
19204;2346;1558;1792;1923;2194
19234;2346;1558;1792;1919;2186
19274;2346;1558;1791;1920;2182
19314;2345;1558;1791;1918;2183
19354;2346;1558;1792;1918;2186
19384;2346;1558;1791;1917;2185
19424;2346;1558;1791;1916;2182
19464;2346;1558;1791;1915;2179
19504;2346;1558;1791;1916;2181
19534;2346;1558;1792;1915;2181
19574;2346;1558;1791;1913;2180
19614;2345;1558;1791;1915;2180
19644;2345;1558;1791;1916;2181
19654;2345;1558;1791;1914;2179
19684;2346;1558;1791;1916;2182
19724;2346;1558;1791;1917;2189
19764;2346;1558;1792;1921;2203
19804;2346;1558;1792;1921;2210
19834;2346;1558;1792;1919;2212
19874;2346;1558;1792;1923;2205
19914;2346;1558;1791;1921;2195
19954;2346;1558;1791;1922;2202
19984;2346;1558;1791;1922;2209
20024;2346;1558;1791;1922;2216
20064;2345;1558;1791;1922;2217
20104;2345;1558;1791;1921;2215
20134;2346;1558;1792;1923;2225
20174;2346;1558;1792;1931;2248
20214;2346;1558;1791;1924;2259
20284;2346;1558;1791;1926;2242
20314;2346;1558;1791;1923;2229
20354;2346;1558;1791;1928;2227
20394;2346;1558;1792;1926;2234
20434;2346;1558;1792;1927;2244
20474;2346;1558;1792;1926;2243
20514;2346;1558;1792;1927;2249
20554;2346;1558;1792;1923;2244
20584;2346;1558;1792;1915;2227
20624;2346;1558;1791;1915;2210
20664;2346;1557;1791;1913;2191
20704;2345;1557;1791;1908;2182
20734;2346;1557;1791;1909;2183
20774;2346;1557;1791;1909;2183
20814;2345;1557;1791;1910;2181
20854;2346;1558;1792;1940;2211
20864;2346;1558;1791;1943;2218
20884;2346;1558;1791;1944;2245
20924;2347;1558;1791;1921;2234
20954;2346;1558;1791;1866;2165