
30762;1195;885;786;1736;1672
30882;1791;1327;1179;1744;1680
30922;2088;1549;1375;1741;1683
30942;2238;1659;1474;1740;1681
30952;2312;1715;1523;1740;1680
30992;2349;1743;1548;1743;1684
31022;2368;1757;1560;1744;1686
31032;2377;1763;1566;1746;1685
31072;2383;1766;1569;1744;1682
31102;2386;1768;1571;1745;1682
31142;2386;1769;1572;1745;1683
31182;2386;1769;1572;1747;1684
31222;2386;1769;1573;1751;1685
31252;2385;1770;1573;1752;1684
31292;2385;1770;1573;1751;1683
31332;2384;1770;1572;1751;1685
31382;2384;1770;1572;1754;1687
31412;2384;1770;1572;1758;1687
31452;2384;1770;1572;1758;1688
31492;2384;1770;1572;1760;1689
31532;2384;1770;1572;1764;1695
31542;2384;1770;1572;1764;1697
31582;2385;1770;1572;1769;1701
31622;2387;1770;1572;1769;1704
31672;2385;1770;1573;1768;1707
31712;2386;1770;1573;1769;1710
31752;2384;1770;1573;1778;1713
31792;2383;1770;1573;1780;1712
31832;2383;1770;1573;1779;1713
31862;2382;1770;1573;1780;1716
31902;2383;1770;1573;1782;1717
31942;2383;1770;1573;1787;1724
31982;2382;1770;1573;1788;1726
32022;2382;1770;1572;1788;1726
32052;2382;1770;1572;1786;1728
32092;2382;1770;1572;1784;1728
32132;2382;1771;1572;1795;1733
32162;2382;1771;1572;1795;1732
32202;2383;1771;1572;1796;1732
32242;2383;1771;1572;1795;1731
32282;2382;1770;1572;1799;1730
32292;2382;1771;1572;1797;1729
32322;2382;1770;1572;1799;1730
32332;2382;1770;1572;1801;1730
32372;2382;1770;1572;1799;1730
32412;2382;1770;1572;1798;1730
32422;2382;1770;1572;1798;1730
32462;2384;1770;1572;1797;1731
32492;2383;1770;1572;1798;1730
32502;2384;1770;1572;1797;1730
32542;2383;1770;1573;1799;1730
32572;2383;1770;1572;1799;1735
32582;2383;1770;1572;1800;1734
32622;2382;1770;1572;1796;1730
32642;2383;1770;1572;1792;1728
32652;2384;1770;1572;1793;1722
32692;2384;1770;1572;1785;1710
32732;2384;1770;1573;1773;1702
32772;2384;1770;1572;1767;1691
32812;2385;1770;1572;1765;1686
32852;2385;1770;1572;1764;1684
32892;2385;1770;1572;1763;1682
32972;2384;1770;1572;1728;1631
33012;2383;1770;1572;1705;1621
33052;2384;1770;1572;1703;1616
33092;2383;1770;1572;1708;1611
33132;2383;1770;1572;1707;1607
33172;2383;1771;1572;1713;1605
33202;2383;1771;1572;1708;1603
33242;2383;1771;1572;1706;1603
33282;2383;1770;1572;1707;1602
33322;2383;1770;1572;1707;1602
33352;2385;1770;1572;1704;1603
33392;2384;1770;1572;1691;1621
33432;2385;1770;1572;1712;1698
33472;2393;1770;1572;1763;1864
33502;2415;1771;1573;1819;1988
33542;2424;1771;1573;1835;2033
33582;2441;1771;1573;1894;2205
33602;2453;1770;1573;1928;2295
33652;2465;1770;1573;1958;2369
33692;2470;1770;1574;1970;2388
33732;2477;1770;1575;2015;2442
33772;2480;1770;1575;2025;2476
33802;2484;1770;1575;1963;2527
33842;2490;1770;1575;1935;2570
33882;2494;1771;1575;1937;2602
33922;2499;1771;1576;1938;2620
33952;2510;1771;1576;1945;2642
33992;2511;1771;1576;1962;2636
34032;2511;1771;1576;1974;2611
34072;2511;1771;1575;1997;2604
34102;2511;1771;1575;2006;2569
34142;2511;1771;1575;1912;2323
34182;2502;1771;1575;1718;2000
34222;2478;1771;1575;1655;1724
34252;2440;1771;1564;1611;1553
34292;2382;1774;1536;1706;1557
34332;2327;1780;1502;1773;1588
34372;2263;1792;1459;1754;1587
34412;2204;1802;1416;1760;1594
34452;2082;1805;1375;1755;1592
34492;2008;1816;1339;1749;1591
34532;1946;1822;1304;1747;1590
34572;1894;1825;1269;1747;1591
34652;1801;1826;1218;1750;1591
34692;1718;1827;1174;1771;1591
34732;1628;1828;1136;1789;1594
34772;1568;1828;1105;1800;1597
34812;1523;1829;1080;1816;1602
34852;1482;1829;1057;1825;1599
34892;1445;1828;1037;1952;1649
34932;1408;1828;1024;1996;1670
34972;1381;1828;1014;1999;1676
35002;1359;1829;1009;2001;1671
35042;1348;1829;1006;1967;1665
35082;1384;1828;1017;1955;1662
35122;1585;1812;1144;1992;1701
35152;1787;1785;1285;1992;1688
35192;2059;1766;1409;1993;1878
35232;2233;1757;1489;2014;2159
35272;2338;1754;1531;2074;2329
35302;2396;1752;1554;2155;2459
35342;2427;1751;1565;2167;2474
35382;2441;1751;1574;2172;2439
35422;2435;1750;1580;1888;1755
35452;2331;1752;1535;1929;1595
35492;2124;1781;1433;1911;1616
35532;1920;1796;1321;1865;1620
35572;1736;1805;1222;1915;1636
35602;1624;1810;1155;1934;1640
35642;1557;1812;1115;1959;1632
35682;1519;1813;1094;1965;1634
35722;1501;1814;1085;1930;1623
35752;1510;1813;1090;1927;1621
35792;1726;1809;1226;1982;1662
35832;2030;1790;1375;1973;1855
35872;2216;1781;1464;2045;2085
35902;2310;1777;1512;2050;2107
35942;2358;1774;1538;2066;2096
35982;2380;1773;1555;2087;2064
36022;2392;1763;1563;1993;1768
36052;2264;1759;1527;1984;1632
36092;1973;1760;1390;2006;1640
36132;1720;1765;1247;1953;1622
36172;1574;1770;1152;1943;1621
36202;1497;1772;1104;1978;1656
36242;1459;1773;1080;2000;1653
36282;1441;1773;1068;1958;1639
36322;1453;1772;1072;1951;1624
36352;1636;1754;1195;2025;1673
36392;1952;1722;1357;1983;1706
36432;2121;1689;1444;2013;1646
36472;1948;1672;1407;2007;1665
36502;1744;1677;1317;2036;1637
36542;1583;1687;1207;1960;1643
36582;1484;1694;1144;2022;1656
36622;1438;1701;1113;2018;1666
36652;1445;1700;1113;2026;1657
36692;1662;1703;1246;2036;1679
36732;1954;1700;1379;2007;1686
36772;2074;1691;1446;2029;1638
36802;1905;1689;1392;2012;1667
36842;1678;1694;1276;2018;1629
36882;1546;1698;1195;1942;1645
36922;1481;1700;1155;1952;1621
36952;1617;1700;1214;2002;1652
36992;1940;1700;1362;1960;1704
37032;2062;1701;1440;1998;1642
37072;1798;1700;1354;2037;1658
37102;1631;1702;1268;2013;1628
37142;1534;1702;1211;1954;1665
37182;1506;1701;1186;1969;1627
37212;1669;1700;1269;2018;1672
37252;1959;1700;1393;1972;1720
37292;2103;1695;1462;2009;1640
37332;1821;1693;1376;2044;1670
37372;1621;1692;1273;2020;1630
37402;1518;1692;1211;2003;1671
37442;1474;1692;1181;1989;1641
37482;1685;1693;1285;2028;1684
37522;1945;1693;1388;2002;1614
37552;1854;1677;1380;2002;1654
37592;1626;1658;1289;2098;1681
37632;1501;1651;1228;2008;1648
37672;1475;1648;1207;1983;1644
37702;1685;1652;1306;2021;1680
37742;1974;1655;1419;1971;1701
37782;1904;1653;1429;2006;1634
37822;1624;1599;1339;2333;1792
37852;1482;1565;1278;2217;1732
37892;1469;1596;1249;2200;1746
37932;1749;1621;1364;2172;1741
37972;2000;1644;1443;2175;1722
38002;1853;1627;1416;2195;1719
38042;1582;1563;1332;2289;1774
38082;1443;1546;1279;2196;1733
38122;1477;1577;1272;2189;1740
38152;1756;1609;1377;2181;1744
38192;2047;1634;1473;2087;1935
38232;2155;1639;1522;2181;1689
38272;1817;1609;1423;2250;1776
38302;1612;1608;1328;2252;1751
38342;1502;1627;1262;2186;1752
38382;1594;1649;1265;2178;1717
38422;1951;1667;1398;2158;1830
38452;2147;1674;1477;2175;1898
38492;1972;1632;1467;2220;1728
38532;1679;1586;1369;2260;1748
38572;1540;1601;1302;2185;1721
38602;1620;1627;1295;2166;1716
38642;2010;1646;1433;1936;1924
38682;2215;1668;1513;2006;2195
38722;2198;1655;1525;1900;1588
38752;1898;1629;1441;2062;1650
38792;1680;1638;1338;2108;1685
38832;1567;1657;1282;1991;1675
38872;1696;1667;1314;2070;1714
38902;1953;1669;1402;2033;1679
38942;1900;1672;1414;2038;1671
38982;1679;1662;1324;2130;1700
39022;1552;1669;1256;2042;1674
39052;1488;1674;1222;1994;1675
39092;1648;1676;1277;2102;1709
39132;1948;1678;1396;2061;1688
39172;1894;1673;1418;2063;1673
39202;1660;1647;1339;2136;1697
39242;1523;1634;1264;2082;1685
39282;1487;1640;1226;2015;1672
39322;1759;1652;1345;2074;1707
39372;2065;1669;1459;2075;1982
39402;2131;1652;1516;2048;1640
39442;1775;1583;1423;2139;1689
39482;1572;1586;1325;2095;1687
39512;1490;1616;1272;2074;1692
39542;1607;1644;1289;2021;1676
39582;1982;1666;1428;1987;1899
39622;2154;1678;1501;2052;1682
39662;1833;1642;1412;2140;1669
39702;1622;1649;1292;2121;1691
39742;1517;1674;1222;2009;1671
39782;1575;1698;1213;2017;1675
39812;1792;1710;1319;2054;1712
39852;1955;1717;1392;2080;1678
39892;1703;1704;1290;2150;1705
39932;1537;1696;1186;2117;1675
39972;1455;1699;1134;2037;1681
40012;1440;1697;1108;2037;1676
40052;1680;1696;1251;2113;1719
40092;1752;1672;1328;2075;1683
40172;1472;1592;1204;2164;1711
40212;1328;1556;1141;2080;1680
40252;1323;1539;1145;2086;1684
40292;1536;1560;1253;2116;1681
40332;1442;1536;1260;2096;1683
40372;1315;1506;1190;2181;1719
40402;1249;1498;1145;2146;1693
40442;1249;1522;1123;2075;1683
40482;1505;1577;1237;2139;1715
40522;1846;1604;1374;2080;1676
40552;1874;1604;1437;2101;1672
40592;1574;1543;1327;2195;1722
40632;1413;1529;1221;2116;1673
40672;1362;1570;1168;2041;1680
40702;1530;1607;1222;2084;1680
40752;1868;1631;1352;2116;1672
40792;1672;1622;1312;2210;1728
40832;1525;1633;1220;2157;1694
40872;1447;1652;1169;2058;1699
40912;1569;1671;1201;2078;1683
40952;1979;1684;1382;2079;1976
40992;2187;1696;1478;2072;1762
41042;1820;1654;1374;2201;1706
41082;1597;1648;1262;2140;1720
41122;1500;1672;1204;2046;1683
41162;1644;1687;1246;2083;1693
41202;1984;1694;1387;2035;1781
41242;1956;1695;1415;2080;1662
41282;1691;1683;1299;2193;1704
41312;1543;1687;1207;2122;1674
41352;1474;1662;1161;2036;1681
41392;1624;1698;1202;2073;1671
41432;1997;1716;1368;2071;1894
41462;2163;1726;1453;2131;1705
41502;1905;1726;1369;2207;1679
41542;1677;1731;1252;2169;1697
41592;1562;1734;1186;2081;1686
41632;1678;1736;1229;2126;1686
41692;2019;1726;1384;2147;1779
41732;1886;1689;1368;2167;1684
41762;1662;1677;1276;2205;1685
41802;1524;1683;1195;2105;1664
41842;1458;1687;1155;2044;1661
41882;1634;1694;1229;2127;1698
41912;1944;1697;1362;2074;1695
41952;1904;1695;1386;2116;1669
41992;1663;1694;1275;2192;1682
42032;1518;1694;1181;2144;1679
42062;1442;1693;1135;2083;1676
42102;1442;1694;1129;2097;1674
42142;1705;1693;1279;2156;1699
42182;1931;1682;1384;2142;1661
42212;1720;1657;1344;2194;1723
42272;1529;1650;1228;2141;1674
42312;1434;1648;1171;2061;1668
42352;1571;1659;1221;2093;1676
42392;1914;1661;1367;2087;1689
42432;1889;1665;1402;2107;1665
42472;1654;1653;1296;2188;1692
42512;1519;1659;1212;2116;1672
42552;1464;1678;1170;2050;1665
42592;1656;1690;1248;2104;1698
42632;2009;1699;1397;2034;1923
42662;2161;1704;1473;2079;1687
42702;1806;1662;1372;2141;1666
42742;1564;1640;1248;2155;1688
42782;1439;1634;1180;2071;1667
42812;1393;1639;1146;2026;1665
42852;1576;1650;1234;2086;1668
42892;1884;1655;1362;2075;1655
42932;1811;1649;1367;2105;1676
42962;1581;1629;1283;2206;1702
43002;1444;1619;1205;2143;1687
43032;1376;1618;1166;2093;1684
43072;1426;1638;1176;2081;1667
43112;1823;1638;1339;2088;1687
43152;2065;1649;1442;2102;1679
43222;1696;1630;1303;2197;1684
43262;1494;1621;1207;2140;1675
43302;1387;1616;1160;2107;1675
43342;1436;1620;1194;2099;1674
43382;1716;1623;1336;2112;1671
43412;1925;1624;1414;2123;1648
43452;1633;1552;1342;2185;1693
43492;1412;1522;1228;2187;1707
43532;1302;1512;1166;2106;1684
43562;1270;1519;1136;2084;1678
43602;1505;1562;1235;2108;1679
43642;1749;1587;1353;2120;1640
43682;1610;1564;1341;2137;1676
43712;1444;1529;1270;2204;1689
43752;1347;1531;1210;2140;1685
43792;1361;1575;1181;2106;1675
43832;1642;1612;1300;2169;1730
43862;1952;1633;1417;2099;1699
43902;1926;1644;1437;2114;1663
43942;1656;1641;1318;2200;1723
43982;1506;1644;1223;2137;1686
44012;1426;1658;1175;2094;1686
44052;1514;1675;1204;2140;1689
44092;1766;1684;1326;2111;1683
44132;1742;1674;1328;2158;1693
44252;1597;1659;1258;2086;1675
44272;1684;1650;1301;2120;1678
44312;1944;1646;1407;2114;1671
44352;1772;1614;1391;2176;1713
44392;1500;1548;1280;2236;1711
44432;1351;1519;1202;2172;1698
44462;1294;1524;1163;2161;1682
44502;1449;1563;1227;2128;1683
44542;1822;1595;1369;2095;1679
44582;1839;1611;1419;2119;1666
44612;1609;1572;1345;2169;1684
44652;1427;1528;1253;2164;1685
44692;1334;1536;1202;2131;1682
44732;1407;1580;1218;2107;1675
44762;1670;1611;1329;2124;1697
44802;1904;1627;1412;2129;1656
44842;1619;1559;1341;2171;1689
44882;1402;1514;1231;2187;1703
44912;1290;1504;1172;2143;1686
44952;1281;1544;1143;2088;1674
44992;1506;1588;1237;2121;1674
45032;1834;1607;1368;2100;1658
45062;1858;1618;1423;2120;1672
45102;1583;1583;1311;2228;1712
45142;1421;1573;1208;2126;1674
45182;1342;1596;1157;2097;1653
45212;1369;1618;1138;2090;1664
45252;1630;1640;1270;2146;1715
45292;1738;1650;1350;2128;1682
45332;1523;1618;1263;2220;1701
45362;1390;1603;1179;2158;1677
45402;1326;1599;1136;2073;1660
45442;1364;1613;1131;2085;1659
45482;1569;1635;1227;2134;1671
45512;1529;1629;1251;2141;1676
45552;1362;1551;1195;2210;1696
45592;1268;1519;1155;2159;1707
45632;1274;1517;1135;2089;1658
45662;1461;1571;1217;2090;1674
45702;1651;1606;1298;2122;1675
45742;1458;1550;1246;2212;1723
45782;1310;1495;1181;2169;1701
45812;1244;1497;1148;2144;1682
45852;1320;1551;1159;2092;1670
45892;1587;1586;1270;2113;1673
45932;1537;1555;1308;2127;1666
45962;1340;1438;1262;2197;1684
46002;1220;1391;1203;2153;1704
46042;1237;1443;1174;2094;1653
46082;1516;1515;1269;2096;1670
46112;1754;1552;1369;2107;1645
46152;1604;1501;1375;2149;1690
46192;1392;1441;1278;2180;1672
46232;1311;1494;1203;2131;1685
46262;1326;1557;1167;2070;1666
46302;1613;1601;1275;2091;1664
46342;1928;1623;1396;2093;1645
46382;1731;1559;1408;2077;1642
46412;1486;1480;1329;2114;1647
46452;1369;1532;1245;2048;1647
46492;1419;1634;1202;1978;1620
46532;1794;1696;1315;1988;1642
46562;2102;1738;1436;1840;2109
46602;2250;1759;1496;1668;1506
46642;1983;1769;1395;1426;1436
46682;1710;1775;1258;1324;1395
46712;1568;1793;1173;1337;1373
46752;1507;1805;1131;1364;1438
46792;1718;1812;1240;1284;1413
46832;1957;1796;1348;1735;1486
46862;1744;1724;1336;1724;1508
46902;1549;1690;1250;1685;1490
46942;1462;1714;1193;1649;1490
46982;1483;1722;1173;1373;1449
47012;1657;1741;1243;1306;1424
47052;1577;1695;1255;1387;1405
47072;1440;1605;1223;1494;1429
47112;1328;1549;1175;1704;1517
47152;1296;1570;1151;1671;1498
47202;1535;1591;1259;1551;1449
47242;1749;1571;1373;1684;1500
47282;1469;1387;1365;1726;1492
47312;1232;1262;1298;1842;1554
47352;1114;1269;1229;1831;1549
47392;1126;1308;1194;1657;1492
47432;1315;1338;1301;1548;1457
47462;1548;1352;1393;1639;1452
47502;1411;1292;1405;1616;1448
47542;1211;1212;1320;1666;1459
47582;1125;1268;1244;1791;1523
47612;1139;1340;1206;1714;1488
47652;1287;1391;1265;1535;1443
47692;1527;1406;1371;1653;1430
47732;1328;1284;1374;1624;1429
47762;1143;1202;1295;1582;1408
47802;1043;1212;1210;1615;1424
47842;1060;1292;1167;1517;1432
47882;1190;1354;1214;1423;1421
47912;1491;1386;1352;1391;1397
47952;1667;1390;1442;1658;1431
47992;1451;1314;1409;1672;1444
48032;1282;1299;1310;1662;1439
48062;1216;1364;1239;1675;1439
48102;1257;1428;1204;1496;1417
48142;1523;1464;1323;1393;1382
48182;1670;1450;1411;1628;1423
48212;1462;1346;1406;1584;1423
48252;1253;1279;1308;1586;1439
48292;1180;1346;1228;1620;1442
48332;1209;1401;1189;1531;1458
48362;1350;1432;1270;1451;1443
48392;1587;1441;1368;1551;1432
48432;1428;1353;1366;1583;1448
48472;1255;1313;1270;1611;1456
48512;1191;1390;1196;1640;1466
48552;1231;1453;1159;1519;1456
48592;1497;1499;1269;1427;1415
48632;1735;1511;1386;1539;1417
48662;1594;1446;1409;1549;1443
48702;1351;1359;1312;1561;1405
48742;1224;1391;1224;1615;1431
48782;1212;1442;1181;1470;1450
48812;1310;1473;1210;1422;1443
48852;1642;1493;1371;1463;1395
48892;1755;1459;1459;1478;1405
48932;1432;1296;1400;1472;1374
48962;1221;1213;1309;1456;1384
49002;1159;1311;1232;1515;1390
49042;1200;1393;1193;1442;1436
49082;1484;1440;1311;1512;1645
49112;1710;1465;1410;1312;1331
49152;1543;1373;1432;1489;1505
49192;1286;1259;1340;1409;1356
49232;1161;1287;1255;1424;1348
49262;1163;1379;1211;1398;1358
49302;1296;1458;1235;1608;1950
49342;1649;1498;1383;1338;1451
49382;1902;1506;1475;1353;1311
49412;1668;1431;1471;1415;1387
49452;1397;1345;1369;1478;1353
49492;1292;1416;1280;1457;1356
49532;1329;1522;1235;1424;1351
49562;1546;1586;1293;1530;1699
49602;1899;1618;1428;1331;1459
49642;2014;1603;1500;1417;1306
49682;1638;1487;1412;1433;1329
49712;1394;1431;1301;1465;1319
49752;1279;1452;1223;1479;1328
49792;1290;1532;1185;1412;1484
49832;1513;1577;1268;1542;1833
49862;1741;1598;1388;1291;1390
49902;1871;1573;1465;1491;1316
49942;1603;1442;1458;1468;1360
49982;1389;1363;1388;1500;1327
50012;1294;1401;1328;1485;1333
50052;1354;1513;1296;1432;1349
50092;1630;1573;1378;1351;1424
50132;1904;1597;1461;1312;1330
50162;1783;1545;1462;1368;1432
50202;1481;1451;1345;1431;1337
50242;1330;1471;1241;1519;1370
50282;1295;1541;1189;1455;1357
50312;1344;1586;1170;1636;2008
50352;1620;1605;1300;1376;1526
50392;1803;1592;1398;1371;1302
50432;1590;1511;1377;1416;1369
50462;1381;1440;1287;1421;1343
50502;1271;1461;1203;1408;1331
50542;1243;1502;1160;1386;1363
50582;1342;1524;1197;1618;2010
50612;1637;1529;1333;1372;1478
50652;1918;1541;1443;1352;1332
50692;1838;1509;1460;1396;1375
50732;1542;1461;1346;1460;1379
50762;1391;1500;1230;1513;1424
50802;1315;1556;1164;1468;1402
50842;1328;1590;1131;1557;1859
50882;1582;1610;1256;1412;1579
50912;1873;1620;1383;1312;1426
50952;1868;1586;1442;1443;1374
50992;1602;1537;1344;1437;1384
51032;1448;1554;1241;1421;1381
51062;1366;1586;1187;1414;1389
51102;1373;1616;1159;1452;1642
51142;1584;1625;1264;1370;1448
51182;1777;1604;1381;1391;1340
51222;1638;1521;1408;1405;1391
51262;1446;1492;1303;1408;1366
51302;1349;1526;1216;1426;1365
51342;1326;1569;1172;1387;1529
51422;1648;1589;1327;1391;1392
51462;1773;1586;1410;1476;1380
51502;1551;1542;1355;1435;1378
51542;1419;1543;1270;1422;1377
51582;1364;1607;1219;1402;1388
51622;1387;1637;1192;1457;1673
51652;1587;1653;1272;1456;1624
51692;1798;1662;1388;1346;1427
51732;1703;1572;1432;1419;1607
51772;1451;1445;1361;1471;1592
51802;1314;1408;1295;1420;1545
51842;1257;1430;1253;1404;1542
51882;1334;1441;1273;1478;1685
51922;1610;1449;1402;1308;1449
51952;1758;1444;1481;1393;1407
51992;1606;1368;1497;1412;1551
52032;1381;1320;1384;1436;1540
52072;1266;1408;1257;1373;1430
52102;1232;1497;1190;1392;1492
52142;1301;1553;1181;1798;2372
52182;1638;1580;1340;1391;1584
52222;1916;1591;1465;1372;1488
52252;1947;1544;1529;1366;1376
52292;1615;1412;1462;1445;1560
52332;1407;1448;1329;1436;1468
52372;1357;1543;1253;1415;1358
52402;1395;1600;1227;1530;1788
52442;1703;1629;1365;1358;1576
52482;1970;1644;1468;1335;1442
52522;1781;1633;1428;1420;1542
52552;1581;1640;1308;1395;1446
52592;1456;1684;1198;1516;1397
52632;1401;1711;1144;1362;1454
52672;1445;1725;1147;1560;1957
52702;1684;1726;1274;1304;1430
52742;1951;1714;1393;1401;1356
52782;1743;1662;1378;1398;1417
52822;1557;1657;1282;1447;1374
52852;1457;1678;1210;1447;1369
52892;1413;1689;1174;1382;1420
52932;1474;1694;1212;1524;1836
52972;1743;1683;1354;1303;1380
53002;1859;1647;1429;1332;1354
53042;1595;1569;1365;1363;1394
53082;1441;1589;1266;1364;1384
53122;1363;1618;1207;1352;1460
53152;1348;1633;1177;1579;1907
53192;1576;1638;1285;1725;2252
53232;1912;1639;1438;1372;1669
53272;2078;1594;1531;1356;1393
53302;1809;1483;1523;1535;1884
53342;1476;1363;1408;1648;2062
53382;1314;1422;1278;1561;1860
53422;1288;1524;1207;1448;1705
53452;1347;1584;1188;1778;2347
53492;1645;1615;1325;1492;1833
53532;1785;1626;1411;1415;1642
53572;1595;1607;1340;1540;1813
53602;1453;1617;1252;1420;1539
53642;1383;1621;1188;1404;1521
53682;1376;1685;1155;1654;2129
53722;1560;1714;1221;2019;2723
53752;1753;1728;1338;1495;1836
53792;1883;1708;1417;1368;1468
53832;1683;1661;1383;1598;2008
53872;1516;1651;1285;1546;1861
53902;1430;1688;1223;1513;1823
53942;1420;1721;1193;1643;2151
53982;1628;1735;1277;1670;2107
54022;1933;1736;1416;1426;1732
54052;2056;1683;1496;1372;1462
54092;1757;1592;1443;1542;1913
54132;1541;1598;1330;1514;1849
54172;1432;1648;1257;1494;1885
54202;1416;1679;1220;1683;2205
54242;1619;1695;1295;1732;2206
54282;1816;1694;1404;1370;1524
54322;1775;1639;1430;1405;1634
54352;1558;1586;1358;1474;1713
54392;1423;1588;1277;1472;1792
54432;1356;1616;1234;1472;1824
54472;1384;1629;1214;1722;2270
54502;1604;1636;1310;1634;2030
54542;1799;1623;1423;1344;1422
54582;1642;1535;1430;1550;1885
54622;1423;1472;1342;1544;1830
54652;1304;1476;1269;1510;1866
54692;1267;1503;1231;1454;1677
54732;1334;1517;1234;1537;1879
54772;1647;1526;1377;1352;1533
54802;1917;1507;1486;1326;1440
54842;1705;1443;1469;1546;1877
54882;1478;1427;1355;1457;1742
54922;1366;1477;1265;1436;1667
54952;1324;1544;1220;1437;1686
54992;1367;1596;1197;1459;1782
55032;1614;1620;1308;1327;1400
55072;1895;1609;1433;1391;1377
55102;1837;1554;1472;1447;1427
55142;1552;1499;1363;1394;1420
55182;1394;1514;1258;1367;1421
55222;1322;1558;1204;1345;1438
55252;1319;1582;1178;1376;1575
55292;1550;1591;1284;1407;1577
55332;1742;1569;1393;1402;1390
55372;1571;1502;1395;1401;1447
55402;1406;1449;1341;1417;1446
55442;1319;1474;1288;1409;1453
55482;1328;1537;1261;1383;1530
55522;1575;1580;1332;1443;1653
55552;1877;1601;1434;1335;1477
55592;1857;1564;1482;1348;1457
55632;1577;1503;1384;1487;1640
55672;1408;1514;1276;1515;1754
55702;1339;1567;1221;1478;1722
55742;1354;1604;1194;1635;2050
55782;1569;1627;1280;1586;1874
55822;1841;1640;1398;1347;1406
55852;1868;1620;1461;1383;1416
55892;1590;1535;1391;1515;1604
55932;1436;1537;1304;1503;1651
55972;1424;1637;1254;1470;1528
56002;1480;1697;1230;1544;1819
56042;1757;1725;1349;1413;1644
56082;2034;1729;1461;1336;1681
56122;2011;1675;1509;1403;1530
56152;1751;1593;1444;1550;1860
56192;1554;1595;1329;1466;1579
56232;1462;1644;1250;1428;1604
56272;1459;1701;1211;1568;1979
56302;1616;1739;1246;1568;1963
56342;1964;1758;1395;1361;1668
56382;2106;1734;1477;1380;1439
56412;1923;1687;1441;1628;1956
56452;1665;1665;1336;1638;1973
56492;1530;1707;1252;1635;1975
56532;1491;1755;1210;1664;2169
56572;1634;1779;1239;1804;2267
56602;1913;1788;1356;1482;1696
56642;2086;1779;1445;1397;1456
56682;1842;1713;1411;1597;1954
56722;1587;1680;1291;1679;2096
56752;1459;1690;1204;1637;2034
56792;1391;1714;1159;1714;2250
56832;1416;1726;1139;1943;2680
56872;1675;1723;1276;1612;1948
56902;1965;1722;1406;1499;1854
56942;2045;1680;1476;1468;1703
56982;1747;1633;1389;1814;2312
57022;1563;1672;1268;1762;2207
57052;1470;1704;1195;1725;2154
57092;1427;1740;1158;1822;2421
57132;1457;1759;1158;2050;2824
57172;1681;1768;1269;1484;1702
57202;1912;1774;1368;1440;1649
57242;1928;1775;1418;1440;1638
57282;1704;1776;1325;1909;2539
57322;1540;1777;1224;1897;2552
57352;1458;1777;1171;1871;2556
57392;1414;1779;1144;1927;2644
57432;1478;1780;1181;1966;2727
57472;1734;1775;1324;1419;1584
57502;1965;1766;1424;1374;1499
57542;1905;1705;1453;1387;1604
57582;1660;1674;1350;1736;2218
57622;1520;1703;1250;1708;2168
57652;1448;1731;1200;1707;2240
57692;1451;1749;1174;1772;2326
57732;1653;1741;1276;1491;1750
57772;1948;1722;1414;1435;1705
57802;2097;1701;1499;1440;1737
57842;1967;1623;1512;1598;2085
57882;1613;1520;1400;1915;2516
57922;1422;1529;1283;1764;2262
57952;1334;1587;1215;1498;1781
57992;1334;1617;1181;1687;2216
58032;1541;1636;1262;1812;2390
58072;1868;1646;1398;1429;1678
58102;2033;1651;1471;1405;1509
58142;1788;1632;1436;1781;2329
58182;1527;1586;1323;1902;2495
58222;1371;1575;1225;1733;2213
58252;1296;1600;1175;1584;1906
58292;1283;1621;1149;1639;2104
58332;1385;1639;1208;1698;2227
58372;1682;1649;1354;1319;1475
58402;1921;1653;1448;1334;1436
58442;1877;1619;1479;1354;1483
58482;1629;1602;1375;1585;1817
58522;1500;1655;1257;1442;1610
58552;1434;1696;1191;1419;1644
58592;1412;1730;1159;1649;2041
58632;1580;1747;1218;1663;1984
58672;1883;1740;1365;1288;1445
58702;2044;1717;1455;1303;1397
58742;1927;1662;1470;1331;1434
58782;1670;1646;1363;1527;1765
58822;1524;1662;1257;1473;1645
58852;1453;1698;1203;1496;1812
58892;1420;1731;1176;1597;2020
58932;1478;1743;1206;1620;2047
58972;1733;1725;1348;1292;1446
59002;1954;1707;1442;1298;1427
59042;1914;1645;1487;1329;1436
59082;1659;1618;1379;1543;1803
59112;1512;1657;1270;1505;1747
59122;1434;1669;1206;1482;1705
59152;1396;1687;1169;1465;1720
59192;1383;1711;1151;1554;1919
59232;1444;1722;1192;1541;1892
59272;1702;1706;1334;1312;1436
59302;1858;1680;1428;1322;1387
59342;1729;1611;1432;1461;1677
59382;1536;1608;1333;1526;1765
59422;1444;1653;1255;1445;1672
59452;1403;1677;1216;1476;1755
59492;1441;1692;1216;1550;1864
59532;1694;1693;1339;1306;1448
59572;1918;1677;1425;1368;1392
59602;1824;1648;1417;1435;1628
59642;1598;1649;1313;1535;1776
59682;1460;1619;1220;1455;1623
59722;1401;1633;1173;1472;1705
59752;1385;1640;1150;1498;1745
59792;1463;1668;1210;1497;1768
59832;1693;1638;1349;1416;1405
59872;1692;1563;1419;1376;1441
59902;1479;1495;1357;1425;1540
59942;1303;1465;1247;1410;1596
59982;1215;1471;1181;1394;1482
60022;1173;1482;1146;1419;1580
60052;1179;1485;1129;1443;1697
60092;1331;1466;1249;1494;1601
60132;1500;1416;1352;1364;1449
60172;1339;1335;1336;1384;1528
60202;1207;1302;1255;1431;1579
60242;1139;1368;1181;1370;1510
60252;1108;1415;1143;1373;1512
60292;1124;1446;1124;1467;1698
60332;1236;1460;1184;1534;1871
60362;1533;1468;1333;1342;1403
60402;1739;1454;1444;1409;1376
60442;1532;1385;1436;1405;1555
60482;1315;1343;1323;1405;1541
60512;1207;1377;1222;1370;1475
60542;1151;1410;1170;1352;1418
60582;1140;1449;1143;1361;1471
60622;1223;1470;1166;1368;1469
60662;1526;1480;1321;1440;1419
60702;1733;1467;1437;1422;1391
60742;1555;1391;1438;1473;1593
60782;1357;1386;1313;1423;1512
60812;1256;1438;1214;1394;1448
60852;1226;1504;1164;1412;1507
60892;1271;1557;1139;1700;2176
60932;1565;1582;1285;1340;1401
60962;1885;1593;1428;1319;1432
61002;2026;1581;1505;1396;1377
61042;1720;1537;1434;1423;1565
61082;1512;1564;1303;1392;1463
61112;1409;1592;1212;1370;1471
61152;1360;1620;1165;1547;1890
61192;1404;1634;1183;1659;2153
61232;1703;1631;1347;1296;1512
61262;1954;1626;1466;1288;1483
61302;1947;1571;1530;1317;1404
61342;1639;1470;1452;1479;1631
61382;1453;1506;1320;1414;1501
61412;1362;1561;1228;1341;1438
61452;1334;1613;1182;1381;1551
61492;1419;1638;1209;1503;1850
61532;1715;1635;1362;1438;1450
61562;1959;1611;1478;1490;1449
61602;2057;1533;1549;1654;1451
61642;1741;1364;1543;1491;1435
61682;1531;1321;1480;1487;1430
61712;1452;1428;1405;1494;1432
61752;1574;1549;1368;1487;1428
61782;1783;1611;1420;1734;1509
61822;2024;1629;1507;1708;1593
61862;1955;1557;1541;1628;1479
61892;1708;1471;1490;1560;1442
61932;1552;1495;1406;1550;1442
61972;1522;1594;1357;1569;1449
62012;1656;1644;1349;1537;1430
62052;1932;1664;1443;1586;1473
62092;2058;1603;1509;1628;1435
62132;1749;1479;1487;1574;1439
62162;1525;1414;1426;1578;1423
62202;1415;1470;1355;1561;1425
62242;1435;1566;1318;1529;1440
62282;1632;1614;1351;1559;1425
62312;1912;1610;1453;1529;1465
62352;2027;1527;1535;1576;1420
62392;1742;1398;1536;1600;1465
62432;1491;1334;1456;1557;1430
62462;1370;1401;1378;1571;1430
62502;1398;1514;1336;1542;1447
62542;1572;1570;1337;1404;1447
62582;1796;1552;1441;1428;1428
62612;1891;1503;1508;1475;1407
62652;1650;1396;1491;1550;1437
62692;1444;1371;1394;1489;1417
62732;1352;1447;1310;1475;1424
62762;1347;1543;1269;1465;1429
62802;1415;1593;1251;1435;1459
62842;1658;1584;1365;1459;1421
62882;1712;1484;1444;1527;1436
62912;1489;1358;1426;1539;1411
62952;1310;1301;1342;1499;1429
62992;1252;1398;1265;1496;1422
63032;1276;1503;1225;1403;1461
63062;1327;1561;1206;1400;1479
63102;1484;1586;1267;1422;1458
63142;1410;1510;1299;1399;1446
63182;1245;1390;1252;1426;1437
63212;1153;1332;1206;1377;1451
63252;1133;1383;1175;1401;1456
63292;1168;1438;1160;1366;1456
63332;1281;1466;1213;1404;1457
63362;1388;1461;1283;1398;1446
63402;1291;1362;1298;1429;1457
63442;1145;1289;1231;1393;1451
63482;1064;1282;1175;1377;1432
63512;1040;1326;1145;1434;1421
63552;1090;1382;1130;1401;1455
63592;1236;1439;1190;1522;1429
63632;1502;1469;1299;1839;1519
63662;1507;1459;1354;1627;1465
63702;1353;1432;1290;1611;1456
63742;1254;1434;1208;1561;1455
63782;1213;1474;1165;1527;1438
63812;1212;1502;1143;1469;1498
63852;1325;1522;1195;1504;1593
63892;1634;1527;1348;1641;1481
63932;1742;1470;1442;1692;1491
63962;1530;1374;1426;1690;1470
64002;1319;1323;1326;1596;1458
64042;1210;1377;1226;1528;1428
64082;1192;1458;1175;1547;1451
64112;1216;1501;1150;1504;1434
64152;1364;1524;1227;1445;1439
64192;1655;1527;1369;1668;1476
64232;1682;1456;1446;1621;1448
64262;1457;1349;1408;1491;1423
64302;1274;1293;1321;1482;1487
64342;1201;1365;1252;1419;1420
64382;1221;1452;1213;1465;1393
64412;1301;1498;1205;1445;1427
64452;1608;1516;1343;1503;1416
64492;1811;1503;1451;1556;1406
64532;1610;1408;1458;1539;1521
64552;1402;1325;1403;1515;1414
64592;1277;1352;1300;1432;1414
64632;1230;1425;1231;1478;1397
64672;1248;1481;1195;1495;1463
64712;1394;1504;1262;1525;1590
64752;1670;1519;1388;1483;1407
64792;1768;1482;1461;1529;1390
64832;1536;1425;1414;1513;1472
64862;1368;1396;1331;1527;1523
64902;1279;1427;1254;1430;1424
64942;1277;1507;1215;1470;1455
64982;1361;1553;1226;1522;1566
65012;1588;1577;1319;1414;1381
65052;1767;1561;1411;1669;1461
65092;1624;1483;1434;1559;1467
65132;1430;1427;1350;1544;1422
65162;1324;1454;1264;1510;1437
65202;1286;1532;1207;1501;1383
65242;1308;1577;1180;1542;1572
65282;1461;1593;1251;1561;1734
65312;1665;1569;1360;1345;1401
65352;1722;1493;1425;1478;1427
65392;1532;1405;1427;1449;1417
65432;1398;1374;1375;1491;1472
65462;1332;1415;1321;1479;1493
65502;1336;1456;1294;1510;1553
6;1472;1476;1336;1576;1671
46;1707;1487;1439;1355;1397
76;1840;1493;1512;1407;1388
116;1878;1454;1558;1473;1376
156;1590;1348;1512;1446;1437
196;1365;1326;1383;1477;1459
226;1253;1407;1277;1457;1420
266;1244;1478;1222;1516;1416
306;1328;1516;1226;1517;1718
346;1648;1551;1364;1392;1412
376;1925;1568;1471;1401;1410
416;2028;1545;1531;1556;1406
456;1741;1491;1480;1495;1475
496;1529;1489;1379;1461;1415
526;1422;1549;1305;1432;1419
566;1416;1598;1269;1475;1498
606;1599;1623;1313;1482;1611
646;1917;1634;1436;1318;1405
676;2083;1633;1513;1385;1374
716;1962;1559;1527;1408;1411
756;1653;1502;1438;1452;1492
796;1486;1545;1334;1409;1524
866;1456;1611;1274;1507;1661
906;1605;1644;1303;1483;1661
946;1804;1656;1398;1349;1393
976;1910;1653;1455;1404;1368
1016;1814;1633;1455;1481;1621
1056;1574;1592;1371;1679;1937
1096;1441;1580;1303;1562;1869
1126;1380;1604;1267;1592;1841
1166;1400;1618;1250;1691;2010
1206;1612;1624;1338;1506;1724
1246;1769;1624;1417;1391;1398
1276;1803;1601;1458;1411;1427
1316;1613;1561;1420;1581;1759
1356;1484;1542;1370;1551;1751
1396;1426;1576;1330;1539;1752
1426;1427;1599;1310;1563;1795
1456;1513;1615;1321;1549;1810
1496;1743;1624;1412;1314;1398
1536;1874;1626;1473;1377;1372
1576;1683;1586;1444;1584;1923
1616;1513;1568;1355;1570;1800
1656;1426;1601;1284;1487;1773
1696;1393;1633;1247;1502;1778
1726;1408;1665;1229;1572;1891
1766;1574;1676;1268;1437;1631
1806;1725;1687;1335;1383;1377
1846;1736;1687;1350;1460;1661
1876;1596;1697;1293;1584;1780
1916;1451;1663;1233;1443;1586
1956;1378;1645;1199;1434;1573
1996;1355;1650;1183;1449;1649
2026;1406;1661;1192;1456;1689
2066;1630;1666;1298;1330;1435
2106;1803;1660;1387;1322;1393
2146;1671;1589;1406;1447;1664
2176;1505;1539;1352;1473;1593
2216;1374;1499;1284;1373;1477
2256;1309;1513;1244;1399;1540
2296;1323;1558;1224;1445;1661
2326;1407;1593;1247;1479;1753
2366;1664;1611;1353;1330;1430
2406;1817;1618;1423;1351;1386
2446;1637;1580;1409;1514;1801
2476;1506;1555;1350;1512;1692
2506;1423;1552;1303;1442;1685
2546;1401;1603;1276;1470;1688
2586;1435;1638;1262;1510;1768
2626;1630;1637;1330;1412;1554
2656;1772;1610;1412;1349;1414
2696;1763;1517;1456;1392;1534
2736;1524;1418;1418;1462;1568
2776;1382;1424;1329;1423;1603
2816;1327;1508;1264;1419;1558
2856;1334;1564;1232;1439;1650
2896;1392;1596;1233;1498;1779
2926;1495;1602;1292;1505;1728
2966;1574;1560;1338;1578;1831
3006;1447;1479;1357;1523;1726
3046;1306;1399;1314;1544;1722
3076;1235;1385;1274;1512;1703
3116;1235;1439;1252;1494;1678
3156;1332;1492;1256;1550;1823
3196;1612;1523;1368;1351;1428
3226;1810;1538;1453;1323;1431
3266;1885;1537;1499;1377;1388
3306;1681;1508;1461;1591;1856
3346;1472;1470;1376;1521;1714
3376;1364;1466;1315;1465;1692
3416;1332;1495;1283;1558;1835
3456;1437;1519;1318;1751;2345
3496;1711;1531;1426;1389;1606
3526;1859;1544;1488;1355;1483
3566;1779;1520;1482;1541;1905
3606;1533;1491;1381;1678;1987
3646;1383;1490;1297;1592;1942
3676;1314;1511;1251;1633;1985
3716;1325;1538;1228;1668;2171
3756;1533;1562;1307;1668;2081
3776;1714;1574;1396;1397;1574
3826;1841;1550;1467;1390;1475
3866;1627;1466;1452;1748;2264
3906;1406;1396;1371;1687;2094
3946;1293;1417;1307;1661;2064
3976;1275;1463;1275;1673;2141
4016;1364;1500;1290;1822;2508
4056;1644;1524;1401;1467;1753
4096;1808;1523;1479;1439;1550
4126;1789;1475;1518;1622;2085
4166;1519;1397;1447;1788;2375
4206;1352;1386;1358;1781;2462
4246;1277;1434;1303;1788;2459
4276;1275;1459;1276;1800;2503
4316;1384;1472;1327;1836;2562
4356;1605;1454;1431;1569;1838
4396;1531;1323;1485;1917;2628
4426;1359;1226;1469;1894;2608
4466;1233;1197;1401;1868;2590
4506;1236;1328;1336;1760;2232
4546;1314;1470;1303;1763;2344
4576;1503;1560;1322;1785;2337
4616;1755;1599;1426;1376;1533
4656;1949;1572;1497;1353;1440
4696;1767;1505;1507;1518;1768
4726;1574;1461;1466;1477;1592
4756;1460;1462;1408;1432;1557
4796;1444;1541;1367;1475;1677
4836;1537;1590;1347;1555;1861
4876;1749;1605;1428;1357;1531
4916;1840;1550;1491;1404;1544
4956;1601;1436;1475;1478;1575
4996;1383;1353;1398;1439;1481
5026;1275;1392;1330;1418;1477
5066;1291;1469;1293;1406;1486
5106;1398;1547;1290;1530;1823
5146;1661;1601;1376;1356;1447
5176;1830;1626;1452;1356;1419
5216;1799;1555;1494;1473;1707
5256;1553;1434;1467;1599;1798
5296;1410;1409;1420;1506;1781
5306;1342;1420;1393;1519;1806
5386;1595;1536;1408;1482;1807
5436;1868;1595;1472;1425;1617
5476;1903;1571;1508;1441;1624
5516;1677;1480;1504;1559;1740
5556;1508;1433;1458;1584;1881
5596;1475;1537;1409;1592;1983
5626;1584;1614;1385;1617;2100
5666;1773;1657;1425;1492;1876
5706;1998;1675;1496;1420;1713
5746;1925;1568;1537;1470;1862
5776;1624;1411;1507;1638;1946
5816;1399;1311;1439;1569;1877
5856;1335;1400;1373;1591;1917
5896;1393;1528;1335;1696;2287
5926;1567;1606;1334;1908;2677
5966;1751;1616;1415;1518;1888
6006;1767;1515;1474;1590;2041
6046;1484;1347;1449;1671;2079
6076;1292;1251;1392;1654;2094
6116;1212;1314;1321;1639;2024
6156;1247;1462;1277;1627;2086
6196;1319;1552;1255;1777;2466
6226;1407;1569;1300;1890;2675
6266;1384;1469;1335;1810;2397
6306;1228;1321;1329;1684;2102
6346;1121;1249;1295;1603;1918
6376;1066;1260;1265;1609;1957
6416;1108;1358;1242;1608;1991
6456;1214;1441;1233;1660;2132
6496;1417;1469;1331;1692;2225
6526;1575;1434;1413;1691;2173
6566;1420;1307;1454;1707;2090
6606;1243;1218;1388;1703;2098
6646;1157;1275;1310;1688;2099
6676;1170;1372;1269;1663;2119
6716;1244;1446;1247;1874;2627
6746;1387;1480;1308;1942;2717
6756;1567;1497;1370;1869;2490
6796;1722;1455;1478;1475;1631
6826;1783;1368;1555;1541;1685
6866;1509;1202;1565;1621;1853
6906;1223;1088;1468;1677;2044
6946;1067;1060;1378;1718;2268
6976;1045;1152;1317;1724;2243
7016;1141;1269;1286;1692;2246
7056;1409;1341;1370;1874;2518
7096;1627;1342;1458;1585;1855
7126;1568;1298;1502;1712;2120
7166;1381;1244;1443;1698;1960
7206;1262;1274;1356;1654;1993
7246;1229;1368;1297;1620;1990
7276;1266;1448;1268;1656;2104
7316;1436;1491;1311;2009;2764
7356;1708;1482;1443;1524;1899
7396;1805;1387;1538;1563;1903
7426;1604;1241;1568;1676;2114
7466;1372;1146;1512;1662;2143
7506;1268;1208;1428;1706;2269
7546;1320;1348;1377;1727;2372
7576;1525;1463;1365;2035;2856
7616;1907;1548;1468;1408;1652
7656;2118;1579;1548;1318;1483
7696;2021;1516;1578;1355;1433
7726;1716;1421;1517;1558;1757
7766;1458;1378;1411;1591;1880
7806;1348;1431;1335;1575;1890
7846;1342;1466;1297;1823;2506
7876;1491;1499;1335;1992;2830
7916;1816;1524;1445;1352;1559
7956;1904;1506;1509;1361;1320
7996;1680;1437;1496;1459;1539
8026;1470;1392;1416;1506;1628
8066;1354;1427;1327;1569;1925
8106;1312;1493;1278;1656;2086
8146;1344;1551;1254;1880;2577
8176;1440;1597;1277;1829;2399
8216;1693;1620;1383;1327;1354
8256;1849;1621;1459;1387;1328
8296;1725;1560;1477;1649;1920
8326;1553;1526;1424;1706;1978
8366;1449;1519;1360;1632;2005
8406;1431;1602;1313;1589;1836
8446;1488;1628;1289;1610;1908
8476;1690;1650;1340;1326;1415
8516;2001;1660;1448;1292;1427
8556;2163;1678;1532;1289;1435
8596;2194;1614;1580;1371;1325
8626;1882;1492;1555;1454;1595
8666;1593;1421;1454;1628;1941
8706;1457;1521;1346;1535;1819
8746;1445;1592;1290;1571;1912
8776;1482;1620;1262;1842;2455
8816;1715;1665;1346;1340;1476
8856;1956;1651;1449;1322;1350
8896;1885;1568;1497;1419;1438
8926;1645;1493;1446;1492;1637
8966;1486;1493;1357;1638;2006
9006;1429;1568;1296;1706;2162
9046;1446;1607;1266;2189;3040
9076;1615;1626;1311;1899;2396
9116;1907;1634;1427;1375;1521
9156;2018;1581;1497;1358;1335
9196;1747;1498;1466;1612;1825
9226;1542;1479;1387;1700;2100
9256;1442;1543;1309;1702;2194
9296;1402;1581;1253;1680;2131
9336;1424;1677;1225;1710;2182
9376;1595;1729;1246;1453;1598
9406;1803;1752;1346;1433;1419
9446;2020;1728;1445;1531;1404
9486;1810;1635;1451;1376;1566
9526;1576;1589;1360;1575;1916
9566;1459;1643;1287;1559;1967
9606;1426;1674;1246;1603;1924
9646;1471;1690;1225;1540;1781
9676;1640;1698;1281;1372;1376
9716;1900;1702;1386;1568;1424
9756;1862;1643;1437;1539;1421
9796;1637;1596;1377;1471;1607
9826;1507;1614;1304;1470;1661
9856;1443;1667;1248;1428;1614
9896;1449;1727;1220;1444;1524
9936;1529;1757;1206;1465;1523
9976;1726;1763;1299;1487;1393
10006;1877;1718;1398;1479;1383
10036;1889;1630;1451;1454;1381
10076;1609;1518;1412;1454;1360
10116;1423;1479;1322;1447;1404
10156;1332;1530;1248;1405;1423
10196;1316;1578;1209;1455;1436
10236;1355;1602;1190;1435;1440
10276;1560;1615;1278;1561;1412
10306;1769;1620;1384;1771;1492
10346;1683;1552;1425;1430;1399
10386;1487;1500;1351;1474;1459
10426;1363;1504;1259;1411;1621
10466;1303;1555;1196;1421;1564
10506;1278;1583;1163;1441;1673
10546;1340;1598;1170;1446;1568
10576;1563;1605;1274;1511;1388
10616;1765;1595;1388;1744;1507
10656;1655;1540;1426;1451;1467
10696;1471;1514;1344;1533;1670
10726;1361;1530;1258;1472;1700
10766;1305;1579;1197;1461;1606
10806;1292;1627;1162;1505;1760
10846;1324;1651;1145;1570;1798
10876;1410;1652;1199;1553;1722
10906;1624;1642;1307;1595;1470
10946;1685;1582;1367;1383;1418
10986;1494;1533;1328;1532;1756
11026;1341;1510;1248;1561;1947
11066;1256;1500;1199;1544;1926
11106;1215;1501;1173;1570;1954
11146;1215;1502;1160;1545;1877
11176;1273;1505;1186;1560;1794
11206;1475;1503;1285;1538;1628
11246;1613;1471;1369;1446;1592
11286;1437;1428;1346;1620;1996
11326;1282;1407;1266;1656;2212
11366;1207;1443;1202;1594;2130
11406;1184;1482;1164;1578;2056
11446;1210;1502;1145;1582;1995
11476;1294;1519;1178;1603;1961
11516;1414;1533;1256;1572;1819
11556;1397;1508;1290;1537;1836
11596;1318;1493;1243;1473;1575
11626;1259;1495;1193;1428;1541
11666;1230;1514;1160;1474;1589
11706;1217;1529;1142;1465;1769
11746;1245;1537;1133;1487;1800
11776;1345;1541;1193;1524;1703
11816;1610;1541;1328;1434;1418
11856;1806;1540;1432;1456;1425
11896;1801;1538;1477;1428;1414
11926;1606;1538;1401;1430;1538
11956;1435;1542;1297;1471;1611
11996;1333;1543;1212;1439;1705
12036;1281;1544;1165;1648;2153
12076;1252;1544;1141;1652;2100
12116;1312;1538;1157;1684;2097
12156;1579;1534;1293;1380;1409
12196;1792;1532;1408;1485;1410
12226;1782;1507;1460;1372;1377
12266;1552;1477;1391;1563;1803
12306;1404;1495;1289;1658;2199
12346;1326;1546;1213;1668;2222
12376;1291;1578;1174;1774;2392
12416;1303;1594;1154;1893;2544
12456;1458;1602;1230;1868;2434
12496;1717;1588;1365;1363;1382
12526;1842;1542;1444;1371;1354
12556;1717;1476;1476;1738;2220
12596;1477;1426;1400;1773;2347
12636;1322;1428;1300;1844;2513
12676;1246;1458;1229;1772;2435
12716;1214;1475;1194;1801;2441
12756;1233;1484;1176;1719;2244
12796;1343;1508;1221;1510;1596
12826;1552;1539;1298;1403;1413
12866;1760;1572;1387;1630;1503
12906;1978;1608;1455;1722;1577
12946;2108;1632;1498;1782;1585
12976;2172;1644;1521;1858;1626
13016;2202;1650;1538;1949;1691
13056;2217;1649;1549;2049;1722
13096;2190;1626;1556;2185;1786
13126;2160;1613;1558;2223;1811
13166;2068;1604;1559;2217;1814
13206;1967;1574;1559;2222;1789
13246;1748;1555;1499;2215;1790
13276;1548;1544;1395;2195;1808
13316;1425;1534;1306;2140;1770
13356;1366;1534;1255;2063;1744
13426;1340;1536;1230;2109;1792
13466;1408;1537;1260;2174;1827
13506;1628;1535;1348;2400;1925
13546;1823;1537;1431;2461;1955
13576;2000;1538;1483;2487;1962
13606;2096;1539;1511;2541;1993
13646;2144;1539;1525;2584;2031
13686;2057;1538;1536;2579;2010
13726;1822;1538;1477;2539;2010
13766;1634;1539;1400;2502;1971
13806;1523;1538;1335;2492;1948
13846;1468;1562;1296;2426;1930
13876;1436;1575;1276;2405;1908
13916;1432;1582;1266;2397;1903
13956;1504;1585;1301;2396;1905
13996;1670;1583;1369;2462;1936
14026;1785;1582;1423;2485;1937
14056;1853;1581;1458;2496;1932
14096;1888;1581;1477;2499;1940
14136;1905;1581;1487;2541;1930
14176;1914;1583;1493;2509;1930
14216;1920;1594;1499;2574;1965
14256;1927;1600;1505;2571;1979
14296;1928;1603;1508;3015;2296
14326;1931;1605;1510;3051;2312
14366;1930;1606;1511;3095;2330
14406;1930;1607;1511;2878;2246
14446;1929;1604;1511;2786;2140
14476;1928;1603;1511;2748;2136
14506;1926;1602;1511;2692;2121
14546;1919;1602;1511;2629;2042
14556;1913;1602;1511;2627;2036
14586;1907;1602;1511;2608;2040
14626;1905;1602;1511;2578;2043
14666;1902;1600;1511;2561;2041
14706;1891;1598;1511;2482;2010
14716;1876;1596;1511;2280;1895