
8613;1206;816;857;2061;1424
8723;1810;1225;1285;2050;1420
8743;2112;1429;1499;2049;1422
8763;2263;1531;1606;2055;1426
8803;2338;1583;1659;2046;1429
8813;2376;1608;1686;2046;1427
8843;2394;1620;1700;2040;1429
8873;2403;1627;1706;2046;1432
8883;2408;1630;1709;2045;1432
8913;2410;1632;1711;2044;1427
8953;2411;1633;1712;2044;1407
8993;2412;1633;1712;2043;1411
9023;2412;1634;1712;2041;1414
9063;2412;1634;1712;2036;1409
9103;2412;1633;1714;2030;1404
9143;2411;1634;1714;2033;1411
9173;2412;1634;1714;2029;1418
9213;2412;1634;1714;2031;1417
9253;2413;1634;1714;2033;1418
9293;2413;1634;1714;2035;1412
9323;2413;1634;1714;2037;1415
9363;2413;1633;1714;2038;1417
9403;2413;1633;1714;2037;1417
9443;2413;1633;1714;2037;1420
9473;2412;1633;1714;2041;1424
9513;2412;1633;1714;2045;1426
9553;2412;1633;1714;2049;1424
9593;2412;1633;1714;2047;1427
9623;2412;1633;1714;2051;1428
9663;2413;1633;1714;2059;1431
9703;2413;1633;1714;2066;1428
9743;2412;1633;1715;2059;1431
9773;2412;1632;1715;2058;1432
9813;2412;1632;1715;2061;1433
9853;2412;1633;1715;2057;1434
9893;2412;1633;1716;2057;1434
9923;2412;1633;1716;2053;1435
9963;2412;1633;1716;2052;1434
10003;2412;1634;1717;2051;1434
10043;2412;1634;1717;2046;1434
10073;2412;1634;1717;2043;1434
10113;2413;1634;1717;2043;1430
10153;2413;1634;1717;2038;1433
10193;2412;1634;1717;2038;1431
10223;2412;1634;1717;2032;1432
10263;2412;1633;1717;2027;1435
10303;2412;1633;1717;2026;1435
10343;2412;1633;1717;2026;1433
10373;2411;1633;1718;2027;1432
10413;2411;1632;1717;2032;1432
10453;2412;1633;1717;2037;1433
10493;2412;1633;1717;2038;1434
10523;2412;1633;1717;2036;1431
10563;2412;1633;1716;2037;1432
10603;2412;1633;1716;2035;1433
10643;2412;1633;1716;2036;1432
10673;2412;1634;1716;2036;1436
10713;2412;1634;1716;2031;1440
10753;2411;1633;1716;2036;1441
10793;2411;1633;1716;2041;1443
10823;2412;1633;1716;2062;1450
10863;2412;1634;1716;2086;1455
10903;2412;1633;1716;2105;1459
10943;2412;1634;1717;2114;1463
10973;2412;1634;1717;2130;1469
11013;2411;1633;1717;2134;1459
11053;2411;1633;1716;2155;1460
11093;2412;1633;1716;2147;1463
11123;2413;1633;1717;2147;1467
11163;2413;1633;1717;2159;1464
11203;2414;1633;1717;3071;1468
11243;2414;1634;1717;2141;1467
11273;2413;1633;1717;2843;1465
11313;2413;1633;1717;2125;1468
11353;2413;1657;1716;2437;1483
11393;2411;1670;1716;1541;1492
11423;2411;1676;1715;1700;1489
11463;2411;1679;1716;1748;1470
11503;2412;1682;1716;1941;1505
11543;2412;1682;1716;1939;1540
11573;2411;1682;1716;1949;1524
11613;2411;1682;1716;1964;1488
11653;2411;1682;1717;1966;1485
11693;2410;1683;1716;1965;1483
11723;2410;1683;1716;1942;1503
11763;2410;1682;1717;1937;1527
11803;2410;1682;1717;1910;1559
11843;2412;1694;1717;1912;1621
11873;2413;1709;1717;1910;1610
11913;2413;1720;1717;1922;1570
11953;2413;1708;1717;1924;1570
11993;2412;1708;1717;1927;1567
12023;2412;1710;1717;1935;1561
12063;2412;1707;1717;1944;1542
12103;2411;1709;1717;1946;1501
12143;2411;1711;1716;1956;1455
12173;2411;1710;1716;1968;1429
12213;2411;1709;1716;1999;1405
12253;2411;1705;1716;2023;1404
12293;2411;1702;1716;2041;1399
12323;2411;1708;1717;2047;1390
12363;2411;1712;1716;2081;1375
12403;2411;1711;1717;2099;1365
12443;2411;1715;1716;2117;1358
12473;2411;1717;1719;2142;1345
12513;2411;1720;1720;2201;1309
12553;2411;1740;1722;2235;1296
12593;2411;1759;1723;2242;1273
12623;2411;1769;1724;2235;1278
12663;2411;1773;1725;2231;1286
12703;2412;1776;1725;2228;1291
12743;2411;1778;1725;2223;1292
12773;2411;1778;1725;2215;1299
12813;2411;1778;1725;2194;1318
12853;2412;1778;1724;2125;1361
12893;2412;1778;1725;1992;1421
12923;2412;1778;1726;1931;1466
12963;2413;1779;1726;1911;1553
13003;2414;1779;1726;1897;1604
13043;2418;1779;1726;1878;1630
13073;2421;1779;1726;1868;1651
13113;2424;1779;1727;1853;1668
13153;2427;1779;1727;1817;1706
13193;2431;1779;1727;1805;1753
13223;2434;1779;1727;1777;1781
13263;2434;1779;1727;1774;1816
13303;2434;1779;1724;1775;1839
13343;2435;1779;1717;1779;1857
13373;2435;1779;1709;1775;1890
13413;2435;1778;1701;1772;1931
13453;2435;1778;1696;1768;1972
13493;2435;1778;1690;1767;2036
13523;2435;1778;1686;1763;2084
13563;2435;1778;1677;1758;2123
13603;2434;1779;1672;1753;2137
13643;2434;1779;1669;1753;2132
13673;2433;1780;1668;1757;2134
13713;2433;1779;1668;1758;2135
13753;2433;1779;1666;1753;2136
13793;2433;1779;1666;1751;2137
13823;2433;1779;1665;1749;2135
13863;2433;1779;1666;1753;2129
13903;2434;1779;1666;1756;2117
13943;2434;1780;1665;1767;2078
13973;2434;1779;1665;1776;2048
14013;2434;1779;1665;1785;2024
14053;2434;1778;1665;1788;1961
14093;2434;1779;1666;1791;1908
14123;2434;1779;1666;1798;1878
14163;2435;1780;1666;1798;1803
14203;2435;1780;1666;1816;1759
14243;2435;1779;1666;1831;1729
14273;2434;1779;1667;1837;1714
14313;2435;1779;1666;1841;1696
14353;2435;1779;1666;1842;1686
14393;2435;1779;1666;1841;1685
14423;2435;1779;1666;1843;1681
14463;2436;1779;1665;1844;1678
14503;2439;1779;1665;1800;1660
14543;2441;1780;1666;1832;1908
14573;2441;1779;1666;1797;1855
14613;2440;1779;1666;1810;1852
14653;2440;1779;1666;1820;1828
14693;2438;1780;1665;1817;1808
14723;2437;1780;1665;1830;1800
14763;2436;1779;1665;1828;1781
14803;2434;1780;1665;1841;1744
14843;2432;1779;1666;1854;1675
14873;2430;1779;1666;1871;1650
14913;2428;1779;1666;1908;1627
14953;2426;1779;1666;1946;1608
14993;2427;1779;1666;1972;1590
15023;2428;1782;1666;2005;1503
15063;2422;1795;1666;2027;1454
15103;2418;1801;1666;2038;1450
15143;2416;1805;1666;2063;1454
15173;2415;1807;1666;2119;1442
15213;2410;1831;1666;2235;1446
15253;2406;1844;1666;2245;1448
15293;2402;1850;1666;2302;1443
15323;2398;1851;1666;2379;1432
15363;2397;1867;1666;2434;1414
15403;2396;1876;1666;2444;1402
15443;2394;1879;1666;2455;1403
15473;2393;1883;1666;2502;1395
15513;2391;1915;1666;2544;1389
15553;2390;1932;1666;2522;1393
15593;2391;1939;1666;2550;1389
15623;2391;1943;1666;2560;1382
15663;2391;1945;1666;2589;1354
15703;2392;1962;1666;2625;1346
15743;2391;1974;1665;2619;1344
15773;2391;1980;1666;2632;1343
15813;2392;1983;1666;2633;1341
15853;2391;1984;1666;2640;1340
15893;2391;1985;1666;2661;1332
15923;2391;1985;1666;2665;1335
15963;2391;1984;1667;2659;1345
16003;2391;1984;1666;2642;1363
16043;2391;1985;1666;2628;1372
16073;2390;1986;1667;2588;1377
16113;2392;1986;1666;2466;1389
16153;2393;1986;1666;2433;1429
16193;2393;1986;1666;2450;1416
16223;2392;1987;1666;2444;1416
16263;2392;1988;1666;2426;1427
16303;2392;1988;1666;2378;1444
16343;2392;1988;1666;2313;1451
16373;2392;1988;1666;2242;1458
16413;2391;1988;1666;2112;1480
16453;2392;1988;1666;2023;1499
16493;2392;1988;1666;1903;1533
16523;2392;1987;1666;1834;1563
16563;2393;1987;1666;1820;1684
16603;2395;1986;1666;1816;1817
16643;2400;1986;1666;1817;1911
16673;2404;1987;1666;1816;1945
16713;2410;1986;1666;1810;1965
16753;2409;1987;1666;1797;1981
16793;2412;1987;1666;1782;2013
16823;2420;1988;1666;1744;2073
16863;2420;1988;1662;1717;2099
16903;2420;1988;1660;1716;2102
16943;2419;1987;1659;1716;2113
16973;2420;1986;1657;1712;2139
17013;2420;1986;1653;1699;2176
17053;2422;1986;1650;1708;2198
17093;2423;1987;1649;1707;2186
17123;2424;1987;1648;1709;2192
17163;2424;1987;1648;1706;2213
17203;2424;1987;1647;1700;2221
17243;2426;1987;1646;1701;2235
17273;2426;1987;1639;1699;2241
17313;2428;1987;1636;1693;2250
17353;2430;1987;1634;1686;2289
17393;2432;1988;1628;1681;2313
17423;2433;1987;1624;1680;2336
17463;2434;1987;1622;1677;2352
17503;2434;1987;1621;1683;2343
17543;2434;1986;1622;1685;2327
17573;2434;1986;1621;1688;2315
17613;2433;1987;1621;1691;2278
17653;2434;1986;1621;1707;2200
17693;2433;1987;1621;1753;1980
17723;2431;1987;1621;1834;1911
17763;2432;1988;1621;1855;1891
17803;2430;1988;1622;1863;1900
17843;2428;1988;1622;1867;1893
17873;2427;1987;1621;1865;1894
17913;2426;1987;1621;1866;1894
17953;2426;1987;1621;1868;1878
17993;2424;1987;1622;1893;1849
18023;2424;1988;1621;1902;1847
18063;2424;1988;1621;1918;1830
18103;2422;1988;1621;1930;1823
18143;2422;1988;1621;1962;1800
18173;2423;1988;1621;1987;1758
18213;2424;1988;1621;2007;1710
18253;2425;1988;1621;2020;1640
18293;2430;1988;1621;2039;1611
18323;2426;1988;1622;2054;1605
18363;2421;1987;1622;2052;1546
18403;2418;1987;1622;2084;1489
18443;2417;1987;1622;2099;1479
18473;2415;1987;1622;2103;1483
18513;2413;1988;1622;2104;1484
18553;2414;1988;1622;2114;1479
18593;2414;1988;1622;2153;1470
18623;2414;1988;1623;2184;1471
18663;2413;1988;1622;2203;1472
18703;2411;1989;1622;2205;1479
18743;2410;1988;1622;2209;1473
18773;2410;1987;1622;2216;1474
18813;2409;1986;1622;2225;1472
18853;2408;1986;1622;2227;1473
18893;2408;1986;1622;2226;1474
18923;2407;1986;1622;2227;1471
18963;2407;1986;1623;2231;1466
19003;2408;1986;1623;2242;1464
19043;2407;1986;1623;2263;1463
19073;2405;1986;1623;2276;1462
19113;2404;1986;1623;2301;1464
19153;2401;1986;1622;2386;1451
19193;2396;1987;1622;2481;1450
19223;2393;1988;1622;2483;1450
19263;2391;1988;1622;2468;1492
19303;2390;1988;1622;2459;1508
19343;2390;1988;1622;2457;1511
19373;2390;1987;1622;2449;1515
19413;2390;1986;1622;2416;1533
19453;2390;1986;1622;2277;1539
19493;2390;1987;1622;2289;1526
19523;2390;1987;1622;2288;1514
19563;2391;1988;1622;2233;1542
19603;2394;1988;1622;1887;1576
19633;2396;1988;1622;1798;1743
19673;2395;1988;1622;1820;2018
19713;2396;1988;1623;1814;2021
19753;2396;1988;1623;1810;1998
19793;2395;1989;1622;1810;2019
19823;2395;1989;1622;1816;2021
19863;2395;1989;1622;1818;2025
19903;2395;1989;1623;1817;2033
19943;2396;1990;1623;1816;2031
19973;2396;1989;1623;1827;2014
20013;2394;1989;1623;1816;1958
20053;2394;1989;1623;1824;1970
20093;2394;1989;1623;1820;1954
20123;2392;1988;1624;1828;1918
20163;2395;1988;1623;1900;1802
20203;2395;1989;1623;1940;1663
20243;2395;1989;1623;1956;1673
20273;2394;1988;1622;1986;1670
20313;2394;1989;1622;2025;1618
20353;2395;1989;1622;2078;1598
20393;2395;1989;1623;2184;1521
20423;2396;1989;1623;2191;1517
20463;2396;1989;1623;2185;1523
20503;2395;1990;1623;2186;1529
20543;2395;1990;1623;2230;1492
20573;2394;1990;1623;2251;1486
20613;2394;1990;1623;2240;1504
20653;2394;1989;1623;2216;1534
20693;2395;1989;1622;2225;1535
20723;2395;1989;1622;2219;1538
20763;2395;1988;1623;2200;1535
20803;2395;1989;1623;2202;1536
20843;2395;1989;1623;2191;1558
20873;2395;1989;1622;2159;1562
20913;2395;1990;1623;2134;1571
20953;2395;1990;1623;2132;1581
20993;2395;1990;1622;2086;1587
21023;2396;1990;1622;2043;1592
21063;2396;1990;1622;2037;1603
21103;2396;1990;1622;2019;1625
21143;2395;1989;1623;1994;1650
21173;2395;1989;1623;1993;1677
21213;2396;1990;1623;1986;1689
21253;2396;1990;1623;1965;1709
21293;2396;1990;1623;1931;1721
21323;2397;1990;1623;1898;1726
21363;2399;1990;1623;1856;1759
21403;2401;1990;1623;1820;1783
21443;2403;1990;1624;1791;1801
21473;2406;1991;1623;1793;1838
21513;2408;1990;1623;1790;1879
21553;2412;1990;1623;1794;1903
21593;2417;1989;1623;1790;1937
21623;2420;1989;1623;1789;1964
21663;2422;1990;1623;1789;1986
21703;2425;1990;1623;1784;2000
21743;2429;1990;1624;1786;2034
21773;2431;1990;1624;1783;2052
21813;2433;1990;1624;1786;2076
21853;2433;1989;1625;1784;2093
21893;2434;1989;1623;1787;2114
21923;2436;1990;1625;1780;2133
21963;2436;1990;1625;1771;2149
22003;2436;1989;1625;1774;2152
22043;2435;1989;1624;1763;2129
22073;2434;1990;1624;1776;2111
22113;2434;1989;1623;1779;2089
22153;2435;1989;1623;1773;2074
22193;2434;1988;1622;1787;2034
22223;2433;1989;1623;1796;1992
22263;2435;1989;1622;1800;1926
22303;2435;1990;1623;1831;1840
22343;2435;1990;1623;1948;1711
22373;2435;1990;1624;1921;1689
22413;2433;1990;1623;1907;1703
22453;2433;1990;1622;1904;1703
22493;2427;1990;1623;1942;1641
22523;2422;1991;1623;1939;1630
22563;2420;1990;1623;1918;1659
22603;2417;1991;1623;1877;1741
22643;2417;1990;1622;1840;1810
22673;2416;1989;1623;1833;1818
22713;2416;1989;1623;1816;1828
22753;2414;1990;1623;1814;1838
22793;2424;1990;1622;1803;1913
22823;2427;1990;1623;1800;1925
22863;2429;1990;1622;1825;1864
22903;2422;1990;1623;1864;1725
22943;2417;1991;1624;1885;1701
22973;2415;1990;1624;1884;1704
23013;2415;1990;1623;1927;1640
23053;2414;1990;1623;1946;1620
23093;2414;1990;1623;1934;1666
23123;2412;1991;1623;1891;1754
23163;2412;1991;1623;1885;1752
23203;2413;1991;1623;1937;1620
23243;2413;1991;1623;1969;1602
23273;2413;1991;1624;1987;1602
23313;2414;1991;1623;1999;1605
23353;2413;1990;1624;2077;1564
23393;2409;1990;1624;2117;1566
23423;2407;1990;1623;2100;1585
23463;2406;1989;1623;2031;1647
23503;2406;1989;1622;1931;1761
23543;2407;1989;1622;1869;1790
23573;2407;1988;1623;1860;1793
23613;2407;1989;1622;1856;1792
23653;2406;1989;1623;1856;1797
23693;2406;1989;1623;1858;1795
23723;2406;1988;1622;1856;1797
23763;2408;1989;1623;1853;1808
23803;2409;1990;1623;1840;1815
23843;2409;1989;1624;1874;1727
23873;2408;1989;1623;1930;1621
23913;2407;1989;1623;1954;1605
23953;2407;1990;1623;1963;1622
23993;2407;1989;1623;1963;1637
24023;2407;1989;1623;1947;1648
24063;2406;1990;1624;1931;1678
24103;2406;1990;1624;1942;1621
24143;2406;1990;1624;1963;1585
24173;2406;1989;1623;1998;1598
24213;2406;1989;1624;2011;1613
24253;2406;1989;1624;1987;1612
24293;2405;1990;1624;1982;1555
24323;2406;1989;1624;2032;1519
24363;2406;1989;1623;2134;1550
24403;2406;1990;1625;2081;1562
24443;2406;1989;1623;2005;1559
24473;2406;1989;1623;2008;1575
24513;2405;1989;1623;2031;1581
24553;2404;1989;1622;2022;1588
24593;2405;1988;1622;2006;1587
24623;2405;1989;1623;1995;1601
24663;2405;1989;1623;2002;1615
24703;2405;1989;1624;1963;1614
24743;2405;1990;1624;1948;1618
24773;2405;1990;1623;1929;1608
24813;2406;1990;1623;1944;1616
24853;2405;1989;1623;1983;1630
24883;2405;1989;1623;1975;1624
24923;2406;1989;1623;1953;1629
25043;2405;1989;1624;1963;1618
25083;2404;1988;1623;1959;1616
25123;2405;1989;1623;1954;1628
25163;2404;1990;1623;1958;1623
25203;2404;1990;1624;1966;1613
25243;2404;1989;1624;2022;1592
25333;2405;1990;1623;2182;1518
25383;2403;1989;1622;2272;1511
25413;2401;1989;1622;2306;1523
25423;2398;1989;1623;2307;1527
25463;2398;1989;1624;2274;1547
25503;2398;1989;1623;2239;1588
25543;2396;1989;1623;2239;1585
25573;2396;1989;1623;2247;1588
25613;2396;1989;1623;2263;1566
25643;2397;1990;1623;2282;1556
25683;2397;1990;1623;2282;1556
25723;2397;1990;1623;2258;1576
25763;2397;1990;1624;2203;1599
25803;2396;1990;1623;2192;1612
25843;2396;1988;1622;2184;1614
25873;2397;1988;1622;2192;1616
25913;2396;1989;1622;2183;1611
25953;2396;1989;1622;2165;1616
25993;2395;1989;1621;2153;1623
26023;2396;1989;1622;2153;1632
26063;2396;1989;1622;2134;1640
26103;2397;1989;1623;2124;1635
26143;2395;1990;1623;2121;1645
26173;2401;1988;1623;2076;1655
26213;2404;1989;1623;1980;1674
26253;2406;1990;1623;1949;1770
26293;2405;1989;1623;1847;1846
26323;2407;1990;1624;1823;1884
26363;2410;1990;1624;1797;1905
26393;2412;1989;1624;1793;1908
26433;2412;1989;1623;1801;1949
26513;2412;1990;1623;1809;1968
26553;2411;1990;1624;1805;1968
26593;2409;1990;1623;1811;1974
26623;2409;1990;1623;1814;1979
26663;2410;1989;1623;1815;1972
26703;2410;1990;1623;1815;1970
26733;2410;1989;1623;1815;1970
26773;2409;1988;1623;1817;1969
26813;2409;1989;1624;1816;1952
26853;2409;1989;1623;1816;1956
26893;2408;1989;1622;1818;1950
26933;2409;1989;1623;1838;1846
26993;2409;1990;1623;1998;1610
27033;2407;1991;1623;2064;1611
27063;2406;1991;1623;2097;1606
27103;2405;1991;1624;2190;1562
27143;2405;1990;1624;2218;1561
27183;2404;1989;1624;2185;1601
27223;2404;1990;1625;2152;1629
27263;2401;1991;1625;2296;1530
27303;2399;1991;1625;2362;1542
27343;2398;1990;1625;2339;1602
27373;2397;1990;1624;2283;1622
27413;2397;1990;1624;2096;1654
27453;2398;1990;1625;1938;1781
27493;2399;1989;1626;1828;1856
27523;2400;1990;1627;1820;1897
27563;2405;1989;1628;1816;1932
27603;2406;1990;1628;1803;2044
27643;2408;1980;1628;1801;2105
27673;2409;1974;1628;1804;2124
27713;2408;1972;1628;1808;2124
27753;2407;1972;1628;1806;2125
27793;2406;1971;1628;1807;2112
27823;2407;1972;1628;1802;2013
27863;2408;1972;1629;1833;1848
27903;2408;1972;1630;1856;1837
27943;2408;1972;1630;1898;1722
27973;2407;1972;1631;1911;1689
28013;2407;1972;1631;1918;1706
28053;2405;1973;1630;1923;1691
28093;2406;1973;1631;2122;1606
28123;2405;1974;1632;2173;1604
28163;2404;1974;1632;2118;1642
28203;2405;1974;1632;2088;1701
28233;2405;1974;1632;2149;1630
28273;2404;1975;1631;2198;1608
28313;2405;1974;1631;2199;1610
28353;2401;1975;1631;2420;1519
28393;2395;1976;1630;2568;1597
28423;2393;1979;1630;2562;1637
28463;2391;1980;1631;2391;1674
28503;2392;1981;1633;2070;1738
28543;2391;1980;1635;1920;1926
28573;2390;1979;1637;1858;1964
28613;2393;1979;1636;1850;1996
28653;2394;1979;1636;1849;2012
28693;2393;1978;1636;1848;2014
28723;2395;1978;1637;1849;2009
28763;2397;1979;1637;1849;2010
28803;2396;1978;1638;1854;2012
28843;2395;1978;1638;1855;2015
28873;2395;1978;1637;1859;2012
28913;2396;1978;1637;1858;2001
28953;2396;1977;1637;1867;1970
28993;2395;1977;1637;1972;1715
29023;2396;1979;1637;2128;1675
29063;2397;1980;1637;2194;1640
29103;2398;1980;1637;2390;1586
29143;2393;1979;1636;2513;1584
29173;2393;1980;1637;2505;1619
29213;2391;1981;1637;2471;1680
29253;2390;1980;1637;2371;1702
29293;2391;1980;1637;2129;1724
29323;2393;1980;1639;1957;1820
29363;2394;1981;1639;1933;1909
29403;2393;1981;1640;1931;1887
29443;2393;1980;1640;1946;1791
29473;2393;1981;1640;1955;1815
29513;2393;1980;1640;1945;1854
29553;2394;1980;1640;1946;1879
29593;2395;1980;1639;1942;1901
29623;2396;1980;1640;1914;1928
29663;2396;1981;1640;1891;1949
29703;2396;1981;1640;1896;1926
29743;2396;1980;1640;1904;1860
29823;2396;1981;1642;1952;1751
29863;2396;1981;1643;2165;1648
29903;2395;1980;1644;2243;1588
29943;2395;1980;1645;2272;1584
29983;2394;1980;1644;2427;1583
30023;2392;1980;1644;2480;1587
30063;2391;1981;1644;2474;1599
30103;2391;1981;1644;2422;1683
30143;2390;1981;1644;2375;1694
30173;2389;1982;1644;2399;1594
30213;2389;1981;1644;2453;1580
30253;2389;1981;1644;2445;1604
30293;2391;1981;1644;2445;1635
30323;2390;1981;1644;2457;1581
30363;2390;1981;1644;2460;1599
30403;2391;1981;1644;2422;1655
30443;2392;1981;1644;2320;1708
30473;2395;1982;1643;2135;1741
30513;2397;1982;1649;1950;1915
30553;2402;1948;1653;1871;2001
30593;2397;1913;1660;1887;2128
30623;2397;1884;1669;1878;2164
30663;2395;1875;1675;1860;2186
30703;2394;1870;1678;1861;2193
30743;2395;1868;1680;1856;2229
30773;2395;1866;1681;1853;2235
30813;2399;1866;1681;1865;2270
30853;2401;1866;1680;1864;2271
30893;2403;1866;1681;1869;2287
30923;2405;1866;1681;1862;2278
30963;2405;1866;1681;1865;2242
31003;2405;1866;1681;1870;2202
31043;2405;1866;1681;1872;2038
31073;2404;1866;1681;1900;1979
31113;2407;1865;1681;2251;1601
31153;2404;1864;1680;2412;1562
31193;2401;1863;1680;2409;1634
31223;2401;1863;1681;2350;1686
31263;2400;1863;1682;2414;1582
31303;2395;1871;1683;2593;1569
31343;2395;1894;1683;2872;1531
31373;2395;1911;1683;2875;1513
31413;2394;1919;1683;2847;1571
31453;2394;1925;1683;2568;1626
31493;2394;1925;1684;2077;1715
31523;2390;1923;1685;1932;1928
31563;2388;1923;1686;1896;1954
31603;2386;1923;1686;1895;1950
31643;2387;1924;1686;1895;1959
31673;2386;1924;1685;1894;1951
31713;2390;1923;1684;1878;2001
31753;2390;1924;1686;1865;2037
31793;2390;1924;1685;1867;2058
31823;2394;1911;1685;1860;2124
31863;2396;1886;1685;1860;2116
31903;2397;1873;1686;1863;2071
31943;2396;1865;1686;1871;2019
31973;2396;1861;1686;1880;1956
32013;2396;1858;1686;1927;1846
32053;2394;1857;1686;2155;1660
32093;2394;1860;1686;2254;1568
32123;2394;1862;1686;2276;1579
32163;2394;1865;1686;2385;1560
32203;2392;1869;1686;2386;1585
32243;2393;1871;1686;2307;1684
32273;2394;1873;1686;2172;1724
32313;2394;1873;1686;1967;1881
32353;2395;1873;1686;1892;1939
32393;2395;1873;1686;1877;1978
32423;2396;1873;1686;1872;1988
32463;2395;1873;1686;1869;1992
32503;2393;1873;1687;1869;1989
32543;2393;1874;1687;1871;1985
32573;2392;1874;1687;1872;1981
32613;2392;1874;1687;1871;1981
32653;2392;1873;1686;1874;1973
32693;2392;1872;1686;1879;1972
32723;2393;1873;1687;1878;1940
32763;2394;1872;1687;2151;1659
32803;2393;1873;1686;2276;1567
32843;2393;1874;1686;2313;1569
32873;2393;1873;1686;2532;1570
32913;2393;1910;1685;2827;1558
32953;2392;1929;1686;2770;1584
32993;2391;1938;1686;2540;1641
33023;2393;1942;1686;2274;1676
33063;2396;1947;1686;1992;1826
33093;2399;1948;1686;1928;1913
33103;2398;1949;1687;1918;1926
33143;2398;1950;1686;1910;1929
33173;2398;1950;1687;1908;1934
33213;2412;1933;1687;1878;1969
33253;2401;1920;1686;1864;2028
33293;2399;1909;1686;1855;2130
33323;2396;1904;1686;1852;2082
33363;2396;1902;1687;1869;2012
33403;2396;1901;1687;1903;1901
33443;2393;1901;1687;1921;1890
33473;2392;1901;1687;1925;1898
33513;2391;1899;1687;1925;1903
33553;2390;1899;1687;1928;1900
33593;2391;1900;1686;1948;1860
33623;2392;1900;1686;2047;1695
33663;2394;1899;1686;2191;1648
33703;2393;1900;1687;2225;1639
33743;2393;1901;1687;2227;1604
33773;2393;1900;1686;2222;1636
33813;2394;1900;1686;2222;1626
33853;2394;1901;1686;2299;1572
33893;2395;1901;1686;2321;1578
33923;2396;1902;1686;2346;1571
33963;2396;1903;1687;2507;1561
34003;2395;1907;1686;2520;1590
34043;2395;1909;1686;2439;1695
34073;2397;1910;1687;2273;1723
34113;2395;1911;1687;2049;1770
34153;2395;1911;1686;1950;1933
34193;2397;1911;1686;1907;1970
34223;2396;1910;1686;1902;1958
34263;2396;1911;1687;1910;1959
34303;2398;1911;1687;1910;1960
34343;2397;1910;1686;1894;1982
34383;2400;1909;1686;1894;1973
34413;2400;1909;1686;1896;1972
34453;2402;1908;1687;1896;1967
34493;2403;1908;1687;1898;1961
34533;2402;1907;1689;1899;1952
34563;2400;1908;1689;1898;1953
34603;2400;1908;1689;1896;1942
34643;2399;1908;1689;1896;1942
34683;2398;1909;1690;1898;1948
34723;2397;1910;1690;1896;1935
34763;2393;1910;1690;1926;1792
34803;2394;1909;1690;2034;1676
34843;2394;1909;1689;2087;1683
34883;2395;1909;1690;2482;1553
34923;2394;1930;1691;2952;1515
34963;2392;1937;1691;2974;1541
35003;2392;1942;1691;2705;1615
35043;2395;1946;1697;2276;1687
35083;2396;1947;1703;2085;1720
35123;2397;1942;1707;2116;1669
35163;2395;1940;1708;2135;1677
35203;2394;1933;1710;2093;1745
35243;2413;1926;1711;1997;1828
35273;2402;1918;1711;1978;1940
35313;2394;1916;1711;1968;1956
35353;2390;1915;1710;2025;1766
35393;2394;1914;1710;2479;1563
35423;2393;1915;1710;2847;1550
35463;2386;1945;1710;3227;1517
35473;2382;1968;1711;3409;1564
35513;2379;2061;1710;3568;1578
35553;2376;2109;1710;3574;1582
35593;2375;2131;1710;3477;1622
35623;2375;2143;1711;3080;1643
35663;2376;2148;1711;2605;1753
35703;2374;2151;1711;2795;1559
35743;2374;2152;1710;3037;1583
35773;2375;2152;1711;3128;1580
35813;2375;2154;1710;3429;1549
35853;2375;2157;1710;3467;1569
35893;2374;2157;1709;3395;1624
35933;2372;2159;1709;3166;1650
35973;2372;2159;1710;2720;1679
36013;2373;2157;1710;2421;1790
36053;2373;2157;1711;2308;1808
36093;2375;2078;1717;2184;1819
36133;2380;2009;1731;2122;1854
36173;2375;1963;1742;2107;1864
36213;2374;1936;1749;2100;1878
36253;2374;1924;1753;2077;1890
36293;2373;1919;1755;2066;1887
36323;2375;1896;1756;2061;1917
36363;2373;1888;1759;2053;1968
36403;2374;1883;1760;2053;1980
36443;2374;1878;1760;2048;2006
36473;2376;1874;1761;2049;2032
36513;2376;1874;1762;2044;2048
36553;2376;1870;1761;2048;2034
36593;2375;1868;1761;2050;2027
36623;2378;1867;1762;2050;2052
36663;2381;1866;1762;2029;2101
36703;2380;1866;1762;2017;2095
36743;2378;1867;1762;2019;2104
36773;2378;1867;1763;2023;2066
36813;2381;1865;1762;2151;1734
36853;2381;1865;1762;2359;1641
36893;2382;1871;1762;2561;1621
36923;2382;1874;1762;2609;1646
36963;2382;1876;1761;2621;1699
37003;2381;1877;1761;2622;1654
37043;2381;1878;1761;2712;1652
37073;2381;1895;1761;2991;1540
37113;2381;1923;1761;3096;1555
37153;2380;1937;1762;2972;1644
37193;2385;1943;1761;2563;1731
37203;2388;1947;1761;2447;1778
37243;2389;1948;1761;2044;1913
37323;2388;1938;1761;2040;1982
37363;2389;1933;1762;2049;1959
37403;2390;1931;1761;2062;1957
37443;2389;1929;1761;2049;2007
37483;2383;1893;1761;1994;2098
37523;2382;1856;1761;1960;2140
37563;2387;1835;1761;1946;2148
37603;2391;1824;1761;1959;2094
37643;2389;1819;1762;1958;2107
37673;2387;1817;1762;1960;2091
37713;2386;1816;1762;1969;2068
37753;2385;1816;1762;1971;2065
37793;2384;1816;1762;1975;2034
37823;2384;1815;1762;1972;2038
37863;2385;1815;1761;1969;2109
37903;2385;1816;1761;1963;2121
37943;2385;1815;1762;1971;2070
37973;2385;1816;1762;1986;2023
38013;2384;1816;1762;2003;1951
38053;2383;1816;1762;2041;1860
38093;2386;1814;1761;2190;1733
38123;2386;1814;1761;2252;1720
38163;2389;1813;1762;2349;1676
38203;2394;1816;1768;2860;1587
38243;2390;1818;1771;2976;1594
38273;2388;1819;1773;2863;1673
38313;2388;1820;1775;2531;1751
38353;2389;1820;1776;2244;1826
38393;2386;1821;1777;2423;1634
38423;2382;1822;1777;2872;1555
38463;2380;1821;1777;2935;1632
38503;2380;1820;1778;2612;1722
38543;2388;1820;1778;2182;1834
38573;2386;1819;1777;2107;2079
38613;2383;1819;1776;1993;2138
38653;2381;1819;1777;1982;2147
38693;2381;1820;1777;1974;2171
38723;2385;1820;1777;1956;2187
38763;2390;1821;1776;1935;2302
38803;2392;1823;1777;1953;2439
38833;2397;1823;1770;1954;2474
38873;2400;1823;1767;1945;2418
38913;2401;1823;1765;1953;2402
38953;2403;1823;1764;1954;2408
38993;2404;1823;1764;1951;2415
39023;2409;1823;1763;1956;2424
39063;2410;1822;1762;1954;2426
39103;2409;1823;1762;1955;2417
39143;2408;1823;1762;1956;2427
39173;2409;1823;1762;1952;2430
39213;2409;1823;1762;1957;2423
39253;2408;1823;1762;1958;2427
39293;2410;1824;1762;1956;2434
39323;2411;1825;1762;1958;2427
39363;2412;1825;1762;1960;2400
39403;2412;1823;1762;1962;2365
39443;2411;1823;1762;1950;2273
39473;2410;1823;1762;1952;2205
39513;2410;1823;1763;1972;2121
39553;2411;1824;1762;1992;2111
39593;2412;1824;1762;1993;2070
39623;2411;1825;1763;2012;2024
39663;2410;1825;1763;2023;2033
39703;2407;1826;1762;2054;1978
39743;2410;1827;1762;2142;1810
39773;2409;1827;1762;2163;1787
39813;2410;1827;1762;2151;1834
39853;2410;1826;1763;2167;1816
39893;2405;1826;1763;2370;1631
39923;2401;1825;1763;2419;1642
39963;2399;1826;1762;2402;1772
40003;2401;1826;1762;2212;1854
40043;2404;1826;1763;2117;2074
40073;2400;1826;1763;2024;2109
40113;2396;1826;1763;2013;2123
40153;2394;1827;1763;2013;2125
40193;2393;1827;1763;2011;2132
40223;2393;1826;1763;2007;2126
40263;2392;1826;1763;2010;2117
40303;2392;1826;1763;2013;2096
40343;2400;1826;1763;2236;1719
40373;2396;1824;1763;2549;1612
40413;2395;1826;1763;2787;1603
40453;2391;1828;1763;3053;1571
40493;2383;1827;1763;3359;1536
40523;2380;1839;1763;3402;1558
40563;2378;1846;1763;3320;1625
40603;2377;1850;1762;2772;1660
40643;2376;1853;1763;2577;1754
40673;2374;1854;1763;2554;1739
40713;2372;1854;1763;2575;1681
40753;2372;1855;1763;2573;1708
40793;2373;1854;1763;2524;1767
40823;2373;1854;1763;2363;1788
40863;2373;1854;1763;2146;1844
40903;2374;1852;1763;2106;1856
40943;2374;1851;1764;2158;1693
40973;2378;1851;1764;2286;1609
41013;2377;1852;1764;2373;1616
41053;2377;1852;1764;2373;1623
41093;2377;1852;1764;2364;1671
41123;2376;1852;1763;2327;1754
41163;2376;1850;1763;2189;1815
41203;2376;1846;1763;2101;1856
41243;2375;1844;1764;2101;1841
41273;2374;1843;1764;2112;1847
41313;2380;1843;1763;2176;1653
41353;2380;1844;1763;2556;1604
41393;2379;1848;1764;2710;1598
41423;2379;1850;1764;2720;1620
41463;2379;1853;1764;2983;1538
41503;2378;1867;1764;3060;1540
41543;2377;1874;1764;2989;1610
41573;2377;1879;1763;2766;1653
41613;2381;1881;1764;2346;1803
41653;2383;1882;1764;2130;1837
41693;2385;1883;1764;2109;1846
41723;2386;1882;1764;2118;1846
41763;2386;1882;1764;2121;1856
41773;2385;1882;1764;2120;1859
41823;2383;1882;1764;2125;1851
41863;2381;1869;1763;2087;1948
41943;2381;1839;1764;1988;2120
41983;2381;1825;1764;1978;2130
42023;2383;1820;1765;1972;2141
42063;2383;1817;1765;1974;2116
42103;2382;1817;1765;1994;2019
42143;2381;1819;1764;2013;1983
42173;2380;1819;1764;2024;1971
42213;2387;1820;1764;2131;1753
42253;2388;1821;1764;2320;1615
42293;2388;1821;1764;2344;1654
42323;2388;1822;1764;2313;1709
42363;2391;1823;1765;2260;1833
42403;2392;1824;1765;2362;1610
42443;2392;1823;1765;2431;1640
42473;2393;1823;1765;2410;1718
42513;2396;1824;1765;2318;1807
42553;2396;1824;1765;2124;1875
42593;2395;1824;1765;2037;2083
42623;2394;1823;1765;1995;2098
42663;2392;1823;1765;1981;2116
42703;2391;1823;1765;1981;2118
42743;2391;1823;1766;1981;2116
42773;2391;1823;1765;1983;2105
42813;2391;1823;1765;1987;2097
42843;2391;1823;1764;1987;2104
42853;2390;1822;1765;1986;2104
42893;2390;1822;1765;1987;2112
42923;2390;1823;1765;1985;2112
42963;2390;1824;1765;1989;2107
43003;2390;1823;1765;2005;2013
43043;2392;1822;1765;2087;1772
43073;2395;1822;1765;2339;1603
43113;2393;1839;1765;2907;1542
43153;2388;1848;1765;3020;1546
43193;2387;1852;1764;2791;1656
43223;2393;1855;1764;2542;1768
43263;2394;1856;1764;2579;1631
43303;2392;1858;1764;2867;1561
43343;2390;1857;1764;2878;1587
43373;2388;1857;1765;2755;1658
43413;2391;1857;1765;2451;1785
43423;2394;1857;1765;2314;1810
43473;2396;1858;1765;2030;2029
43513;2394;1859;1765;2006;2081
43553;2393;1860;1765;2090;1848
43593;2392;1860;1764;2553;1607
43633;2390;1867;1764;2825;1568
43673;2389;1874;1764;2738;1686
43713;2394;1876;1764;2187;1806
43753;2389;1869;1764;1978;2142
43793;2390;1866;1765;1950;2198
43823;2389;1862;1765;1960;2217
43863;2390;1860;1765;1968;2216
43903;2390;1860;1764;1969;2230
43943;2395;1862;1765;1960;2290
43973;2396;1863;1765;1962;2375
44013;2395;1863;1765;1953;2356
44053;2394;1863;1765;1955;2304
44093;2393;1864;1765;1965;2282
44123;2393;1860;1765;2121;1965
44163;2394;1858;1765;2544;1620
44203;2395;1857;1765;2995;1589
44243;2387;1859;1765;3244;1525
44273;2382;1866;1765;3541;1541
44313;2381;1901;1765;3665;1535
44353;2380;1918;1765;3598;1581
44393;2377;1927;1765;2979;1669
44423;2375;1922;1765;2459;1829
44463;2374;1901;1766;2106;1895
44503;2377;1891;1766;2032;2091
44543;2378;1886;1767;1993;2110
44573;2378;1884;1767;2002;2112
44613;2378;1882;1768;2005;2103
44653;2378;1881;1768;2013;2085
44693;2379;1872;1768;2041;1951
44723;2379;1866;1768;2082;1911
44763;2379;1860;1768;2095;1895
44803;2378;1858;1768;2102;1850
44843;2378;1856;1768;2239;1724
44873;2380;1855;1768;2455;1596
44913;2381;1854;1769;2912;1560
44953;2380;1854;1769;2948;1576
44993;2379;1854;1768;2734;1722
45023;2386;1854;1768;2445;1808
45063;2390;1854;1768;2100;1863
45103;2385;1855;1768;2062;2048
45143;2381;1855;1768;2064;2078
45173;2380;1855;1768;2060;2099
45213;2382;1855;1768;2013;2118
45253;2383;1855;1768;2010;2113
45293;2384;1856;1768;2018;2118
45323;2385;1856;1768;2008;2132
45363;2386;1856;1768;2004;2136
45403;2386;1856;1769;2004;2137
45443;2390;1856;1769;1990;2150
45473;2392;1856;1768;1981;2143
45503;2391;1856;1768;1983;2129
45513;2390;1856;1769;1988;2115
45553;2390;1856;1769;2053;1860
45593;2391;1856;1768;2111;1729
45623;2391;1856;1768;2115;1736
45663;2392;1857;1768;2197;1714
45703;2393;1856;1768;2263;1672
45743;2393;1856;1768;2391;1612
45773;2393;1855;1768;2580;1603
45813;2393;1855;1768;2626;1635
45853;2394;1855;1768;2546;1758
45893;2395;1855;1769;2390;1811
45923;2394;1855;1768;2217;1857
45963;2392;1855;1768;2103;2004
46003;2393;1856;1768;2025;2113
46043;2393;1856;1768;2003;2124
46073;2391;1856;1768;1992;2138
46113;2390;1856;1768;1974;2154
46153;2392;1856;1768;1963;2177
46193;2395;1856;1768;1966;2186
46223;2394;1857;1768;1979;2163
46263;2393;1856;1768;1984;2139
46303;2393;1856;1768;1988;2141
46343;2393;1857;1768;2003;2030
46383;2391;1856;1768;2127;1741
46423;2394;1856;1768;2267;1684
46463;2395;1856;1768;2298;1689
46503;2398;1855;1768;2528;1604
46543;2398;1855;1768;2556;1632
46583;2399;1855;1768;2491;1776
46623;2399;1855;1769;2264;1848
46683;2398;1856;1769;2020;2109
46723;2394;1856;1769;1974;2136
46793;2394;1856;1769;2152;1704
46833;2392;1855;1769;2452;1592
46873;2392;1854;1769;2463;1672
46913;2393;1855;1769;2365;1824
46953;2396;1855;1769;2171;1889
46993;2399;1854;1768;2040;2118
47033;2395;1855;1769;1987;2161
47073;2393;1856;1769;1991;2124
47113;2391;1856;1769;2047;1874
47153;2393;1855;1769;2078;1823
47233;2392;1855;1769;2036;2077
47273;2391;1856;1769;2017;2143
47313;2390;1855;1769;2014;2130
47363;2389;1855;1768;2118;1816
47403;2391;1855;1769;2394;1610
47443;2390;1854;1768;2470;1644
47483;2390;1854;1768;2422;1780
47523;2392;1855;1768;2333;1865
47563;2393;1855;1768;2328;1733
47603;2393;1856;1769;2369;1655
47643;2393;1856;1769;2380;1661
47683;2393;1856;1769;2537;1619
47723;2392;1854;1769;2558;1652
47773;2392;1853;1769;2478;1796
47813;2394;1854;1769;2245;1868
47853;2401;1854;1769;2110;2119
47883;2397;1854;1769;2011;2139
47923;2394;1855;1768;2006;2157
47963;2393;1854;1768;2008;2154
48003;2391;1855;1768;2015;2151
48043;2390;1854;1768;2018;2096
48083;2390;1854;1768;2035;2077
48123;2389;1854;1768;2033;2077
48163;2389;1854;1769;2037;2096
48243;2389;1854;1769;2035;2107
48283;2390;1855;1768;2046;2061
48323;2391;1855;1768;2138;1765
48363;2392;1855;1768;2168;1723
48403;2393;1855;1768;2360;1618
48443;2392;1855;1768;2625;1610
48473;2391;1854;1768;2629;1662
48513;2390;1854;1769;2535;1801
48553;2393;1854;1769;2244;1858
48593;2393;1854;1769;2109;2120
48623;2391;1855;1769;2013;2128
48663;2389;1856;1769;2022;2129
48703;2388;1855;1769;2039;2028
48743;2388;1855;1769;2048;2010
48773;2388;1855;1769;2046;2017
48813;2388;1855;1769;2072;1954
48853;2391;1856;1769;2151;1724
48893;2390;1856;1769;2210;1718
48923;2391;1856;1769;2323;1632
48963;2394;1855;1769;2591;1604
49003;2394;1855;1769;2635;1649
49043;2392;1855;1769;2549;1778
49073;2394;1855;1769;2379;1822
49113;2394;1855;1769;2121;1945
49153;2397;1855;1769;2102;2053
49193;2395;1855;1769;2240;1671
49223;2399;1854;1768;2437;1596
49263;2398;1854;1768;2527;1593
49303;2397;1854;1768;2515;1673
49343;2396;1855;1768;2519;1701
49373;2394;1855;1768;2507;1633
49413;2394;1856;1769;2514;1730
49453;2399;1856;1769;2345;1841
49493;2396;1855;1769;2120;1963
49523;2394;1855;1769;2005;2134
49563;2391;1855;1769;1981;2173
49603;2392;1855;1769;1977;2183
49643;2394;1855;1769;1975;2204
49673;2396;1855;1769;1971;2206
49713;2397;1855;1769;1974;2245
49753;2397;1855;1769;1979;2229
49793;2397;1856;1769;1984;2213
49823;2396;1856;1768;1986;2206
49863;2397;1856;1768;1989;2194
49903;2397;1856;1768;1992;2171
49943;2397;1855;1768;2011;2107
49973;2397;1856;1768;2014;2043
50013;2397;1856;1769;2023;2032
50053;2394;1857;1769;2199;1728
50093;2395;1856;1769;2642;1601
50123;2392;1858;1769;2713;1613
50163;2391;1859;1769;2702;1692
50203;2388;1858;1769;3061;1541
50243;2385;1870;1769;3213;1543
50273;2383;1878;1769;3079;1648
50313;2384;1883;1769;2612;1753
50353;2388;1883;1769;2093;1891
50393;2383;1883;1769;1982;2166
50423;2381;1882;1769;1954;2179
50463;2385;1882;1769;1964;2248
50503;2389;1881;1769;1959;2275
50543;2391;1879;1768;1995;1982
50573;2397;1880;1769;2297;1677
50613;2396;1880;1769;2556;1590
50653;2395;1877;1768;2653;1603
50693;2393;1877;1769;2641;1652
50723;2393;1876;1768;2566;1804
50763;2394;1875;1768;2119;1881
50803;2393;1875;1768;1976;2179
50843;2394;1874;1768;1964;2253
50873;2394;1874;1768;1962;2252
50913;2395;1874;1768;1967;2263
50953;2396;1873;1769;1967;2267
50993;2398;1873;1769;1970;2271
51023;2398;1875;1769;1971;2273
51063;2397;1874;1768;1972;2272
51103;2397;1872;1768;1975;2261
51143;2397;1871;1768;1979;2259
51173;2396;1872;1768;1981;2220
51213;2395;1877;1768;1983;2185
51253;2394;1878;1768;1999;2122
51293;2394;1879;1768;2027;1986
51323;2394;1880;1768;2156;1806
51363;2396;1881;1768;2640;1595
51403;2391;1898;1768;3116;1543
51443;2387;1908;1768;3028;1610
51473;2388;1913;1769;2707;1742
51513;2393;1916;1769;2256;1833
51553;2391;1918;1768;3107;1526
51593;2378;1945;1768;3915;1494
51623;2369;1967;1768;3930;1542
51663;2366;1981;1768;3097;1746
51703;2372;1984;1761;2051;2145
51743;2384;1986;1726;2005;2506
51773;2399;1984;1708;1991;2523
51813;2405;1984;1699;2004;2486
51853;2409;1979;1694;2013;2486
51893;2411;1975;1692;2009;2495
51923;2411;1970;1691;2005;2490
51963;2413;1967;1690;2018;2544
52003;2415;1965;1689;2011;2563
52043;2416;1964;1689;2014;2562
52073;2416;1964;1689;2017;2551
52113;2415;1964;1689;2016;2520
52153;2414;1964;1689;2019;2405
52193;2414;1964;1689;2021;2314
52223;2413;1955;1689;2024;2227
52263;2413;1950;1689;2040;2207
52303;2414;1935;1689;2090;2194
52343;2413;1924;1689;2227;1977
52383;2408;1919;1689;2428;1705
52423;2401;1919;1689;2769;1655
52473;2396;1948;1690;3088;1563
52513;2393;1963;1691;3038;1619
52573;2390;1970;1691;2961;1682
52613;2392;1973;1691;2707;1781
52653;2395;1975;1691;2236;1899
52693;2391;1976;1690;2157;2049
52733;2394;1979;1691;2565;1636
52773;2387;2040;1691;3167;1556
52813;2383;2097;1692;3058;1642
52853;2385;2124;1692;2539;1854
52893;2383;2136;1692;2070;2180
52933;2390;2136;1692;2014;2365
52973;2393;2078;1692;2012;2401
53013;2393;2046;1692;2011;2431
53053;2394;2025;1692;2011;2472
53093;2398;2014;1692;2021;2452
53103;2400;2009;1692;2020;2439
53153;2401;2006;1692;1994;2196
53233;2401;2006;1692;2010;2161
53263;2401;2005;1691;2013;2163
53273;2401;2005;1691;2013;2155
53313;2405;2006;1692;2228;1761
53353;2399;2005;1692;2710;1639
53393;2396;2009;1692;2817;1648
53423;2395;2061;1692;3084;1544
53463;2387;2128;1691;3201;1550
53503;2384;2162;1691;2974;1676
53543;2384;2177;1692;2439;1847
53573;2389;2184;1692;2095;2099
53613;2395;2189;1692;2005;2311
53653;2395;2193;1688;2009;2410
53693;2396;2174;1686;2004;2445
53723;2399;2159;1685;2012;2454
53763;2400;2147;1684;2006;2434
53803;2401;2141;1683;2007;2464
53843;2402;2131;1683;2006;2438
53873;2402;2126;1683;2007;2396
53913;2403;2123;1683;2007;2405
53953;2403;2121;1683;2011;2376
53993;2402;2121;1684;2023;2114
54023;2404;2067;1684;2187;1805
54063;2404;2040;1684;2333;1747
54103;2405;2028;1683;2335;1775
54143;2405;2021;1684;2333;1805
54173;2405;2017;1684;2339;1780
54213;2405;2016;1684;2389;1708
54253;2403;2015;1684;2442;1693
54263;2401;2014;1685;2442;1697
54303;2400;2015;1685;2435;1748
54333;2400;2015;1685;2449;1735
54373;2399;2014;1685;2508;1690
54413;2398;2014;1685;2509;1726
54453;2396;2015;1684;2501;1736
54483;2396;2016;1684;2504;1733
54523;2397;2015;1684;2499;1750
54563;2396;2016;1684;2471;1805
54603;2398;2016;1683;2340;1914
54633;2399;2016;1684;2216;1973
54673;2400;2016;1685;2227;1956
54713;2400;2016;1686;2293;1776
54753;2398;2016;1685;2417;1686
54783;2398;2016;1685;2430;1697
54823;2397;2016;1685;2406;1837
54863;2399;2015;1684;2183;2114
54903;2399;2009;1685;2037;2283
54933;2399;1995;1685;2033;2332
54973;2397;1988;1685;2045;2293
55013;2397;1987;1685;2106;1962
55053;2402;1986;1684;2314;1740
55083;2402;1987;1684;2372;1697
55123;2400;1987;1684;2379;1718
55163;2400;1987;1685;2342;1843
55203;2399;1987;1684;2308;1924
55233;2399;1988;1684;2298;1894
55273;2399;1988;1685;2299;1903
55313;2399;1988;1685;2290;1907
55353;2399;1987;1685;2308;1899
55393;2399;1987;1684;2310;1875
55433;2398;1988;1684;2319;1860
55473;2398;1988;1684;2356;1708
55513;2399;1988;1684;2394;1705
55553;2399;1988;1685;2367;1836
55613;2399;1988;1685;2196;2035
55653;2403;1987;1685;2115;2188
55683;2400;1987;1684;2106;2194
55723;2397;1987;1684;2096;2231
55763;2394;1979;1685;2036;2230
55803;2392;1973;1685;2042;2270
55843;2390;1971;1684;2052;2284
55883;2391;1971;1683;2056;2244
55923;2390;1971;1684;2067;2224
55963;2389;1972;1684;2076;2228
56043;2390;1972;1684;2089;2105
56083;2391;1972;1684;2134;1926
56123;2399;1972;1685;2369;1743
56163;2397;1973;1685;2468;1686
56203;2396;1973;1685;2479;1741
56243;2395;1973;1684;2471;1770
56273;2394;1974;1685;2450;1852
56313;2394;1975;1685;2301;1932
56353;2397;1975;1685;2202;2132
56393;2400;1974;1685;2215;2095
56423;2401;1974;1685;2242;1942
56463;2401;1974;1685;2243;1930
56503;2402;1973;1685;2234;1981
56543;2401;1974;1685;2216;2089
56573;2404;1975;1685;2199;2168
56613;2405;1975;1684;2180;2170
56653;2406;1975;1684;2195;2138
56693;2407;1975;1684;2197;2120
56723;2408;1975;1684;2206;2058
56763;2408;1975;1685;2212;1991
56803;2408;1974;1685;2217;1997
56813;2409;1975;1685;2227;1987
56843;2408;1974;1685;2247;1932
56873;2407;1975;1686;2340;1763
56913;2407;1975;1686;2396;1699
56953;2406;1975;1685;2397;1730
56993;2406;1976;1685;2403;1734
57023;2407;1976;1684;2467;1694
57063;2399;1976;1684;2514;1694
57103;2395;1976;1684;2510;1754
57143;2393;1976;1685;2457;1879
57173;2393;1975;1685;2322;1943
57213;2399;1975;1685;2242;2016
57253;2419;1975;1685;2226;2105
57293;2411;1976;1685;2225;2173
57323;2403;1974;1685;2217;2172
57363;2398;1974;1684;2219;2158
57403;2397;1975;1683;2218;2157
57443;2396;1975;1684;2220;2168
57473;2397;1975;1685;2217;2171
57513;2395;1975;1685;2176;2211
57553;2395;1974;1685;2133;2226
57593;2394;1974;1684;2126;2235
57623;2393;1973;1684;2126;2234
57663;2393;1974;1685;2131;2228
57703;2393;1974;1685;2130;2230
57743;2393;1973;1685;2125;2250
57773;2393;1970;1685;2125;2244
57813;2392;1967;1685;2149;2055
57853;2394;1966;1685;2347;1772
57893;2398;1967;1685;2415;1692
57923;2402;1967;1685;2441;1693
57963;2403;1967;1685;2542;1685
58003;2396;1968;1685;2627;1688
58033;2393;1967;1685;2626;1728
58073;2391;1968;1685;2584;1836
58113;2392;1966;1686;2383;1917
58153;2404;1967;1686;2275;1966
58193;2417;1968;1686;2266;1982
58223;2424;1968;1684;2265;1998
58263;2423;1967;1685;2305;1919
58303;2421;1968;1685;2407;1691
58343;2407;1968;1685;2605;1660
58373;2400;1968;1685;2631;1687
58413;2397;1968;1686;2612;1769
58453;2395;1968;1686;2453;1887
58493;2395;1968;1687;2242;2168
58523;2394;1968;1686;2136;2220
58563;2393;1967;1687;2113;2222
58603;2392;1968;1688;2120;2207
58643;2392;1968;1687;2114;2183
58673;2392;1968;1687;2123;2189
58713;2392;1969;1687;2120;2202
58753;2393;1967;1687;2119;2203
58783;2393;1967;1687;2132;2200
58793;2393;1966;1687;2132;2194
58823;2392;1966;1687;2139;2158
58863;2392;1966;1687;2147;2083
58903;2393;1966;1687;2237;1787
58943;2392;1966;1687;2489;1682
58973;2394;1966;1686;2711;1645
59013;2396;1967;1686;2739;1670
59053;2395;1967;1686;2687;1817
59093;2395;1967;1687;2412;1889
59123;2393;1968;1689;2246;1989
59163;2399;1968;1689;2231;2030
59203;2411;1968;1690;2248;2040
59243;2411;1968;1689;2245;2029
59273;2411;1969;1690;2234;2107
59313;2401;1969;1690;2177;2199
59353;2396;1968;1690;2133;2221
59393;2392;1968;1690;2120;2217
59423;2390;1966;1690;2161;1998
59463;2393;1966;1691;2366;1690
59503;2395;1967;1691;2518;1669
59543;2394;1967;1691;2514;1747
59573;2393;1967;1691;2473;1871
59613;2395;1967;1691;2264;1945
59653;2396;1967;1691;2233;2100
59693;2396;1967;1691;2272;1963
59723;2393;1967;1691;2347;1738
59763;2391;1967;1691;2362;1703
59803;2390;1967;1690;2347;1788
59843;2389;1967;1691;2272;1948
59873;2390;1967;1691;2240;2170
59913;2388;1967;1691;2190;2187
59953;2387;1967;1691;2183;2177
59993;2386;1967;1691;2194;2165
60023;2386;1967;1691;2186;2166
60063;2385;1967;1691;2193;2192
60103;2384;1967;1691;2154;2221
60143;2384;1967;1691;2121;2242
60173;2384;1967;1691;2118;2220
60213;2383;1967;1691;2135;2116
60253;2382;1967;1691;2183;1920
60293;2382;1969;1692;2211;1856
60323;2382;1968;1691;2230;1816
60363;2384;1968;1691;2375;1732
60403;2390;1968;1691;2426;1691
60443;2393;1968;1691;2442;1700
60473;2393;1967;1692;2543;1669
60513;2391;1967;1692;2591;1688
60553;2391;1967;1692;2579;1721
60593;2390;1968;1692;2548;1832
60623;2389;1967;1692;2502;1876
60663;2389;1967;1692;2519;1757
60703;2389;1968;1691;2538;1737
60743;2389;1969;1692;2512;1796
60773;2389;1970;1692;2488;1871
60813;2390;1969;1692;2276;1949
60853;2387;1969;1693;2174;2185
60893;2384;1969;1693;2123;2207
60923;2382;1969;1692;2148;2177
60963;2381;1968;1692;2163;1992
61003;2381;1968;1692;2207;1862
61043;2380;1969;1692;2226;1858
61073;2380;1968;1693;2292;1757
61113;2379;1968;1693;2305;1773
61153;2380;1968;1692;2301;1813
61193;2380;1968;1692;2291;1840
61223;2381;1968;1692;2295;1879
61263;2381;1968;1693;2306;1785
61303;2388;1968;1692;2449;1680
61343;2389;1969;1691;2471;1705
61373;2389;1969;1692;2449;1867
61413;2391;1969;1692;2266;2103
61453;2387;1969;1693;2040;2245
61493;2392;1968;1693;2036;2346
61523;2393;1967;1692;2036;2405
61563;2396;1966;1691;2005;2476
61603;2404;1965;1690;1996;2610
61643;2410;1965;1691;2001;2665
61673;2411;1965;1691;2007;2655
61713;2413;1964;1691;2015;2632
61753;2413;1963;1690;2017;2588
61793;2412;1963;1691;2013;2514
61823;2412;1964;1691;2017;2464
61863;2411;1964;1691;2022;2377
61903;2412;1955;1691;2028;2308
61943;2412;1947;1693;2039;2262
61973;2412;1914;1692;2073;2232
62013;2411;1915;1692;2085;2232
62053;2411;1916;1694;2077;2218
62093;2411;1915;1694;2094;2218
62123;2411;1915;1693;2091;2243
62163;2411;1916;1692;2066;2240
62203;2410;1916;1692;2074;2274
62243;2411;1916;1692;2075;2323
62273;2414;1916;1693;2061;2334
62313;2415;1916;1693;2046;2333
62353;2415;1916;1693;2065;2318
62393;2419;1917;1693;2041;2298
62423;2427;1917;1692;2029;2233
62463;2420;1916;1692;2137;1994
62503;2416;1917;1692;2150;1826
62543;2415;1916;1692;2204;1753
62573;2410;1915;1692;2368;1713
62613;2405;1920;1692;2430;1683
62653;2401;1922;1692;2393;1775
62693;2404;1925;1691;2211;1931
62723;2407;1926;1691;2114;2159
62763;2410;1926;1692;2014;2271
62803;2403;1926;1692;2022;2395
62843;2400;1926;1692;2032;2419
62873;2398;1927;1692;2028;2417
62913;2397;1927;1692;2030;2412
62953;2397;1927;1692;2033;2353
62993;2396;1927;1692;2027;2308
63023;2395;1927;1691;2028;2299
63063;2395;1927;1692;2034;2259
63103;2395;1927;1692;2053;2151
63143;2396;1926;1692;2096;2012
63173;2398;1926;1693;2110;1933
63213;2402;1926;1693;2326;1735
63253;2400;1928;1693;2449;1673
63293;2399;1930;1692;2448;1742
63323;2398;1930;1692;2423;1809
63363;2397;1929;1693;2462;1687
63403;2395;1929;1693;2647;1643
63443;2393;1929;1693;2642;1733
63473;2391;1929;1693;2596;1828
63503;2390;1929;1693;2445;1891
63513;2391;1929;1694;2357;1913
63553;2393;1929;1694;2140;2136
63593;2404;1930;1695;2113;2191
63623;2409;1930;1694;2116;2152
63663;2404;1930;1695;2207;1762
63703;2399;1930;1695;2346;1691
63743;2397;1931;1695;2359;1724
63773;2394;1931;1696;2327;1793
63813;2392;1931;1696;2232;1951
63853;2393;1931;1696;2191;1965
63893;2392;1931;1696;2288;1754
63923;2392;1931;1695;2378;1682
63963;2392;1932;1695;2393;1712
64003;2392;1932;1696;2376;1780
64043;2392;1931;1696;2382;1826
64073;2392;1931;1695;2398;1689
64113;2392;1930;1695;2517;1664
64153;2391;1931;1695;2518;1722
64193;2390;1931;1695;2495;1756
64223;2389;1931;1696;2448;1883
64263;2389;1932;1695;2215;1953
64303;2396;1931;1695;2148;2201
64343;2394;1930;1695;2050;2265
64373;2393;1929;1695;2029;2287
64413;2391;1924;1695;2022;2294
64453;2390;1919;1694;2028;2284
64483;2389;1918;1695;2031;2285
64493;2389;1918;1696;2030;2287
64523;2388;1918;1697;2027;2277
64563;2387;1919;1697;2033;2265
64593;2388;1918;1696;2043;2259
64603;2387;1919;1696;2046;2248
64643;2390;1918;1696;2073;2016
64673;2390;1917;1696;2089;1984
64713;2391;1917;1696;2326;1752
64753;2394;1919;1697;2461;1680
64793;2396;1920;1696;2473;1725
64823;2395;1921;1696;2524;1670
64863;2396;1920;1696;2736;1632
64903;2394;1935;1697;2808;1684
64943;2393;1940;1696;2634;1842
64973;2392;1945;1696;2399;1883
65013;2399;1948;1695;2124;2180
65053;2392;1949;1696;2014;2304
65093;2393;1950;1696;1998;2340
65123;2393;1950;1696;2008;2333
65163;2393;1952;1695;2013;2294
65203;2392;1952;1696;2128;1970
65243;2394;1952;1696;2295;1746
65273;2393;1952;1696;2308;1800
65313;2393;1953;1696;2291;1895
65353;2395;1952;1695;2434;1695
65393;2397;1953;1696;2806;1656
65423;2398;1953;1697;2822;1701
65463;2396;1953;1697;2665;1834
65503;2394;1953;1696;2669;1688
7;2391;1953;1696;2872;1667
37;2391;1952;1698;2823;1747
77;2391;1953;1697;2650;1855
117;2398;1953;1697;2298;1915
157;2390;1952;1696;2121;2212
187;2389;1952;1695;2021;2300
227;2388;1952;1696;2031;2295
247;2387;1952;1695;2095;2172
267;2387;1952;1696;2164;1999
307;2386;1953;1696;2237;1781
337;2386;1952;1697;2266;1800
377;2386;1952;1696;2249;1911
417;2387;1953;1696;2204;2221
457;2386;1953;1697;2054;2274
487;2386;1953;1696;2069;2269
527;2385;1953;1696;2113;2118
567;2389;1953;1696;2326;1765
607;2390;1952;1697;2411;1697
637;2390;1953;1697;2420;1709
677;2390;1952;1697;2416;1726
717;2390;1952;1697;2391;1822
757;2390;1953;1696;2239;1962
787;2392;1953;1695;2232;2212
827;2396;1953;1695;2156;2236
867;2394;1953;1696;2166;2229
907;2391;1954;1694;2194;2155
937;2391;1953;1695;2187;2092
977;2390;1952;1697;2216;1931
1017;2391;1953;1697;2258;1855
1057;2390;1953;1697;2261;1795
1087;2389;1953;1697;2285;1788
1127;2388;1953;1697;2386;1715
1167;2387;1953;1696;2423;1705
1207;2389;1953;1696;2496;1690
1237;2390;1954;1696;2507;1701
1277;2390;1954;1696;2508;1731
1317;2390;1954;1696;2474;1822
1357;2390;1953;1696;2412;1905
1387;2390;1953;1696;2308;1959
1427;2390;1952;1696;2256;2011
1467;2388;1952;1696;2246;2084
1507;2390;1953;1696;2249;2089
1537;2390;1953;1696;2258;2066
1577;2390;1953;1696;2263;2074
1617;2391;1953;1695;2257;2072
1657;2391;1953;1696;2263;2071
1687;2390;1953;1696;2262;2069
1727;2389;1954;1696;2263;2067
1767;2390;1954;1696;2263;2058
1807;2389;1954;1696;2268;2061
1837;2389;1953;1696;2266;2068
1877;2390;1953;1696;2266;2063
1917;2389;1952;1697;2272;2051
1957;2390;1952;1697;2271;2062
1987;2390;1953;1697;2266;2066
2027;2390;1953;1697;2268;2065
2067;2390;1953;1696;2272;2060
2107;2389;1952;1696;2278;2030
2137;2389;1952;1696;2292;1987
2177;2388;1952;1696;2307;1900
2217;2388;1954;1696;2316;1897
2257;2386;1954;1696;2369;1748
2287;2385;1953;1696;2387;1715
2327;2384;1953;1696;2398;1708
2367;2386;1953;1696;2601;1682
2407;2388;1953;1696;2653;1672
2437;2388;1953;1696;2609;1751
2497;2392;1952;1696;2303;1959
2537;2388;1952;1696;2146;2224
2577;2387;1952;1696;2036;2306
2657;2388;1952;1697;2070;2229
2697;2388;1952;1697;2190;1897
2737;2387;1952;1697;2231;1835
2777;2387;1952;1697;2227;1881
2817;2387;1952;1697;2227;1947
2857;2386;1952;1698;2192;2049
2887;2385;1952;1697;2191;2103
2927;2386;1951;1697;2191;2082
2967;2386;1951;1698;2200;2047
3007;2386;1951;1697;2203;2023
3037;2386;1951;1697;2203;2029
3077;2387;1950;1697;2204;2054
3117;2386;1951;1697;2201;2074
3157;2386;1950;1697;2192;2103
3187;2386;1950;1698;2194;2096
3227;2386;1950;1698;2209;2059
3267;2386;1950;1698;2232;2006
3307;2389;1939;1698;2388;1758
3337;2389;1935;1698;2465;1685
3377;2389;1933;1698;2454;1728
3417;2388;1933;1698;2424;1864
3457;2388;1933;1698;2354;1961
3487;2401;1933;1698;2304;2018
3527;2399;1933;1698;2302;2037
3567;2397;1933;1698;2301;2061
3607;2395;1933;1698;2290;2103
3637;2394;1933;1697;2276;2117
3677;2394;1932;1698;2273;2150
3717;2393;1931;1698;2257;2158
3727;2392;1930;1698;2253;2153
3777;2393;1930;1698;2264;2138
3857;2392;1930;1698;2268;2132
3897;2391;1931;1698;2274;2123
3937;2391;1930;1699;2280;2084
3977;2390;1929;1699;2297;2023
4017;2390;1931;1699;2358;1748
4057;2394;1931;1699;2395;1749
4087;2396;1931;1699;2380;1813
4127;2396;1932;1698;2329;1913
4167;2396;1932;1698;2334;1927
4207;2393;1932;1698;2458;1675
4237;2390;1932;1698;2506;1701
4277;2388;1933;1698;2468;1788
4317;2387;1934;1698;2374;1948
4357;2392;1933;1698;2257;2180
4387;2389;1932;1698;2202;2205
4427;2387;1933;1698;2204;2207
4467;2385;1932;1698;2203;2190
4507;2383;1932;1698;2207;2185
4537;2383;1932;1698;2209;2166
4557;2381;1931;1698;2209;2136
4607;2381;1931;1698;2215;2131
4647;2381;1931;1698;2214;2132
4687;2380;1931;1698;2218;2132
4727;2380;1931;1698;2223;2118
4767;2380;1931;1697;2239;1992
4807;2381;1931;1698;2308;1753
4837;2382;1931;1699;2332;1763
4877;2381;1932;1699;2349;1748
4917;2384;1932;1699;2401;1726
4957;2385;1932;1699;2402;1757
4987;2385;1933;1699;2412;1749
5027;2389;1934;1698;2448;1692
5067;2389;1934;1698;2437;1748
5107;2388;1933;1698;2425;1814
5137;2387;1933;1698;2432;1770
5177;2387;1933;1698;2449;1702
5217;2387;1933;1698;2443;1741
5257;2386;1933;1699;2438;1808
5287;2387;1933;1699;2428;1842
5327;2387;1934;1699;2385;1926
5367;2401;1934;1698;2314;1981
5407;2395;1933;1698;2269;2182
5437;2389;1933;1697;2235;2193
5477;2386;1933;1698;2229;2149
5517;2384;1933;1698;2242;2151
5557;2383;1933;1698;2231;2156
5587;2382;1933;1698;2236;2169
5627;2382;1933;1698;2229;2198
5667;2382;1932;1698;2223;2209
5707;2381;1932;1698;2225;2197
5737;2380;1933;1698;2226;2181
5777;2379;1932;1698;2228;2143
5817;2378;1932;1698;2244;2132
5857;2379;1932;1698;2237;2138
5887;2378;1932;1698;2240;2152
5927;2378;1931;1699;2227;2207
5967;2378;1928;1698;2172;2235
6007;2378;1925;1699;2175;2221
6037;2379;1924;1699;2174;2196
6077;2378;1925;1699;2180;2193
6117;2379;1925;1698;2179;2176
6157;2379;1926;1698;2188;2167
6187;2379;1926;1698;2187;2127
6227;2379;1926;1698;2220;2033
6267;2382;1925;1698;2410;1711
6307;2383;1925;1698;2502;1706
6337;2384;1926;1698;2514;1720
6377;2384;1927;1698;2519;1743
6417;2385;1927;1698;2769;1644
6457;2383;1927;1698;2926;1688
6487;2382;1927;1698;2783;1835
6527;2383;1928;1698;2448;1898
6567;2382;1929;1698;2152;2143
6607;2383;1929;1698;2044;2285
6637;2383;1928;1698;2049;2287
6677;2383;1928;1698;2089;2273
6717;2382;1927;1698;2090;2241
6757;2382;1927;1698;2100;2222
6787;2382;1927;1698;2104;2225
6827;2382;1928;1698;2104;2226
6867;2382;1928;1698;2104;2228
6907;2382;1928;1698;2094;2249
6927;2383;1929;1699;2086;2264
6977;2383;1928;1699;2107;2241
7017;2383;1927;1699;2144;2044
7057;2383;1927;1699;2181;2032
7087;2382;1925;1699;2197;2004
7127;2385;1926;1700;2446;1695
7167;2387;1927;1699;2703;1644
7207;2388;1928;1699;2706;1718
7237;2389;1928;1699;2739;1646
7277;2387;1928;1699;2934;1676
7317;2386;1927;1699;2853;1748
7357;2385;1927;1699;2606;1888
7387;2396;1928;1699;2214;1969
7427;2390;1928;1699;2055;2275
7467;2389;1928;1699;2023;2377
7507;2392;1927;1699;2040;2342
7537;2393;1927;1699;2038;2278
7577;2393;1925;1699;2050;2266
7617;2393;1924;1700;2054;2251
7657;2391;1910;1700;2075;2200
7687;2390;1911;1700;2118;2056
7727;2392;1913;1700;2370;1762
7767;2394;1914;1700;2459;1681
7807;2394;1915;1700;2586;1672
7837;2389;1914;1700;2954;1627
7877;2385;1923;1700;3079;1616
7917;2380;1929;1700;2900;1739
7957;2380;1933;1700;2485;1878
7987;2393;1936;1700;2149;1996
8027;2386;1937;1700;2056;2258
8067;2386;1935;1700;2027;2298
8107;2386;1932;1700;2035;2298
8137;2384;1930;1701;2037;2292
8177;2383;1927;1701;2080;2218
8217;2382;1926;1701;2132;2049
8257;2385;1927;1701;2307;1748
8287;2390;1928;1701;2480;1671
8327;2393;1929;1702;2620;1644
8367;2394;1930;1703;2677;1628
8407;2394;1932;1702;2680;1646
8437;2393;1932;1701;2649;1714
8477;2393;1933;1701;2554;1887
8517;2392;1933;1701;2229;1995
8557;2389;1933;1701;2215;2200
8587;2386;1933;1702;2204;2205
8627;2385;1933;1702;2217;2201
8667;2384;1933;1702;2217;2178
8707;2383;1933;1702;2223;2175
8737;2382;1933;1702;2220;2190
8777;2382;1933;1702;2216;2217
8817;2382;1933;1702;2190;2237
8857;2382;1932;1702;2180;2229
8887;2382;1932;1702;2184;2225
8927;2382;1932;1703;2195;2187
8967;2380;1931;1702;2314;1739
9007;2386;1931;1702;2509;1673
9037;2388;1931;1702;2518;1702
9077;2388;1932;1702;2547;1679
9117;2391;1931;1702;2670;1637
9157;2392;1932;1702;2725;1654
9187;2392;1932;1702;2686;1770
9227;2392;1933;1702;2612;1896
9267;2392;1933;1702;2735;1634
9307;2386;1939;1702;3360;1552
9337;2381;1945;1702;3420;1570
9377;2378;1949;1702;3215;1708
9417;2376;1953;1702;2537;1880
9457;2376;1952;1703;2113;2135
9487;2377;1950;1703;2031;2259
9527;2376;1948;1704;2086;2122
9567;2385;1948;1704;2469;1684
9607;2375;1989;1703;3587;1563
9637;2366;2095;1703;4095;1587
9677;2353;2199;1702;4095;1541
9717;2342;2269;1702;4095;1436
9757;2338;2304;1703;4095;1629
9787;2342;2322;1703;3447;1955
9827;2357;2299;1703;2352;1970
9867;2365;2280;1704;2291;1938
9907;2368;2271;1705;2284;1963
9937;2368;2256;1704;2278;1945
9977;2368;2246;1704;2281;1909
10017;2368;2230;1704;2295;1967
10057;2371;2209;1704;2201;2003
10087;2373;2183;1704;2197;2113
10127;2376;2160;1703;2188;2174
10167;2376;2146;1703;2190;2192
10187;2377;2138;1703;2191;2206