
12201;1213;1098;875;3175;1949
12321;1820;1646;1312;3139;1927
12341;2123;1920;1530;3138;1928
12351;2275;2056;1639;3136;1928
12391;2351;2125;1693;3133;1927
12441;2389;2159;1720;3135;1926
12451;2408;2175;1734;3139;1926
12481;2418;2185;1741;3123;1920
12561;2422;2190;1744;3102;1911
12601;2425;2192;1746;3092;1910
12641;2426;2192;1747;3089;1914
12721;2427;2193;1747;3088;1903
12771;2427;2194;1748;3072;1893
12801;2427;2194;1748;3073;1901
12841;2427;2194;1748;3067;1908
12881;2427;2194;1748;3083;1909
12921;2427;2194;1748;3078;1911
12961;2427;2194;1748;3094;1903
13001;2427;2194;1748;3085;1907
13041;2427;2193;1748;3074;1909
13081;2427;2193;1748;3072;1918
13111;2427;2194;1747;3060;1918
13151;2427;2194;1748;3054;1917
13191;2427;2194;1748;3073;1914
13231;2427;2194;1748;3063;1918
13261;2427;2194;1748;3078;1919
13301;2427;2194;1747;3077;1917
13341;2427;2194;1747;3038;1911
13381;2426;2194;1747;3055;1903
13461;2426;2194;1748;3054;1898
13501;2426;2194;1748;3038;1891
13541;2427;2194;1748;3047;1887
13621;2427;2194;1748;3040;1884
13661;2427;2193;1748;3014;1878
13701;2426;2193;1748;2807;1744
13741;2426;2193;1748;2805;1737
13781;2427;2194;1748;2790;1739
13821;2427;2194;1748;2807;1734
13851;2427;2194;1748;2793;1733
13891;2427;2193;1748;2796;1732
13931;2427;2193;1747;2803;1735
13981;2427;2193;1747;2823;1740
14011;2427;2193;1747;2821;1739
14051;2427;2193;1748;2826;1737
14091;2427;2193;1748;2829;1738
14131;2427;2193;1748;2822;1737
14161;2427;2193;1748;2824;1740
14201;2427;2193;1748;2836;1738
14241;2427;2194;1748;2841;1744
14281;2427;2194;1747;2852;1741
14311;2427;2194;1747;2857;1745
14351;2427;2193;1747;2844;1743
14391;2427;2193;1747;2858;1745
14431;2427;2193;1748;2855;1746
14511;2427;2194;1748;2845;1749
14551;2427;2194;1748;2850;1742
14591;2427;2194;1748;2855;1741
14671;2427;2194;1748;2863;1738
14711;2427;2194;1747;2856;1734
14751;2427;2194;1747;2848;1733
14801;2428;2194;1747;2854;1732
14841;2428;2194;1747;2848;1731
14851;2427;2194;1747;2841;1731
14881;2428;2195;1748;2837;1733
14961;2428;2194;1748;2853;1731
15001;2427;2194;1747;2835;1733
15041;2427;2194;1747;2843;1734
15061;2427;2194;1747;2842;1736
15111;2427;2194;1747;2866;1737
15151;2427;2193;1747;2874;1739
15191;2428;2193;1747;2880;1739
15231;2428;2193;1747;2885;1737
15271;2427;2194;1747;2875;1739
15311;2427;2194;1747;2883;1739
15351;2427;2194;1748;2880;1740
15391;2427;2193;1748;2872;1741
15431;2427;2193;1747;2883;1741
15461;2427;2193;1747;2885;1743
15471;2426;2194;1747;2887;1742
15501;2427;2194;1747;2876;1742
15541;2427;2194;1748;2857;1745
15581;2428;2194;1747;2858;1740
15621;2428;2194;1747;2878;1741
15651;2428;2194;1747;2882;1742
15691;2428;2194;1747;2875;1743
15731;2427;2194;1747;2853;1744
15771;2427;2194;1747;2871;1742
15801;2427;2194;1748;2882;1743
15841;2428;2194;1748;2887;1742
15881;2428;2193;1748;2881;1741
15921;2427;2194;1748;2868;1741
15951;2427;2194;1748;2882;1741
15991;2427;2193;1748;2869;1743
16031;2427;2194;1748;2846;1739
16071;2427;2194;1748;2880;1740
16101;2427;2194;1748;2889;1737
16141;2427;2194;1748;2890;1739
16181;2427;2193;1748;2872;1737
16221;2427;2193;1747;2887;1735
16251;2427;2193;1748;2874;1737
16291;2427;2193;1748;2885;1737
16331;2427;2194;1748;2871;1738
16371;2427;2194;1748;2866;1738
16401;2427;2194;1748;2865;1739
16441;2428;2194;1748;2886;1741
16481;2427;2194;1748;2891;1740
16521;2427;2194;1748;2896;1741
16551;2426;2195;1747;2888;1741
16591;2427;2194;1747;2905;1743
16631;2427;2194;1747;2905;1743
16671;2427;2194;1747;2907;1745
16701;2427;2194;1747;2890;1742
16741;2427;2194;1747;2886;1744
16781;2427;2194;1747;2883;1742
16821;2427;2194;1747;2900;1743
16851;2428;2193;1747;2886;1744
16891;2427;2193;1747;2892;1744
16931;2427;2194;1747;2896;1744
16971;2427;2194;1748;2890;1742
17001;2427;2194;1748;2872;1741
17041;2427;2194;1748;2899;1741
17081;2427;2194;1748;2889;1737
17121;2427;2193;1748;2893;1731
17151;2427;2194;1748;2889;1731
17191;2427;2193;1748;2885;1733
17231;2428;2193;1747;2864;1736
17271;2428;2193;1747;2876;1740
17301;2427;2194;1747;2881;1742
17341;2427;2194;1747;2869;1742
17381;2428;2193;1747;2862;1737
17421;2428;2193;1747;2861;1736
17451;2427;2193;1747;2879;1736
17491;2427;2194;1747;2883;1739
17531;2426;2194;1747;2864;1742
17571;2426;2193;1747;2876;1742
17601;2426;2194;1747;2882;1741
17641;2427;2194;1747;2858;1740
17681;2427;2194;1747;2875;1742
17721;2427;2194;1748;2874;1741
17751;2427;2194;1748;2859;1742
17791;2427;2194;1748;2872;1740
17831;2427;2193;1748;2884;1744
17871;2427;2193;1748;2888;1743
17901;2426;2193;1748;2884;1743
17941;2427;2193;1748;2874;1741
17981;2427;2193;1748;2883;1741
18021;2427;2194;1749;2883;1741
18051;2427;2194;1748;2879;1742
18091;2427;2194;1747;2880;1742
18131;2427;2194;1747;2882;1743
18171;2427;2193;1747;2903;1743
18201;2427;2194;1747;2900;1742
18231;2427;2194;1747;2892;1745
18241;2428;2195;1748;2897;1743
18281;2428;2194;1747;2902;1743
18321;2429;2194;1747;2910;1742
18351;2429;2193;1747;2906;1742
18391;2429;2193;1746;2915;1741
18431;2428;2193;1747;2907;1743
18471;2428;2193;1747;2909;1743
18501;2428;2194;1747;2892;1749
18541;2429;2194;1747;2887;1752
18581;2428;2194;1748;2901;1749
18621;2429;2194;1747;2884;1734
18661;2429;2194;1747;2885;1705
18701;2430;2193;1748;2881;1698
18741;2430;2193;1748;2885;1707
18781;2430;2193;1748;2875;1712
18861;2429;2194;1747;2882;1709
18901;2429;2194;1747;2865;1707
18941;2431;2194;1747;2879;1715
19021;2431;2194;1748;2877;1709
19061;2431;2194;1748;2855;1708
19101;2431;2194;1747;2862;1711
19141;2432;2193;1748;2859;1709
19181;2432;2193;1748;2864;1709
19221;2431;2193;1748;2861;1712
19251;2431;2193;1747;2869;1711
19291;2431;2193;1748;2872;1711
19331;2431;2193;1748;2878;1713
19371;2431;2193;1748;2872;1714
19401;2431;2193;1747;2872;1713
19441;2431;2194;1747;2872;1708
19481;2431;2194;1747;2865;1711
19521;2431;2193;1748;2870;1710
19551;2431;2193;1747;2880;1711
19591;2431;2193;1747;2878;1714
19631;2431;2193;1747;2890;1715
19671;2431;2193;1747;2875;1715
19701;2432;2193;1747;2879;1715
19741;2432;2194;1748;2891;1717
19781;2432;2194;1748;2875;1716
19821;2431;2194;1747;2899;1714
19851;2431;2193;1748;2904;1716
19891;2432;2192;1747;2899;1715
19901;2431;2193;1748;2902;1713
19951;2431;2193;1748;2899;1713
19991;2430;2193;1747;2882;1713
20031;2430;2193;1747;2874;1717
20071;2430;2194;1747;2867;1719
20111;2430;2194;1747;2867;1723
20151;2430;2194;1748;2885;1723
20191;2430;2194;1748;2875;1719
20231;2430;2193;1748;2866;1717
20271;2430;2193;1747;2868;1716
20301;2430;2193;1747;2883;1714
20341;2430;2194;1747;2876;1715
20381;2430;2194;1748;2867;1714
20421;2430;2194;1748;2867;1716
20451;2430;2193;1747;2854;1718
20491;2429;2193;1748;2863;1719
20531;2429;2193;1748;2887;1719
20571;2429;2193;1748;2880;1716
20601;2429;2194;1748;2873;1714
20641;2429;2194;1747;2882;1714
20681;2429;2194;1748;2876;1713
20721;2429;2193;1748;2889;1713
20751;2430;2193;1747;2899;1713
20791;2429;2193;1747;2900;1709
20831;2429;2193;1747;2933;1708
20871;2429;2194;1746;2921;1707
20901;2429;2194;1747;2901;1708
20941;2429;2194;1747;2896;1707
20981;2429;2194;1748;2900;1708
21021;2429;2194;1747;2888;1708
21051;2429;2194;1747;2908;1712
21091;2429;2194;1747;2892;1711
21131;2431;2194;1748;3034;1546
21171;2420;2194;1747;3503;1420
21201;2408;2194;1748;3528;1372
21241;2402;2195;1748;3422;1443
21281;2401;2194;1748;3103;1795
21321;2402;2158;1748;3038;1922
21351;2403;2071;1748;3007;1951
21391;2411;2028;1748;2980;2017
21431;2421;2007;1748;2948;2128
21471;2427;1996;1748;2939;2215
21501;2429;1990;1747;2946;2265
21541;2431;1988;1747;2916;2373
21581;2439;1987;1748;2890;2575
21621;2445;1987;1748;2882;2749
21651;2451;1987;1748;2840;2896
21691;2459;1986;1747;2826;3251
21731;2463;1985;1747;2872;3274
21771;2464;1981;1748;2934;3157
21801;2465;1980;1748;2972;2954
21841;2466;1981;1748;2979;2477
21881;2455;1983;1748;3065;1898
21921;2443;1985;1741;3221;1623
21951;2432;2087;1724;3324;1510
21991;2422;2161;1704;3421;1414
22031;2412;2228;1684;3505;1371
22071;2404;2283;1665;3555;1366
22101;2400;2311;1656;3558;1337
22141;2399;2324;1652;3424;1439
22181;2400;2324;1650;3099;1909
22221;2416;2222;1666;2954;2263
22261;2433;2093;1680;2881;2568
22301;2446;2027;1687;2873;2892
22341;2454;1987;1691;2884;3001
22381;2459;1959;1692;2919;3007
22461;2461;1943;1693;2952;3018
22501;2462;1936;1693;2970;3031
22541;2461;1929;1693;2995;3032
22581;2463;1923;1694;3011;3054
22621;2464;1920;1694;3047;3150
22661;2467;1919;1694;3208;3538
22701;2471;1918;1694;3238;3735
22741;2474;1918;1694;3291;3847
22781;2475;1918;1694;3333;3909
22821;2476;1917;1693;3296;3898
22851;2476;1917;1693;3269;3838
22891;2475;1917;1693;3241;3761
22931;2475;1916;1693;3181;3728
22961;2475;1916;1693;3156;3744
23001;2476;1915;1693;3146;3756
23041;2476;1915;1693;3127;3746
23081;2475;1915;1694;3156;3711
23121;2475;1914;1693;3161;3690
23151;2474;1915;1693;3153;3665
23191;2476;1913;1693;3191;3440
23231;2474;1895;1692;3266;2829
23261;2472;1890;1693;3297;2652
23301;2471;1887;1693;3307;2547
23341;2472;1886;1697;3277;2479
23381;2470;1886;1699;3291;2398
23421;2469;1885;1704;3299;2265
23451;2464;1880;1707;3342;2193
23491;2453;1873;1713;3205;1901
23531;2447;1871;1717;3208;1903
23571;2446;1871;1720;3235;1895
23601;2446;1871;1722;3213;1895
23641;2446;1871;1722;3226;1886
23661;2445;1871;1722;3235;1887
23711;2445;1872;1723;3239;1884
23751;2444;1872;1723;3230;1882
23791;2444;1873;1723;3235;1887
23831;2443;1874;1723;3151;1961
23871;2450;1875;1723;2790;2146
23901;2455;1876;1722;2772;2370
23941;2457;1875;1722;2796;2446
23981;2462;1875;1722;2801;2503
24021;2465;1875;1723;2769;2564
24051;2466;1874;1723;2749;2557
24091;2467;1875;1723;2753;2585
24131;2467;1876;1723;2708;2623
24171;2467;1876;1723;2718;2614
24201;2467;1876;1723;2737;2621
24241;2468;1876;1723;2729;2666
24281;2470;1876;1723;2733;2713
24321;2470;1876;1724;2728;2747
24351;2473;1875;1723;2696;2829
24391;2474;1875;1723;2694;2968
24431;2475;1874;1723;2703;3028
24471;2477;1875;1723;2709;3076
24501;2480;1875;1724;2696;3129
24541;2480;1874;1723;2692;3158
24581;2481;1874;1724;2706;3167
24621;2482;1874;1724;2711;3208
24651;2481;1874;1724;2680;3220
24691;2482;1874;1724;2716;3215
24731;2482;1874;1723;2734;3214
24771;2482;1874;1723;2736;3185
24801;2481;1877;1723;2751;3157
24841;2481;1879;1724;2735;3157
24881;2481;1880;1724;2730;3143
24921;2481;1881;1723;2784;3021
24951;2479;1881;1723;2807;2895
24991;2476;1881;1722;2880;2509
25031;2472;1871;1723;2946;2041
25071;2467;1866;1723;3029;1849
25101;2457;1861;1723;3031;1793
25111;2450;1858;1723;3038;1788
25141;2446;1857;1723;3034;1784
25181;2444;1857;1724;3014;1799
25221;2442;1857;1724;3009;1819
25251;2442;1857;1724;3010;1851
25291;2443;1857;1724;3003;1870
25331;2443;1856;1724;2999;1871
25371;2443;1856;1724;2999;1875
25401;2445;1857;1725;2892;1992
25441;2454;1857;1724;2599;2381
25481;2461;1854;1724;2586;2626
25521;2468;1853;1725;2635;2688
25551;2471;1852;1725;2634;2699
25591;2472;1851;1725;2669;2704
25631;2473;1851;1724;2701;2709
25671;2475;1850;1724;2686;2713
25701;2475;1850;1724;2707;2694
25751;2475;1850;1725;2715;2703
25791;2475;1851;1724;2737;2705
25831;2475;1851;1724;2743;2711
25841;2475;1851;1725;2743;2710
25891;2475;1852;1725;2730;2738
25931;2476;1852;1725;2736;2752
25971;2475;1852;1725;2732;2763
26001;2475;1852;1724;2717;2834
26041;2475;1852;1724;2715;2860
26081;2478;1852;1725;2690;2898
26121;2479;1852;1725;2667;2983
26151;2480;1851;1725;2657;2991
26191;2479;1851;1725;2662;2993
26231;2479;1851;1725;2666;2978
26271;2479;1852;1725;2659;2965
26311;2479;1852;1725;2635;2973
26341;2480;1851;1724;2635;2987
26381;2480;1851;1725;2641;2997
26421;2479;1851;1725;2611;3011
26451;2479;1851;1725;2621;3030
26491;2480;1851;1724;2586;3052
26531;2480;1851;1724;2578;3079
26571;2481;1852;1724;2568;3114
26611;2481;1852;1725;2576;3148
26651;2481;1852;1725;2561;3166
26691;2483;1852;1725;2551;3189
26731;2483;1852;1725;2544;3185
26761;2483;1851;1726;2555;3141
26801;2481;1837;1725;2644;2734
26841;2475;1807;1725;2850;1980
26881;2471;1778;1727;2881;1829
26961;2470;1770;1728;2784;1876
27001;2469;1770;1728;2782;1858
27041;2468;1769;1729;2809;1835
27081;2467;1768;1729;2819;1802
27121;2462;1768;1729;2840;1748
27161;2456;1769;1729;2860;1719
27201;2452;1770;1729;2883;1720
27231;2452;1770;1729;2879;1718
27241;2451;1770;1728;2869;1715
27281;2450;1770;1728;2843;1736
27321;2450;1770;1728;2853;1739
27351;2450;1770;1728;2874;1739
27391;2449;1771;1728;2866;1736
27431;2449;1770;1729;2874;1730
27471;2447;1770;1729;2889;1729
27501;2446;1785;1729;2793;1864
27541;2452;1799;1730;2637;2374
27581;2460;1806;1730;2538;2534
27621;2465;1809;1730;2562;2609
27651;2467;1811;1729;2553;2673
27701;2467;1812;1730;2577;2664
27741;2470;1813;1731;2594;2729
27781;2473;1813;1730;2588;2746
27861;2474;1813;1729;2587;2698
27901;2476;1813;1729;2605;2586
27941;2477;1813;1729;2615;2560
28021;2475;1814;1730;2595;2635
28061;2475;1814;1729;2582;2698
28101;2476;1814;1729;2590;2727
28141;2476;1813;1729;2598;2732
28181;2476;1813;1729;2598;2748
28221;2476;1813;1730;2583;2740
28251;2476;1813;1730;2571;2746
28291;2476;1813;1730;2578;2767
28331;2477;1813;1730;2588;2776
28371;2478;1813;1730;2575;2860
28401;2477;1813;1730;2575;2906
28441;2476;1813;1730;2582;2920
28481;2476;1813;1730;2584;2883
28531;2476;1813;1731;2604;2763
28611;2474;1813;1731;2759;2010
28651;2471;1813;1730;2799;1869
28691;2472;1814;1730;2822;1835
28771;2466;1814;1730;2856;1763
28791;2465;1815;1730;2876;1764
28811;2465;1814;1729;2874;1759
28851;2461;1814;1729;2864;1771
28891;2462;1815;1730;2702;2050
28931;2463;1814;1730;2589;2373
28971;2465;1814;1730;2606;2467
29001;2468;1814;1730;2616;2512
29041;2469;1814;1730;2631;2513
29081;2469;1815;1730;2634;2417
29121;2468;1815;1730;2642;2424
29151;2467;1815;1730;2653;2438
29191;2467;1815;1730;2669;2454
29231;2466;1815;1730;2666;2494
29271;2466;1815;1730;2684;2501
29301;2466;1815;1730;2673;2502
29341;2465;1816;1730;2692;2474
29381;2467;1815;1730;2737;2319
29421;2469;1815;1730;2839;1983
29451;2468;1815;1730;2881;1856
29461;2471;1815;1731;2884;1848
29511;2469;1815;1730;2828;1921
29551;2468;1815;1730;2769;2094
29591;2470;1815;1731;2690;2435
29631;2470;1815;1732;2651;2659
29671;2470;1816;1731;2660;2686
29711;2473;1816;1731;2642;2789
29751;2475;1816;1731;2629;2871
29791;2475;1816;1731;2638;2795
29831;2475;1816;1731;2650;2792
29871;2475;1815;1730;2655;2799
29901;2474;1816;1731;2652;2804
29941;2475;1816;1731;2633;2823
29981;2480;1816;1730;2626;2896
30021;2483;1816;1730;2640;2907
30051;2485;1816;1731;2633;2920
30091;2485;1817;1731;2599;2964
30131;2484;1817;1730;2630;2919
30171;2483;1816;1729;2649;2841
30201;2483;1816;1731;2614;2768
30241;2485;1816;1732;2724;2260
30281;2479;1814;1731;2832;1865
30321;2465;1806;1731;2903;1734
30351;2458;1803;1731;2921;1709
30391;2453;1801;1731;2896;1705
30431;2451;1801;1731;2875;1726
30441;2448;1801;1731;2878;1727
30491;2447;1800;1730;2886;1755
30571;2448;1800;1730;2787;1954
30611;2452;1799;1731;2700;2218
30651;2458;1798;1731;2605;2531
30691;2466;1798;1730;2577;2759
30731;2470;1799;1730;2548;2843
30771;2472;1799;1730;2593;2875
30801;2474;1800;1731;2583;2871
30841;2475;1800;1731;2600;2884
30851;2478;1799;1732;2579;2891
30901;2476;1798;1731;2582;2861
30941;2475;1799;1731;2603;2825
30981;2474;1799;1732;2585;2770
31021;2476;1799;1732;2560;2679
31061;2477;1798;1731;2551;2700
31101;2477;1799;1731;2549;2717
31141;2477;1800;1731;2533;2743
31181;2477;1800;1731;2512;2837
31221;2477;1799;1730;2519;2893
31251;2477;1799;1730;2530;2842
31291;2476;1799;1731;2578;2688
31331;2475;1798;1731;2630;2301
31371;2478;1797;1731;2735;1941
31401;2479;1797;1732;2754;1885
31441;2480;1798;1730;2712;1893
31481;2480;1799;1729;2704;1903
31521;2479;1800;1730;2690;1953
31551;2480;1800;1730;2676;2040
31591;2476;1800;1730;2658;2076
31631;2474;1800;1731;2693;2021
31671;2473;1800;1731;2722;2000
31701;2472;1800;1731;2717;1996
31741;2472;1801;1731;2692;1987
31781;2471;1802;1731;2712;2009
31821;2470;1796;1730;2593;2309
31851;2474;1792;1731;2573;2502
31891;2477;1789;1731;2544;2701
31931;2477;1781;1731;2504;2934
31971;2479;1783;1731;2506;3105
32001;2481;1785;1730;2495;3169
32041;2482;1788;1730;2475;3200
32081;2485;1790;1731;2504;3206
32131;2486;1790;1731;2458;3207
32211;2484;1792;1732;2491;3138
32251;2484;1792;1731;2490;3051
32291;2484;1792;1731;2493;2977
32331;2483;1793;1730;2513;2957
32371;2482;1793;1730;2518;2878
32411;2481;1793;1731;2545;2735
32451;2478;1793;1730;2556;2598
32491;2481;1793;1731;2621;2303
32531;2477;1795;1731;2700;1933
32571;2473;1797;1731;2735;1804
32601;2467;1799;1731;2763;1772
32641;2466;1802;1730;2755;1739
32681;2461;1803;1731;2779;1744
32721;2459;1805;1731;2785;1743
32751;2457;1805;1730;2796;1742
32791;2455;1804;1730;2816;1742
32831;2451;1805;1731;2822;1747
32871;2448;1805;1730;2800;1748
32901;2447;1805;1730;2822;1746
32941;2449;1805;1731;2757;1804
32981;2454;1799;1731;2564;2183
33021;2463;1797;1731;2481;2639
33051;2469;1796;1731;2460;2726
33091;2471;1797;1731;2491;2619
33131;2471;1798;1731;2514;2606
33171;2475;1799;1730;2502;2738
33201;2476;1801;1731;2475;2909
33241;2479;1801;1731;2485;3076
33281;2481;1802;1731;2475;3140
33321;2481;1802;1732;2479;3124
33351;2481;1801;1731;2494;3093
33391;2482;1801;1730;2484;2987
33431;2481;1802;1730;2499;2986
33471;2481;1802;1731;2509;2939
33501;2481;1803;1731;2552;2721
33541;2480;1799;1732;2702;2080
33581;2472;1791;1731;2780;1765
33621;2461;1776;1733;2851;1645
33651;2453;1770;1738;2864;1616
33691;2448;1767;1742;2804;1643
33731;2448;1764;1743;2706;1758
33771;2450;1778;1745;2626;2029
33801;2454;1785;1746;2564;2217
33841;2454;1789;1746;2564;2296
33881;2454;1792;1746;2618;2232
33921;2453;1793;1746;2654;2141
33951;2461;1794;1745;2690;2009
33991;2460;1795;1746;1843;1905
34031;2457;1795;1746;1814;1943
34071;2457;1794;1746;1741;2023
34101;2458;1794;1745;1650;2270
34141;2461;1794;1746;1629;2411
34181;2461;1794;1746;1667;2320
34221;2463;1794;1746;1706;2224
34251;2463;1794;1746;1683;2272
34291;2463;1793;1746;1631;2415
34331;2463;1793;1746;1641;2367
34371;2462;1793;1746;1694;2222
34401;2468;1793;1746;1782;1965
34441;2464;1795;1747;1908;1708
34481;2454;1794;1747;1978;1644
34521;2447;1792;1747;1973;1638
34551;2444;1792;1746;1971;1640
34591;2442;1792;1745;1995;1634
34631;2441;1793;1746;2006;1638
34671;2440;1793;1745;1993;1651
34701;2439;1794;1746;2014;1629
34741;2438;1794;1746;2035;1610
34781;2438;1795;1746;2039;1603
34821;2438;1795;1746;2042;1609
34851;2437;1794;1746;2039;1618
34891;2436;1794;1746;2031;1616
34931;2435;1793;1745;2029;1604
34971;2435;1794;1746;2031;1609
35001;2435;1793;1746;2042;1599
35041;2435;1792;1747;2055;1604
35081;2435;1791;1747;2061;1599
35121;2434;1791;1747;2065;1594
35151;2434;1792;1748;2079;1559
35191;2434;1791;1748;2090;1534
35231;2434;1790;1749;2132;1499
35271;2432;1790;1749;2207;1452
35301;2427;1791;1750;2222;1432
35341;2424;1791;1750;2206;1440
35381;2423;1792;1750;2134;1510
35421;2427;1793;1750;2035;1600
35471;2428;1793;1749;2023;1637
35511;2428;1793;1749;2029;1628
35551;2427;1794;1749;2024;1643
35591;2426;1794;1749;1986;1671
35631;2426;1795;1750;1948;1707
35671;2425;1794;1750;1901;1754
35711;2422;1794;1750;1886;1782
35751;2426;1794;1750;1854;1852
35791;2428;1793;1750;1815;1921
35831;2430;1794;1750;1810;1930
35871;2433;1794;1750;1712;2124
35901;2437;1794;1750;1668;2243
35941;2438;1794;1750;1688;2171
35981;2440;1795;1750;1751;2073
36021;2440;1794;1750;1836;1901
36051;2441;1794;1749;1846;1898
36091;2441;1795;1750;1869;1882
36131;2444;1794;1751;1911;1807
36171;2443;1794;1751;1946;1738
36201;2440;1794;1750;2071;1650
36241;2440;1795;1750;2146;1556
36281;2442;1795;1751;2185;1498
36321;2429;1808;1751;2351;1374
36351;2420;1844;1751;2471;1372
36391;2415;1863;1750;2415;1391
36431;2412;1873;1750;2277;1474
36471;2408;1878;1751;2248;1519
36501;2407;1881;1751;2262;1514
36541;2404;1882;1750;2252;1529
36591;2403;1883;1750;2269;1505
36631;2401;1883;1749;2318;1479
36711;2402;1882;1749;2427;1385
36751;2403;1883;1749;2410;1390
36791;2402;1883;1750;2363;1423
36831;2405;1883;1751;2272;1476
36871;2405;1883;1751;2282;1474
36911;2405;1883;1750;2270;1489
36951;2407;1883;1750;2164;1592
37001;2408;1882;1750;2070;1690
37041;2411;1873;1749;1923;1807
37081;2423;1868;1750;1856;1941
37161;2428;1866;1750;1761;2127
37201;2430;1865;1751;1765;2135
37241;2431;1863;1751;1790;2092
37281;2434;1862;1750;1843;1946
37321;2436;1863;1750;1922;1813
37361;2436;1863;1750;1951;1769
37401;2437;1863;1751;1963;1757
37441;2435;1852;1751;1985;1731
37481;2433;1847;1751;1977;1743
37521;2433;1845;1751;1947;1772
37551;2433;1844;1751;1950;1779
37591;2433;1843;1751;1949;1786
37631;2432;1842;1751;1947;1792
37671;2432;1842;1751;1950;1791
37701;2432;1841;1751;1963;1778
37741;2432;1842;1750;1975;1771
37781;2433;1843;1751;2014;1750
37821;2437;1842;1751;2132;1624
37851;2439;1843;1751;2198;1527
37891;2434;1845;1751;2284;1473
37931;2422;1852;1751;2413;1394
37971;2415;1861;1750;2440;1380
38001;2411;1865;1751;2437;1385
38041;2409;1868;1750;2405;1402
38081;2409;1870;1750;2323;1447
38121;2409;1870;1750;2234;1529
38151;2408;1870;1750;2248;1530
38191;2408;1870;1751;2160;1601
38231;2410;1870;1751;2092;1686
38271;2416;1872;1752;1976;1771
38301;2423;1870;1752;1882;1937
38341;2426;1867;1751;1814;2060
38381;2426;1865;1750;1851;2023
38421;2428;1864;1751;1918;1928
38451;2433;1864;1751;1957;1851
38491;2434;1864;1750;1976;1817
38531;2433;1865;1751;1982;1804
38571;2432;1862;1751;1989;1783
38601;2432;1862;1751;1993;1773
38641;2432;1861;1752;2005;1775
38681;2432;1861;1752;2012;1773
38721;2432;1861;1751;2007;1778
38751;2431;1862;1751;1996;1783
38791;2433;1862;1751;1983;1790
38831;2432;1862;1750;1995;1774
38871;2435;1861;1750;2157;1604
38901;2431;1861;1751;2252;1515
38941;2427;1862;1752;2278;1500
38981;2425;1862;1751;2241;1521
39021;2426;1861;1751;2175;1580
39051;2425;1861;1751;2178;1588
39091;2422;1861;1750;2222;1556
39131;2423;1862;1751;2232;1544
39171;2419;1862;1751;2305;1467
39201;2419;1863;1751;2331;1452
39221;2415;1863;1750;2320;1461
39241;2415;1863;1751;2294;1478
39281;2414;1862;1751;2213;1545
39321;2414;1862;1749;2117;1666
39351;2414;1862;1750;2010;1732
39391;2421;1862;1751;1975;1779
39431;2420;1861;1751;1947;1831
39471;2422;1860;1752;1930;1847
39501;2424;1860;1751;1938;1848
39541;2424;1859;1752;1951;1843
39581;2425;1858;1751;1952;1846
39621;2425;1858;1751;1949;1852
39651;2425;1858;1751;1953;1852
39691;2424;1858;1750;1958;1845
39731;2424;1857;1751;1960;1849
39771;2425;1857;1751;1955;1858
39801;2426;1857;1751;1947;1869
39841;2428;1857;1751;1927;1901
39881;2430;1857;1751;1899;1951
39921;2431;1856;1751;1844;2023
39951;2432;1855;1751;1799;2124
39991;2433;1854;1751;1802;2123
40031;2433;1853;1751;1813;2112
40071;2432;1854;1751;1821;2078
40101;2434;1854;1751;1854;2019
40141;2435;1853;1751;2014;1768
40181;2435;1848;1751;2111;1726
40221;2433;1845;1749;2114;1739
40251;2433;1844;1750;2086;1753
40291;2432;1843;1750;2065;1769
40331;2432;1843;1750;2003;1790
40371;2434;1842;1750;1988;1805
40401;2434;1843;1750;1992;1809
40441;2434;1843;1750;2011;1795
40481;2434;1843;1751;2043;1772
40521;2433;1843;1751;2086;1746
40551;2433;1836;1752;2104;1735
40591;2434;1832;1751;2118;1725
40631;2436;1831;1750;2163;1663
40671;2436;1831;1751;2194;1654
40701;2436;1830;1751;2220;1619
40741;2435;1830;1751;2281;1546
40781;2431;1831;1751;2301;1539
40821;2430;1831;1751;2264;1555
40851;2428;1831;1751;2205;1606
40891;2428;1831;1751;2083;1718
40931;2432;1831;1750;2007;1765
40971;2432;1831;1750;1994;1782
41001;2432;1831;1750;1981;1807
41041;2428;1832;1751;1950;1868
41081;2427;1832;1751;1963;1869
41121;2426;1831;1750;1974;1870
41151;2425;1831;1750;1968;1874
41191;2424;1831;1750;1973;1869
41231;2423;1831;1750;1982;1851
41271;2423;1831;1750;1988;1829
41301;2425;1831;1750;1992;1822
41341;2426;1832;1750;2010;1804
41381;2429;1831;1750;2027;1788
41421;2430;1831;1750;2037;1785
41451;2429;1831;1751;2034;1788
41491;2429;1831;1751;2036;1788
41531;2430;1831;1750;2038;1786
41571;2429;1832;1750;2042;1778
41601;2428;1831;1750;2049;1778
41641;2430;1831;1750;2108;1738
41681;2425;1832;1750;2277;1540
41721;2419;1832;1750;2358;1494
41751;2415;1832;1750;2344;1499
41791;2413;1832;1750;2383;1470
41831;2405;1846;1750;2729;1386
41871;2398;1895;1750;3022;1330
41901;2395;1921;1750;2977;1318
41941;2396;1935;1750;2940;1344
41981;2397;1941;1751;2920;1347
42021;2396;1946;1751;2828;1384
42051;2396;1948;1750;2520;1524
42091;2395;1948;1750;2225;1668
42121;2398;1938;1750;2080;1722
42161;2402;1925;1750;2028;1762
42201;2403;1919;1750;2027;1772
42241;2404;1886;1750;2052;1768
42291;2406;1882;1749;2034;1777
42331;2410;1880;1749;1998;1824
42381;2422;1878;1749;1926;1907
42421;2426;1877;1750;1932;1911
42471;2428;1878;1750;1919;1948
42501;2429;1876;1750;1884;1992
42541;2429;1877;1750;1892;1983
42581;2429;1876;1750;1927;1935
42621;2433;1863;1751;2017;1836
42651;2433;1871;1751;2075;1793
42691;2433;1876;1751;2098;1768
42731;2433;1879;1751;2096;1770
42771;2434;1880;1750;1984;1834
42801;2435;1881;1750;1931;1909
42811;2435;1881;1750;1922;1918
42851;2438;1881;1751;1863;2019
42891;2441;1882;1751;1838;2081
42931;2443;1883;1751;1791;2168
43011;2446;1883;1751;1775;2233
43091;2447;1883;1751;1802;2191
43131;2447;1883;1751;1843;2124
43161;2447;1882;1751;1854;2119
43211;2447;1882;1751;1873;2066
43251;2447;1882;1751;1899;2039
43301;2446;1882;1751;1887;2062
43341;2445;1883;1751;1868;2087
43381;2445;1882;1750;1866;2091
43461;2439;1880;1749;2196;1578
43501;2427;1881;1749;2388;1443
43541;2418;1882;1749;2357;1465
43581;2414;1882;1749;2211;1562
43621;2421;1882;1750;2089;1729
43661;2422;1882;1750;2001;1806
43701;2425;1882;1751;1986;1850
43741;2426;1882;1751;2000;1844
43781;2427;1882;1751;2042;1815
43821;2427;1882;1751;2072;1793
43851;2426;1882;1751;2023;1816
43891;2428;1883;1751;1982;1862
43931;2430;1883;1751;1971;1880
43971;2431;1883;1751;1986;1868
44001;2431;1882;1751;2023;1833
44041;2431;1882;1752;1988;1865
44081;2432;1882;1753;1975;1903
44121;2433;1882;1753;2089;1814
44151;2433;1883;1752;2159;1713
44171;2434;1882;1752;2197;1667
44221;2428;1882;1752;2311;1524
44261;2421;1882;1752;2331;1519
44301;2420;1882;1753;2242;1600
44341;2419;1882;1753;2209;1684
44381;2415;1882;1753;2311;1542
44421;2411;1875;1753;2643;1350
44451;2405;1914;1753;2856;1331
44491;2400;1940;1753;2715;1353
44531;2400;1953;1753;2374;1577
44571;2409;1947;1752;2041;1800
44601;2420;1946;1752;1959;1929
44641;2426;1929;1753;1925;1992
44681;2428;1920;1753;1915;2009
44721;2429;1899;1753;1889;2040
44751;2430;1889;1754;1886;2050
44791;2430;1882;1754;1857;2091
44831;2438;1873;1754;1760;2273
44871;2444;1862;1754;1732;2386
44901;2447;1870;1754;1755;2370
44941;2448;1874;1754;1777;2356
44981;2448;1876;1753;1774;2344
45021;2450;1878;1753;1780;2317
45051;2449;1879;1753;1782;2271
45091;2449;1879;1753;1813;2200
45131;2448;1879;1753;1980;1889
45171;2436;1875;1753;2370;1462
45201;2423;1878;1753;2570;1372
45241;2415;1895;1753;2810;1344
45281;2408;1931;1753;2821;1339
45321;2406;1949;1753;2676;1404
45351;2405;1957;1752;2324;1605
45391;2413;1940;1752;2069;1801
45431;2420;1926;1753;1965;1906
45471;2426;1919;1754;1944;1979
45501;2428;1904;1754;1926;2000
45541;2432;1891;1753;1996;1901
45581;2432;1888;1753;2229;1567
45621;2422;1900;1753;2442;1439
45651;2416;1908;1753;2453;1430
45691;2413;1912;1752;2342;1472
45721;2414;1914;1753;2190;1647
45771;2413;1916;1753;2100;1788
45801;2412;1917;1753;2321;1489
45841;2410;1940;1751;2667;1345
45881;2403;1961;1748;2816;1340
45921;2399;1974;1747;2811;1343
45951;2397;1980;1747;2774;1358
45991;2401;1983;1747;2539;1488
46031;2403;1985;1746;2255;1697
46061;2407;1981;1746;2124;1790
46071;2413;1980;1747;2110;1813
46101;2415;1978;1746;2078;1849
46141;2414;1968;1746;2072;1842
46181;2418;1955;1746;2141;1746
46221;2413;1950;1747;2370;1496
46251;2410;1948;1747;2434;1453
46291;2408;1947;1747;2403;1486
46331;2410;1946;1747;2196;1690
46371;2412;1946;1747;2019;1878
46401;2420;1945;1747;2005;1947
46441;2426;1938;1747;1978;1973
46481;2429;1925;1747;1954;2003
46521;2431;1916;1746;1955;2000
46551;2432;1909;1746;1948;2012
46591;2432;1902;1746;1941;2029
46631;2431;1899;1746;1952;2030
46671;2431;1897;1746;1968;2005
46701;2432;1897;1747;2001;1941
46741;2433;1896;1747;2068;1875
46781;2434;1896;1746;2106;1832
46821;2431;1886;1746;2291;1555
46851;2423;1883;1746;2423;1466
46891;2417;1882;1747;2407;1470
46931;2415;1881;1747;2356;1497
46971;2413;1881;1747;2331;1521
47001;2412;1880;1747;2244;1600
47041;2414;1881;1747;2135;1736
47081;2419;1880;1747;2081;1793
47121;2420;1880;1747;2075;1806
47151;2419;1881;1747;2070;1818
47191;2417;1881;1747;2066;1834
47231;2415;1880;1748;2048;1839
47271;2414;1880;1748;2070;1835
47301;2413;1879;1747;2085;1831
47341;2412;1879;1747;2089;1827
47381;2411;1879;1747;2095;1821
47421;2418;1880;1747;2140;1792
47451;2418;1882;1747;2210;1677
47491;2418;1882;1747;2251;1637
47531;2418;1882;1748;2239;1648
47571;2417;1882;1748;2223;1657
47601;2417;1882;1748;2206;1661
47641;2418;1882;1747;2152;1727
47681;2417;1882;1747;2113;1762
47721;2419;1882;1747;2092;1801
47751;2421;1882;1747;2083;1817
47791;2422;1882;1747;2084;1825
47831;2421;1882;1747;2088;1825
47871;2421;1882;1747;2088;1827
47901;2420;1882;1747;2091;1825
47941;2420;1882;1747;2094;1825
47981;2419;1881;1747;2102;1820
48021;2418;1881;1747;2107;1816
48051;2418;1881;1748;2113;1817
48091;2418;1881;1748;2115;1817
48131;2418;1880;1747;2120;1817
48171;2419;1881;1747;2136;1818
48201;2420;1882;1747;2143;1817
48241;2419;1881;1747;2137;1819
48281;2419;1880;1747;2126;1823
48321;2419;1880;1747;2124;1823
48351;2419;1880;1747;2128;1821
48391;2419;1881;1747;2128;1823
48431;2418;1880;1748;2126;1829
48471;2420;1879;1748;2101;1847
48521;2418;1876;1747;2086;1883
48561;2418;1876;1747;2075;1888
48601;2417;1873;1747;2073;1891
48641;2416;1872;1747;2080;1890
48681;2416;1875;1747;2087;1889
48721;2415;1873;1747;2090;1883
48761;2415;1873;1747;2106;1865
48801;2415;1872;1747;2110;1852
48841;2416;1871;1747;2118;1834
48881;2417;1876;1746;2138;1815
48921;2419;1878;1747;2148;1793
48951;2420;1880;1748;2158;1794
48991;2420;1881;1747;2165;1787
49031;2421;1882;1747;2167;1786
49071;2426;1880;1747;2170;1774
49101;2423;1879;1747;2186;1742
49141;2420;1879;1747;2222;1705
49181;2418;1879;1748;2221;1709
49221;2417;1879;1748;2191;1741
49251;2417;1879;1748;2171;1755
49291;2418;1879;1747;2158;1767
49331;2420;1879;1747;2138;1792
49371;2422;1879;1747;2134;1806
49401;2423;1879;1746;2138;1805
49441;2422;1879;1747;2165;1802
49471;2421;1879;1747;2164;1804
49521;2422;1879;1747;2159;1809
49551;2422;1879;1748;2145;1810
49581;2422;1879;1748;2137;1811
49591;2422;1879;1747;2128;1813
49631;2423;1879;1747;2087;1845
49671;2422;1879;1748;2044;1869
49701;2423;1879;1747;2036;1905
49741;2429;1879;1747;1964;2024
49781;2431;1877;1747;1934;2070
49821;2431;1876;1747;1959;2035
49851;2431;1876;1747;1964;2031
49901;2431;1876;1747;1946;2045
49941;2430;1876;1747;1951;2038
49981;2431;1876;1747;1974;1985
50061;2431;1877;1747;2273;1584
50141;2425;1877;1747;2266;1577
50181;2426;1877;1747;2200;1702
50221;2429;1878;1747;2140;1788
50261;2428;1877;1747;2142;1809
50301;2427;1877;1747;2145;1813
50341;2429;1877;1747;2162;1807
50381;2429;1877;1747;2169;1808
50421;2429;1877;1747;2167;1803
50451;2429;1877;1748;2171;1801
50491;2430;1878;1748;2173;1790
50531;2432;1877;1748;2175;1786
50571;2425;1878;1748;2284;1628
50601;2418;1878;1748;2428;1489
50641;2413;1879;1747;2466;1467
50681;2410;1879;1748;2375;1520
50721;2409;1879;1747;2278;1593
50751;2409;1880;1747;2204;1688
50791;2418;1879;1748;2114;1797
50831;2421;1879;1748;2117;1809
50871;2423;1879;1748;2134;1805
50901;2424;1879;1747;2118;1813
50941;2426;1880;1747;2105;1824
50981;2426;1879;1748;2093;1843
51021;2425;1879;1748;2081;1858
51051;2424;1879;1748;2020;1917
51091;2429;1879;1748;1959;2026
51131;2430;1879;1747;1949;2044
51171;2431;1880;1747;1960;2034
51201;2431;1879;1747;1973;2027
51241;2431;1879;1747;1976;2020
51281;2430;1878;1748;1972;2027
51321;2431;1879;1747;1952;2049
51351;2432;1878;1747;1928;2084
51381;2433;1878;1747;1862;2178
51431;2438;1877;1748;1773;2359
51471;2440;1876;1748;1780;2362
51501;2442;1875;1748;1798;2361
51541;2446;1875;1747;1780;2435
51581;2447;1871;1747;1752;2497
51621;2448;1867;1747;1759;2485
51651;2450;1865;1747;1760;2504
51691;2452;1865;1747;1745;2538
51731;2452;1864;1747;1755;2536
51771;2453;1864;1747;1765;2517
51801;2452;1864;1747;1782;2481
51841;2451;1864;1747;1842;2337
51881;2448;1865;1747;2008;1972
51921;2450;1863;1747;2135;1814
51951;2444;1857;1747;2250;1653
51991;2436;1854;1746;2424;1500
52031;2431;1855;1747;2314;1545
52071;2428;1855;1747;2211;1682
52101;2428;1854;1747;2193;1748
52141;2433;1854;1747;2094;1821
52181;2434;1853;1747;2137;1799
52221;2421;1855;1747;2421;1474
52251;2415;1868;1748;2532;1426
52291;2412;1885;1748;2497;1431
52331;2410;1894;1748;2360;1534
52371;2409;1899;1748;2398;1526
52401;2408;1902;1747;2423;1515
52441;2407;1904;1747;2469;1474
52481;2406;1905;1748;2496;1447
52521;2407;1904;1748;2542;1421
52551;2406;1904;1748;2504;1421
52591;2406;1904;1748;2323;1591
52631;2413;1904;1749;2126;1796
52671;2423;1903;1749;1983;1994
52701;2427;1888;1747;1923;2077
52741;2428;1862;1747;1927;2081
52781;2428;1844;1748;1939;2071
52821;2429;1845;1747;1953;2070
52851;2429;1839;1747;1961;2052
52891;2430;1838;1748;1964;2063
52931;2430;1835;1747;1957;2075
52971;2430;1837;1747;1955;2081
53001;2430;1841;1747;1958;2078
53041;2430;1846;1747;1963;2078
53081;2430;1848;1747;1967;2069
53121;2434;1864;1747;2103;1895
53151;2431;1873;1748;2393;1487
53191;2418;1909;1747;2696;1362
53231;2410;1927;1747;2709;1372
53271;2408;1936;1747;2495;1491
53301;2405;1942;1746;2292;1680
53341;2401;1942;1747;2336;1668
53381;2404;1944;1746;2552;1446
53421;2396;1972;1742;3046;1273
53451;2395;2093;1732;3160;1244
53491;2392;2142;1721;3036;1275
53531;2392;2168;1716;2433;1572
53571;2411;2085;1716;1977;1868
53601;2422;2036;1717;1856;2079
53641;2431;2010;1718;1838;2165
53681;2437;1985;1719;1825;2198
53721;2439;1975;1720;1830;2202
53811;2441;1970;1721;1801;2269
53811;2442;1968;1722;1801;2269
3475;2313;1605;1733;1891;1730
3595;2248;1490;1741;1893;1726
3635;2216;1422;1743;1893;1728
3665;2199;1426;1744;1896;1727
3705;2191;1405;1745;1898;1728
3745;2187;1394;1745;1896;1729
3785;2184;1344;1744;1894;1729
3815;2183;1357;1744;1892;1727
3855;2183;1341;1745;1895;1730
3895;2184;1341;1745;1891;1731
3935;2185;1355;1744;1894;1731
3965;2184;1408;1745;1900;1731
4005;2184;1424;1745;1899;1734
4045;2184;1404;1744;1900;1733
4085;2183;1391;1744;1902;1737
4115;2184;1396;1745;1903;1733
4155;2183;1394;1744;1909;1733
4195;2183;1377;1745;1907;1733
4235;2184;1371;1746;1909;1733
4265;2183;1338;1746;1912;1730
4305;2183;1297;1746;1908;1733
4345;2184;1341;1745;1909;1733
4385;2185;1355;1745;1909;1731
4415;2185;1309;1747;1910;1732
4455;2185;1338;1747;1907;1733
4495;2185;1311;1746;1908;1734
4535;2184;1331;1746;1906;1733
4565;2185;1393;1745;1908;1732
4615;2188;1534;1746;1906;1732
4655;2188;1604;1745;1906;1733
4685;2187;1638;1745;1906;1734
4725;2187;1656;1745;1909;1732
4765;2186;1666;1745;1913;1732
4835;2186;1670;1745;1911;1734
4845;2185;1672;1745;1912;1735
4895;2186;1673;1746;1915;1736
4935;2186;1675;1745;1911;1736
4985;2185;1675;1744;1911;1737
5015;2187;1675;1744;1909;1738
5055;2187;1677;1744;1908;1740
5095;2186;1675;1745;1909;1740
5135;2187;1674;1745;1903;1738
5165;2187;1674;1744;1907;1737
5205;2186;1673;1744;1906;1737
5245;2186;1672;1746;1909;1738
5285;2186;1672;1745;1907;1736
5315;2187;1672;1746;1906;1737
5355;2186;1672;1745;1894;1741
5395;2184;1671;1745;1894;1738
5435;2183;1670;1744;1892;1738
5465;2181;1671;1744;1891;1740
5505;2180;1673;1745;1890;1740
5545;2179;1672;1745;1889;1741
5585;2180;1672;1745;1885;1743
5615;2180;1672;1745;1887;1744
5655;2179;1672;1744;1886;1745
5695;2179;1672;1746;1884;1746
5735;2180;1672;1745;1886;1745
5765;2180;1672;1744;1880;1746
5805;2180;1672;1744;1880;1750
5845;2179;1672;1745;1879;1747
5885;2179;1672;1745;1879;1751
5915;2178;1672;1746;1882;1746
5955;2177;1671;1746;1880;1746
5995;2176;1672;1745;1881;1745
6035;2175;1672;1746;1881;1743
6065;2175;1672;1745;1882;1743
6105;2175;1672;1745;1887;1741
6145;2171;1676;1745;1884;1742
6185;2162;1674;1746;1883;1742
6215;2159;1661;1745;1885;1742
6255;2147;1651;1745;1886;1742
6295;2074;1643;1744;1892;1738
6335;2028;1623;1743;1901;1737
6365;1987;1606;1744;1905;1737
6405;1936;1582;1744;1900;1740
6445;1876;1548;1740;1907;1738
6485;1832;1528;1730;1912;1736
6515;1813;1519;1727;1910;1739
6555;1802;1514;1727;1910;1740
6595;1794;1510;1727;1911;1739
6635;1781;1510;1726;1913;1738
6725;1691;1497;1708;1923;1731
6785;1611;1490;1687;1922;1732
6815;1555;1487;1670;1924;1729
6855;1522;1487;1652;1921;1732
6895;1503;1486;1642;1917;1733
6935;1488;1485;1628;1919;1735
6965;1481;1486;1621;1917;1733
7005;1478;1486;1613;1903;1736
7045;1465;1486;1603;1907;1736
7085;1457;1486;1595;1911;1733
7115;1453;1487;1590;1907;1737
7155;1453;1487;1588;1898;1743
7195;1450;1486;1586;1898;1744
7235;1450;1486;1585;1894;1745
7265;1462;1486;1585;1894;1750
7305;1531;1486;1586;1892;1756
7345;1659;1487;1601;1869;1771
7385;1772;1485;1630;1862;1768
7415;1863;1494;1655;1868;1768
7455;1932;1499;1673;1860;1775
7495;2045;1534;1683;1866;1770
7535;2109;1554;1690;1865;1771
7575;2146;1564;1694;1863;1770
7605;2169;1568;1697;1862;1767
7645;2191;1582;1698;1865;1753
7685;2222;1607;1703;1875;1753
7715;2246;1621;1706;1882;1744
7755;2271;1642;1709;1881;1745
7795;2301;1662;1711;1882;1748
7835;2319;1672;1714;1879;1755
7865;2334;1661;1717;1870;1760
7905;2352;1554;1719;1859;1793
7945;2364;1520;1721;1852;1809
7985;2384;1622;1722;1864;1826
8015;2394;1673;1722;1862;1834
8055;2399;1699;1721;1868;1828
8095;2400;1712;1720;1869;1828
8135;2402;1719;1720;1871;1826
8165;2403;1722;1720;1874;1826
8205;2404;1725;1721;1871;1827
8245;2404;1726;1722;1876;1824
8285;2403;1726;1723;1880;1828
8315;2403;1726;1723;1881;1830
8355;2401;1726;1724;1881;1833
8395;2400;1726;1724;1879;1830
8435;2400;1726;1724;1879;1832
8525;2398;1726;1725;1883;1828
8585;2398;1726;1724;1883;1827
8615;2397;1726;1724;1881;1823
8655;2397;1727;1723;1884;1820
8695;2396;1727;1724;1884;1822
8735;2396;1727;1724;1886;1825
8765;2396;1727;1724;1891;1820
8805;2395;1727;1723;1891;1820
8845;2395;1726;1724;1893;1821
8855;2396;1727;1723;1893;1819
8945;2396;1727;1725;1891;1828
9005;2397;1727;1724;1893;1819
9035;2397;1727;1725;1897;1822
9075;2397;1727;1725;1895;1812
9105;2396;1727;1725;1891;1805
9145;2397;1726;1726;1897;1796
9185;2399;1726;1725;1904;1791
9215;2397;1727;1726;1902;1781
9255;2394;1728;1726;1903;1768
9295;2390;1727;1726;1905;1764
9335;2390;1727;1726;1907;1761
9365;2384;1727;1725;1909;1759
9405;2366;1727;1727;1912;1749
9445;2317;1727;1725;1919;1744
9485;2246;1727;1712;1921;1745
9515;2190;1727;1697;1923;1746
9555;2161;1728;1687;1923;1744
9595;2145;1728;1681;1925;1747
9635;2139;1728;1679;1927;1744
9665;2072;1728;1676;1925;1746
9705;2029;1728;1666;1926;1746
9745;1998;1728;1661;1926;1746
9785;1974;1727;1648;1930;1748
9815;1952;1728;1632;1928;1747
9855;1930;1728;1618;1930;1749
9895;1899;1727;1602;1929;1749
9935;1888;1727;1589;1934;1746
9965;1877;1727;1581;1935;1746
10005;1863;1727;1571;1937;1748
10045;1849;1727;1562;1940;1746
10085;1834;1727;1550;1940;1747
10175;1809;1726;1533;1945;1743
10235;1791;1727;1517;1946;1742
10265;1779;1727;1508;1946;1744
10305;1763;1727;1498;1944;1744
10345;1756;1728;1489;1946;1742
10385;1753;1728;1482;1945;1743
10415;1748;1728;1476;1944;1742
10455;1739;1728;1465;1943;1742
10495;1734;1728;1459;1943;1749
10535;1732;1727;1455;1939;1752
10565;1731;1727;1453;1936;1755
10605;1699;1728;1450;1944;1752
10645;1653;1727;1438;1945;1749
10685;1621;1727;1432;1943;1749
10715;1610;1728;1426;1945;1747
10755;1571;1729;1417;1948;1748
10795;1544;1728;1404;1945;1750
10835;1519;1728;1395;1947;1747
10865;1505;1729;1386;1945;1748
10905;1491;1729;1376;1947;1750
10945;1485;1728;1370;1946;1750
10985;1474;1727;1357;1940;1751
11015;1469;1728;1349;1941;1749
11055;1469;1728;1344;1938;1757
11095;1470;1728;1342;1929;1763
11135;1463;1728;1333;1942;1747
11165;1451;1728;1323;1945;1752
11205;1438;1728;1314;1948;1749
11245;1423;1729;1299;1951;1744
11285;1413;1729;1290;1955;1736
11315;1405;1728;1283;1962;1736
11355;1394;1728;1277;1967;1733
11395;1386;1729;1269;1970;1729
11435;1382;1728;1264;1966;1735
11465;1380;1728;1262;1953;1751
11505;1380;1729;1262;1928;1770
11545;1380;1728;1262;1912;1781
11585;1385;1729;1262;1897;1785
11615;1395;1729;1262;1893;1788
11655;1432;1729;1284;1883;1785
11695;1515;1729;1326;1886;1786
11735;1626;1730;1375;1889;1785
11765;1722;1729;1428;1894;1777
11805;1820;1728;1488;1895;1779
11845;1906;1728;1542;1899;1765
11885;2043;1727;1587;1905;1760
11915;2140;1728;1626;1903;1760
11955;2206;1729;1657;1900;1762
11995;2255;1729;1678;1899;1764
12035;2280;1729;1690;1904;1762
12125;2302;1730;1699;1907;1764
12185;2318;1730;1705;1902;1769
12215;2325;1730;1707;1902;1773
12255;2328;1730;1710;1911;1756
12295;2331;1729;1712;1920;1753
12335;2295;1730;1712;1917;1754
12365;2243;1730;1707;1915;1752
12405;2189;1730;1689;1907;1758
12445;2084;1730;1672;1911;1756
12455;2034;1731;1664;1912;1756
12545;1964;1730;1627;1912;1760
12605;1899;1729;1594;1911;1760
12695;1820;1730;1547;1914;1755
12755;1760;1730;1507;1915;1754
12785;1684;1730;1475;1922;1750
12825;1605;1731;1449;1924;1753
12855;1557;1731;1430;1925;1752
12895;1528;1731;1412;1927;1750
12935;1504;1731;1396;1931;1746
12965;1489;1730;1382;1933;1746
13005;1470;1730;1372;1935;1747
13045;1460;1730;1356;1940;1747
13085;1443;1730;1343;1942;1747
13115;1430;1728;1333;1944;1749
13155;1426;1729;1327;1943;1750
13225;1412;1730;1319;1941;1751
13265;1395;1730;1308;1941;1750
13305;1388;1729;1296;1946;1751
13355;1379;1729;1287;1942;1751
13385;1372;1729;1278;1945;1752
13425;1359;1729;1268;1944;1751
13455;1350;1730;1264;1946;1750
13495;1341;1730;1255;1943;1753
13535;1336;1731;1250;1938;1757
13565;1334;1731;1247;1925;1761
13615;1337;1730;1247;1878;1793
13655;1396;1730;1281;1855;1804
13715;1583;1730;1382;1864;1798
13755;1736;1730;1471;1869;1793
13795;1852;1730;1539;1872;1788
13835;2022;1730;1597;1873;1784
13865;2125;1729;1639;1871;1793
13905;2204;1730;1670;1872;1784
13945;2261;1730;1692;1857;1797
14015;2290;1730;1708;1861;1789
14055;2264;1730;1716;1876;1763
14095;2055;1730;1629;1873;1777
14135;1901;1754;1520;1874;1779
14165;1717;1779;1428;1888;1782
14205;1597;1793;1368;1914;1752
14265;1534;1800;1330;1920;1758
14315;1501;1804;1310;1917;1755
14355;1488;1806;1302;1897;1769
14405;1646;1805;1374;1899;1760
14435;1806;1802;1472;1902;1765
14475;2017;1801;1555;1886;1785
14505;2145;1801;1614;1885;1786
14545;2234;1801;1655;1878;1802
14585;2279;1801;1678;1875;1808
14615;2310;1800;1693;1877;1820
14655;2324;1801;1701;1881;1815
14705;2309;1801;1706;1910;1751
14745;2078;1801;1619;1895;1775
14855;1776;1804;1461;1930;1754
14885;1623;1804;1378;1941;1748
14915;1547;1805;1336;1941;1754
14955;1509;1806;1316;1933;1760
14985;1491;1806;1306;1929;1765
15025;1485;1805;1301;1926;1768
15065;1630;1802;1366;1921;1766
15105;1802;1800;1474;1925;1759
15145;2019;1800;1565;1912;1765
15185;2166;1801;1628;1897;1777
15215;2248;1801;1664;1891;1802
15315;2303;1800;1688;1879;1848
15365;2330;1800;1699;1884;1843
15405;2295;1800;1705;1914;1759
15445;2111;1801;1633;1916;1763
15485;1921;1802;1515;1923;1760
15515;1727;1803;1417;1932;1762
15555;1605;1805;1352;1951;1742
15595;1544;1806;1319;1944;1758
15635;1514;1806;1303;1941;1764
15665;1499;1806;1295;1940;1764
15705;1496;1806;1291;1920;1765
15745;1639;1804;1355;1911;1770
15785;1829;1801;1471;1917;1763
15815;2034;1800;1559;1904;1771
15855;2181;1800;1625;1889;1803
15895;2265;1800;1665;1879;1846
15935;2310;1799;1687;1882;1856
16025;2345;1800;1701;1897;1821
16085;2142;1800;1648;1944;1748
16115;1951;1800;1554;1942;1759
16155;1718;1800;1437;1962;1738
16195;1568;1801;1358;1998;1720
16235;1491;1803;1315;2004;1717
16265;1446;1803;1288;2003;1723
16305;1414;1801;1274;2007;1725
16345;1398;1800;1268;2009;1728
16385;1390;1800;1264;2011;1729
16415;1387;1799;1263;2010;1726
16455;1387;1799;1262;2010;1729
16495;1390;1799;1263;1995;1742
16535;1427;1783;1274;1962;1746
16565;1583;1750;1351;1942;1755
16605;1752;1735;1466;1946;1747
16645;1969;1729;1562;1921;1763
16685;2111;1726;1628;1898;1775
16715;2201;1724;1669;1890;1779
16755;2260;1723;1696;1890;1783
16795;2290;1723;1710;1892;1788
16835;2304;1723;1718;1904;1771
16865;2311;1723;1723;1915;1756
16905;2248;1723;1715;1931;1744
16945;1995;1723;1608;1937;1743
16985;1733;1723;1490;1940;1737
17015;1575;1723;1407;1944;1736
17055;1486;1724;1358;1952;1732
17095;1432;1724;1323;1966;1720
17135;1400;1725;1303;1970;1731
17165;1381;1725;1293;1973;1726
17205;1372;1725;1288;1978;1724
17245;1370;1725;1285;1970;1735
17285;1400;1725;1284;1953;1745
17315;1464;1708;1338;1948;1751
17375;1694;1693;1475;1926;1757
17415;1923;1686;1567;1911;1763
17465;2077;1683;1631;1893;1770
17505;2166;1681;1667;1882;1788
17545;2212;1681;1689;1883;1781
17585;2233;1682;1700;1893;1772
17615;2247;1682;1706;1901;1760
17655;2254;1682;1708;1913;1747
17695;2255;1682;1710;1912;1751
17735;2205;1682;1711;1919;1746
17795;1852;1681;1569;1918;1746
17835;1634;1674;1455;1922;1751
17885;1502;1674;1376;1929;1748
17915;1434;1676;1331;1932;1740
17955;1397;1678;1307;1929;1747
17995;1379;1679;1295;1936;1740
18035;1369;1679;1288;1938;1737
18065;1356;1680;1283;1940;1740
18105;1348;1680;1281;1938;1744
18145;1355;1680;1280;1926;1758
18185;1423;1679;1327;1915;1764
18215;1610;1677;1419;1910;1763
18255;1791;1673;1519;1883;1773
18295;2008;1653;1600;1864;1796
18365;2174;1705;1655;1838;1829
18405;2266;1736;1689;1834;1865
18425;2312;1751;1705;1837;1867
18475;2335;1761;1715;1835;1863
18515;2347;1766;1720;1839;1860
18605;2351;1767;1724;1866;1806
18635;2319;1768;1725;1893;1752
18675;2105;1767;1656;1920;1748
18705;1933;1768;1573;1921;1747
18745;1729;1767;1486;1926;1747
18785;1609;1766;1424;1923;1747
18815;1541;1766;1382;1940;1735
18855;1508;1766;1361;1935;1743
18895;1491;1765;1351;1942;1741
18935;1484;1766;1346;1942;1743
18965;1479;1765;1344;1939;1743
19005;1477;1765;1342;1930;1750
19045;1480;1764;1341;1928;1752
19085;1614;1760;1392;1923;1754
19115;1748;1760;1464;1925;1755
19155;1969;1761;1550;1908;1761
19195;2128;1760;1620;1889;1779
19235;2228;1762;1665;1859;1812
19265;2287;1763;1689;1844;1833
19305;2324;1762;1705;1844;1849
19345;2350;1758;1713;1844;1868
19385;2367;1766;1718;1838;1874
19415;2374;1771;1720;1849;1850
19455;2186;1773;1670;1898;1750
19495;1961;1774;1544;1895;1765
19535;1744;1775;1434;1904;1765
19565;1617;1776;1373;1898;1788
19605;1543;1777;1328;1936;1738
19645;1506;1777;1306;1930;1761
19685;1485;1777;1293;1938;1747
19715;1469;1779;1286;1940;1750
19755;1461;1778;1284;1927;1764
19795;1458;1778;1283;1919;1764
19835;1463;1777;1282;1921;1766
19865;1521;1778;1305;1916;1763
19905;1719;1774;1417;1909;1769
19945;1973;1773;1537;1892;1771
19985;2146;1772;1620;1867;1809
20015;2237;1772;1665;1866;1814
20055;2286;1773;1694;1875;1815
20095;2310;1771;1709;1913;1751
20135;2057;1755;1618;1933;1746
20165;1765;1737;1483;1938;1743
20205;1582;1733;1373;1928;1768
20245;1482;1733;1317;1916;1769
20285;1443;1734;1289;1922;1756
20315;1435;1734;1275;1909;1770
20355;1463;1734;1286;1890;1778
20395;1650;1734;1382;1908;1755
20435;1938;1735;1518;1876;1793
20465;2129;1742;1607;1838;1840
20505;2255;1760;1665;1843;1880
20545;2325;1771;1694;1843;1913
20585;2363;1777;1710;1852;1916
20615;2381;1780;1718;1865;1843
20655;2260;1782;1677;1877;1753
20695;1924;1782;1528;1924;1730
20735;1686;1783;1398;1929;1733
20765;1546;1783;1325;1935;1739
20805;1465;1783;1284;1969;1705
20845;1425;1784;1265;1963;1719
20885;1411;1784;1254;1929;1750
20915;1432;1784;1258;1921;1748
20965;1598;1780;1342;1921;1752
21005;1876;1778;1479;1904;1756
21065;2115;1778;1594;1840;1842
21105;2253;1778;1660;1844;1873
21145;2306;1777;1693;1887;1732
21185;2045;1759;1606;1925;1743
21215;1738;1740;1474;1943;1720
21255;1539;1732;1364;1948;1733
21295;1430;1728;1304;1930;1757
21335;1377;1725;1273;1960;1727
21425;1482;1724;1331;1903;1767
21485;1877;1741;1503;1840;1798
21515;2136;1774;1607;1840;1854
21555;2272;1795;1659;1848;1956
21595;2341;1806;1686;1865;1848
21635;2154;1813;1622;1846;1766
21665;1957;1821;1499;1881;1758
21705;1741;1826;1392;1913;1740
21745;1618;1827;1334;1923;1745
21785;1557;1828;1305;1916;1754
21815;1652;1830;1322;1909;1750
21855;1838;1830;1446;1911;1748
21895;2096;1830;1565;1833;1844
21935;2235;1830;1630;1867;1810
21965;2183;1830;1611;1908;1741
22005;1961;1829;1484;1930;1749
22045;1746;1830;1389;1922;1769
22085;1641;1831;1340;1937;1756
22115;1684;1832;1336;1916;1747
22155;1930;1832;1457;1906;1765
22195;2102;1831;1549;1885;1759
22235;1923;1831;1469;1951;1728
22265;1725;1832;1391;1965;1730
22305;1610;1833;1345;1915;1778
22345;1671;1833;1343;1922;1763
22385;1922;1832;1462;1912;1760
22415;2082;1832;1542;1890;1770
22455;1806;1786;1478;1978;1722
22495;1575;1710;1403;1992;1714
22535;1462;1672;1364;1924;1762
22565;1479;1642;1377;1900;1784
22605;1712;1626;1475;1919;1749
22645;1719;1674;1473;1920;1754
22685;1524;1635;1402;1998;1706
22715;1427;1620;1360;1942;1739
22765;1587;1670;1390;1888;1783
22805;1876;1722;1500;1893;1770
22865;1682;1719;1456;1947;1727
22905;1571;1719;1405;1922;1742
22945;1704;1754;1407;1877;1794
22985;2032;1818;1532;1837;1889
23015;2210;1858;1599;1900;1766
23055;2047;1878;1541;1984;1709
23095;1908;1887;1453;1974;1715
23135;1842;1892;1408;1893;1803
23165;1898;1895;1430;1895;1781
23205;2143;1905;1543;1866;1887
23245;2218;1912;1593;1880;1760
23285;2019;1914;1504;1964;1732
23315;1900;1915;1437;1917;1757
23355;1904;1915;1418;1873;1815
23395;2150;1918;1534;1873;1905
23435;2291;1932;1601;1910;1898
23465;2220;1938;1582;1893;1762
23505;2026;1940;1486;1929;1712
23545;1924;1942;1431;1879;1764
23585;2069;1943;1480;1870;1777
23615;2257;1953;1570;1901;2116
23655;2348;1961;1615;1893;1739
23695;2156;1966;1522;1908;1696
23735;1987;1976;1408;1905;1771
23765;1892;1980;1341;1896;1769
23805;1846;1981;1308;1875;1785
23845;1863;1982;1311;1877;1781
23885;2101;1982;1441;1865;1768
23915;2268;1982;1538;1867;2010
23955;2115;1984;1496;1890;1769
23995;1929;1986;1378;1967;1734
24035;1774;1986;1302;1951;1762
24065;1703;1986;1263;1913;1783
24105;1739;1986;1260;1895;1774
24145;1872;1986;1356;1868;1794
24185;1833;1986;1339;1921;1733
24215;1688;1985;1285;1992;1718
24255;1599;1985;1252;1949;1745
24295;1562;1985;1237;1900;1802
24335;1702;1985;1292;1899;1784
24365;1809;1985;1348;1884;1770
24395;1779;1981;1330;1909;1758
24445;1592;1901;1284;1933;1757
24485;1499;1862;1261;1902;1772
24515;1522;1844;1278;1880;1799
24575;1600;1855;1321;1885;1768
24615;1450;1756;1291;1937;1734
24665;1394;1715;1275;1887;1781
24705;1518;1745;1310;1863;1827
24745;1668;1783;1369;1872;1789
24785;1494;1731;1324;1913;1746
24815;1350;1619;1292;1948;1724
24855;1314;1596;1276;1898;1757
24895;1526;1700;1322;1862;1827
24935;1677;1776;1389;1862;1786
24965;1527;1727;1354;1918;1739
25005;1353;1599;1321;1921;1739
25045;1359;1614;1305;1860;1814
25085;1640;1735;1399;1840;1835
25115;1763;1806;1449;1816;1829
25155;1546;1724;1385;1875;1747
25195;1420;1675;1342;1857;1785
25235;1503;1737;1331;1833;1838
25265;1677;1779;1391;1812;1838
25305;1580;1767;1383;1863;1759
25345;1377;1605;1350;1852;1801
25385;1367;1621;1333;1819;1819
25425;1667;1740;1425;1804;1841
25495;1518;1688;1409;1859;1779
25525;1393;1605;1387;1826;1789
25565;1482;1661;1389;1808;1821
25605;1855;1733;1508;1738;1856
25645;2019;1771;1573;1785;1814
25685;1732;1671;1536;1842;1791
25715;1576;1640;1491;1803;1777
25755;1744;1712;1497;1764;1855
25795;2068;1813;1591;1758;1904
25835;2230;1868;1640;1774;1821
25865;2182;1882;1626;1851;1803
25905;1960;1841;1547;1813;1765
25945;1873;1830;1500;1759;1829
25985;2030;1872;1524;1813;1821
26015;2141;1893;1559;1796;1803
26055;1956;1885;1503;1869;1758
26095;1719;1834;1423;1887;1727
26135;1736;1842;1383;1841;1816
26165;1967;1869;1475;1819;1836
26205;2172;1911;1567;1799;1866
26245;2053;1895;1567;1877;1769
26285;1713;1749;1489;1910;1761
26315;1547;1704;1433;1907;1733
26375;1738;1791;1453;1818;1840
26415;2020;1841;1541;1835;1798
26475;1776;1811;1480;1921;1733
26545;1557;1742;1382;1893;1764
26585;1520;1769;1332;1839;1830
26615;1672;1784;1383;1851;1787
26655;1799;1808;1447;1853;1771
26695;1596;1677;1390;1906;1729
26735;1412;1600;1339;1931;1738
26765;1364;1612;1314;1881;1756
26805;1556;1704;1338;1844;1817
26845;1864;1759;1460;1843;1807
26885;1985;1796;1532;1850;1785
26915;1713;1755;1449;1893;1752
26955;1437;1613;1355;1953;1726
26995;1323;1607;1306;1886;1777
27035;1399;1689;1294;1835;1823
27065;1635;1745;1391;1842;1815
27105;1788;1770;1468;1843;1801
27145;1532;1664;1405;1898;1742
27185;1329;1542;1354;1931;1729
27215;1283;1562;1329;1878;1791
27255;1500;1679;1347;1843;1822
27295;1734;1744;1448;1829;1839
27335;1740;1755;1466;1883;1766
27375;1423;1498;1408;1907;1767
27445;1453;1607;1380;1841;1829
27485;1825;1718;1495;1768;1866
27515;2035;1787;1561;1809;1805
27555;1904;1794;1530;1867;1775
27575;1675;1733;1466;1883;1759
27625;1545;1739;1392;1844;1809
27665;1659;1829;1355;1878;1782
27715;1931;1874;1456;1815;1789
27765;1895;1895;1462;1851;1774
27835;1665;1809;1391;1892;1764
27905;1953;1844;1503;1781;1855
27915;2116;1864;1562;1784;1841
27955;2037;1880;1550;1841;1793
28055;1802;1870;1431;1826;1844
28085;1798;1876;1376;1820;1864
28125;1976;1879;1451;1830;1823
28165;1952;1882;1489;1829;1813
28205;1701;1800;1419;1896;1750
28235;1555;1757;1373;1901;1748
28275;1672;1818;1357;1826;1862
28305;1920;1866;1448;1815;1866
28345;2119;1896;1537;1817;1833
28385;1938;1887;1473;1882;1803
28415;1660;1806;1385;1931;1753
28455;1520;1771;1325;1865;1799
28495;1506;1800;1295;1810;1862
28535;1697;1828;1373;1805;1855
28565;1948;1854;1477;1810;1846
28605;1908;1871;1483;1836;1832
28645;1635;1761;1400;1897;1751
28685;1535;1762;1354;1877;1778
28715;1639;1824;1330;1829;1854
28755;1820;1868;1420;1842;1844
28795;1854;1892;1449;1876;1787
28835;1593;1761;1389;1908;1757
28865;1473;1706;1354;1924;1751
28905;1619;1782;1352;1847;1836
28945;1958;1847;1482;1824;1858
28985;2066;1886;1539;1854;1795
29015;1783;1846;1453;1944;1739
29055;1542;1734;1368;1955;1733
29095;1493;1763;1324;1866;1811
29135;1641;1814;1332;1841;1843
29165;1839;1850;1432;1852;1793
29205;2028;1870;1510;1874;1776
29245;1724;1737;1454;1949;1748
29285;1496;1655;1384;1956;1725
29315;1451;1692;1345;1872;1808
29355;1623;1781;1342;1856;1847
29395;1909;1846;1450;1844;1799
29435;1907;1850;1480;1895;1793
29465;1624;1725;1421;1944;1748
29505;1458;1663;1366;1937;1730
29545;1523;1746;1339;1843;1834
29585;1768;1812;1429;1795;1853
29615;2030;1844;1522;1797;1821
29655;1979;1851;1530;1848;1782
29695;1705;1799;1436;1877;1774
29735;1578;1795;1376;1863;1764
29765;1581;1853;1347;1831;1831
29805;1756;1898;1387;1770;1872
29825;2003;1923;1477;1784;1834
29845;2189;1943;1556;1773;1891
29885;2244;1954;1598;1821;1779
29915;2022;1948;1508;1892;1786
29955;1765;1914;1403;1908;1744
29995;1648;1914;1349;1814;1855
30035;1721;1923;1332;1766;1886
30065;1937;1934;1416;1782;1837
30105;2118;1941;1516;1774;1853
30145;2004;1945;1503;1825;1826
30185;1690;1850;1410;1916;1744
30215;1534;1803;1348;1870;1771
30255;1509;1830;1317;1789;1859
30295;1729;1873;1400;1763;1855
30335;2032;1901;1524;1747;1861
30365;2185;1917;1590;1780;1833
30405;1975;1915;1504;1824;1831
30445;1735;1914;1386;1851;1761
30485;1609;1915;1320;1774;1861
30515;1562;1915;1287;1740;1875
30555;1694;1916;1309;1758;1850
30595;1986;1916;1457;1734;1851
30635;2160;1922;1555;1748;1862
30665;2131;1925;1559;1775;1840
30705;1869;1927;1434;1820;1786
30745;1688;1929;1346;1789;1843
30785;1635;1929;1303;1722;1869
30815;1690;1930;1282;1729;1864
30855;1848;1931;1397;1705;1875
30895;2079;1940;1514;1691;1883
30935;2103;1945;1543;1713;1863
30965;1935;1948;1443;1713;1867
31005;1776;1951;1351;1718;1854
31045;1717;1961;1304;1700;1887
31085;1756;1966;1283;1705;1888
31115;1860;1969;1355;1710;1868
31145;2056;1971;1460;1708;1868
31155;2153;1972;1517;1705;1877
31195;2000;1972;1481;1732;1865
31235;1798;1973;1378;1769;1830
31265;1690;1973;1320;1745;1855
31305;1717;1973;1291;1712;1882
31345;1822;1973;1338;1719;1869
31385;2011;1973;1430;1715;1865
31415;1952;1973;1447;1755;1841
31455;1774;1953;1387;1837;1794
31495;1732;1940;1353;1787;1835
31535;1836;1934;1402;1727;1886
31565;2058;1943;1501;1734;1876
31605;2140;1955;1558;1755;1852
31645;1869;1934;1451;1863;1767
31685;1620;1840;1379;1871;1770
31715;1516;1797;1344;1805;1825
31755;1646;1823;1357;1763;1852
31795;1921;1840;1471;1751;1855
31835;1873;1850;1486;1799;1829
31865;1583;1712;1420;1835;1801
31905;1400;1643;1356;1851;1758
31945;1385;1700;1320;1795;1858
31985;1564;1796;1321;1760;1874
32015;1740;1846;1399;1750;1871
32055;1780;1857;1437;1780;1849
32095;1478;1672;1379;1836;1786
32135;1278;1534;1339;1838;1765
32165;1282;1591;1319;1805;1828
32205;1527;1748;1346;1763;1865
32245;1725;1828;1419;1746;1834
32285;1627;1844;1399;1845;1770
32315;1471;1628;1341;1840;1784
32355;1394;1675;1300;1815;1838
32395;1442;1779;1279;1777;1864
32435;1643;1840;1338;1762;1863
32465;1793;1871;1420;1774;1858
32505;1659;1769;1461;1820;1804
32545;1363;1471;1446;1853;1810
32585;1243;1415;1427;1832;1773
32615;1312;1532;1416;1805;1855
32655;1619;1707;1462;1758;1885
32695;1821;1793;1519;1795;1842
32735;1618;1684;1500;1830;1806
32765;1322;1414;1449;1843;1814
32805;1215;1410;1398;1829;1780
32845;1339;1605;1370;1819;1835
32885;1625;1757;1424;1774;1878
32915;1826;1834;1499;1769;1843
32955;1812;1760;1542;1819;1809
32995;1439;1441;1483;1854;1816
33035;1300;1462;1403;1841;1781
33065;1360;1618;1361;1822;1837
33105;1643;1771;1414;1767;1863
33145;1943;1847;1515;1757;1838
33185;1884;1782;1544;1828;1801
33215;1556;1579;1500;1853;1822
33255;1393;1546;1411;1851;1761
33295;1412;1657;1364;1830;1859
33335;1591;1744;1373;1774;1867
33365;1781;1789;1466;1792;1845
33405;1799;1743;1519;1808;1829
33445;1416;1451;1480;1857;1824
33485;1267;1428;1414;1846;1773
33515;1339;1577;1379;1823;1848
33555;1637;1728;1432;1761;1881
33595;1905;1805;1503;1776;1837
33635;1716;1795;1463;1835;1771
33665;1516;1711;1399;1831;1802
33705;1459;1737;1355;1802;1838
33745;1600;1823;1333;1822;1851
33775;1770;1872;1394;1760;1856
33785;1887;1896;1454;1768;1828
33815;2065;1908;1533;1772;1828
33855;1995;1911;1547;1855;1767
33895;1763;1862;1473;1852;1823
33935;1670;1842;1423;1811;1841
33965;1746;1861;1401;1781;1878
34005;2006;1895;1509;1816;1809
34045;2182;1932;1589;1786;1880
34085;2072;1907;1588;1816;1816
34115;1737;1754;1530;1852;1780
34155;1548;1681;1478;1845;1788
34185;1644;1770;1451;1827;1826
34225;1957;1847;1525;1820;1868
34265;2168;1905;1594;1796;1941
34305;2209;1934;1631;1784;1837
34345;1812;1768;1545;1848;1745
34385;1524;1640;1445;1849;1784
34415;1453;1693;1384;1853;1792
34455;1599;1786;1353;1808;1855
34495;1763;1833;1417;1782;1848
34535;1599;1746;1400;1847;1749
34565;1333;1526;1362;1863;1788
34605;1201;1463;1320;1869;1741
34645;1219;1531;1296;1832;1850
34685;1374;1673;1306;1807;1850
34715;1616;1753;1399;1790;1858
34755;1694;1777;1449;1810;1829
34795;1409;1569;1395;1850;1800
34835;1262;1511;1345;1865;1749
34865;1255;1565;1320;1833;1834
34905;1377;1688;1316;1802;1863
34945;1600;1774;1379;1789;1834
34985;1501;1754;1350;1827;1811
35015;1299;1581;1314;1847;1806
35055;1194;1514;1288;1858;1755
35095;1246;1579;1275;1790;1848
35135;1522;1658;1379;1769;1864
35165;1759;1707;1497;1750;1871
35205;1801;1702;1556;1808;1832
35245;1425;1410;1484;1858;1811
35285;1214;1356;1391;1853;1726
35315;1204;1462;1336;1841;1843
35355;1366;1635;1327;1754;1899
35395;1775;1737;1469;1743;1853
35435;2015;1797;1555;1767;1848
35465;1926;1809;1539;1809;1836
35535;1700;1844;1428;1780;1866
35575;1779;1933;1373;1825;1852
35615;2057;1978;1482;1765;1858
35655;2244;2061;1570;1757;2210
35695;2198;2101;1563;1792;1846
35735;2015;2122;1458;1815;1816
35765;1920;2134;1391;1806;1813
35805;1903;2141;1358;1771;1881
35845;2095;2144;1458;1789;1837
35885;2244;2144;1552;1767;1992
35915;2265;2143;1595;1812;1823
35955;2005;2012;1498;1821;1859
35995;1850;1978;1408;1815;1841
36035;1826;1994;1363;1799;1889
36065;1901;2002;1399;1778;1872
36105;2140;2007;1521;1799;1897
36145;2221;2008;1584;1817;1818
36185;1997;1973;1482;1834;1852
36215;1809;1952;1387;1838;1805
36255;1783;1992;1336;1870;1825
36295;1837;2064;1331;1781;1887
36335;2088;2099;1465;1794;1970
36365;2232;2116;1548;1810;1893
36405;2084;2119;1518;1839;1814
36445;1871;2017;1420;1839;1794
36485;1800;1999;1363;1828;1848
36525;1826;2068;1334;1834;1873
36565;2047;2113;1438;1838;1808
36605;2212;2135;1531;1819;1873
36635;2199;2141;1553;1836;1841
36675;1838;1971;1447;1882;1772
36715;1619;1882;1353;1890;1750
36755;1546;1893;1306;1912;1846
36785;1595;1906;1282;1830;1893
36825;1795;1916;1392;1857;1836
36865;1956;1883;1473;1842;1833
36895;1663;1696;1457;1898;1773
36935;1420;1558;1383;1897;1752
36965;1332;1594;1330;1912;1784
37005;1379;1696;1303;1845;1890
37045;1601;1788;1360;1850;1834
37085;1765;1824;1431;1831;1863
37115;1606;1725;1424;1880;1797
37155;1375;1561;1357;1893;1813
37195;1306;1596;1310;1884;1829
37235;1377;1702;1287;1862;1894
37265;1549;1778;1326;1848;1870
37305;1687;1803;1377;1835;1870
37345;1431;1616;1361;1876;1820
37385;1261;1496;1324;1876;1770
37415;1225;1533;1303;1858;1858
37455;1339;1645;1292;1847;1887
37495;1600;1712;1403;1826;1874
37535;1546;1643;1464;1849;1829
37565;1305;1415;1441;1875;1825
37605;1152;1322;1392;1875;1767
37645;1178;1425;1360;1840;1862
37685;1336;1554;1377;1800;1899
37725;1554;1617;1440;1812;1852
37765;1371;1547;1382;1864;1836
37805;1235;1485;1326;1864;1826
37835;1207;1536;1296;1866;1838
37875;1315;1670;1281;1859;1886
37915;1571;1749;1373;1823;1885
37955;1709;1758;1447;1841;1852
37985;1491;1618;1428;1852;1863
38025;1351;1560;1354;1866;1813
38065;1396;1681;1314;1883;1852
38105;1620;1799;1341;1810;1908
38135;1931;1858;1464;1814;1860
38175;2091;1877;1543;1826;1873
38215;1748;1728;1494;1867;1855
38255;1504;1661;1387;1877;1772
38285;1455;1737;1326;1880;1852
38325;1607;1830;1303;1839;1927
38365;1926;1877;1444;1817;1853
38495;1633;1443;1355;1849;1799
38535;1551;1673;1308;1885;1886
38575;1679;1811;1312;1795;1909
38615;1998;1883;1465;1816;1854
38655;2142;1883;1559;1815;1854
38695;1760;1674;1521;1849;1849
38735;1528;1646;1418;1863;1787
38775;1563;1803;1352;1916;1837
38815;1738;1883;1374;1809;1891
38855;2067;1925;1512;1830;1985
38885;2212;1947;1585;1825;1804
38925;1969;1836;1530;1839;1827
38965;1703;1803;1413;1816;1821
39005;1654;1894;1347;1872;1825
39035;1725;1939;1314;1788;1891
39075;1987;1963;1437;1843;1803
39115;2142;1946;1529;1818;1829
39145;1930;1807;1519;1846;1819
39185;1586;1656;1418;1844;1816
39215;1441;1667;1341;1871;1816
39245;1434;1758;1303;1859;1867
39285;1599;1836;1310;1801;1895
39325;1920;1876;1456;1819;1862
39375;1896;1774;1525;1832;1862
39405;1565;1577;1477;1840;1839
39415;1355;1444;1425;1845;1846
39455;1235;1479;1334;1859;1782
39485;1242;1584;1284;1867;1844
39525;1328;1684;1260;1794;1880
39565;1575;1740;1362;1788;1878
39605;1749;1748;1453;1773;1872
39635;1576;1617;1493;1811;1821
39665;1311;1418;1439;1826;1860
39705;1156;1362;1350;1793;1821
39745;1158;1459;1300;1799;1846
39785;1238;1531;1298;1767;1901
39815;1374;1547;1400;1788;1863
39855;1507;1473;1499;1780;1867
39895;1277;1307;1484;1821;1851
39935;1119;1230;1386;1797;1827
39965;1089;1327;1325;1801;1856
39995;1156;1460;1294;1826;1826
40035;1323;1543;1363;1778;1893
40075;1607;1582;1492;1765;1914
40125;1505;1491;1553;1819;1821
40195;1286;1411;1448;1809;1844
40235;1324;1566;1383;1830;1844
40265;1522;1675;1390;1774;1927
40305;1849;1743;1502;1766;1854
40345;2034;1781;1571;1781;1850
40375;1999;1796;1605;1865;1858
40415;1723;1684;1582;1895;1829
40455;1562;1633;1519;1843;1827
40495;1548;1728;1451;1822;1845
40535;1742;1807;1460;1818;1908
40575;2033;1847;1559;1821;1801
40645;1962;1722;1631;1940;1768
40685;1581;1481;1566;1924;1809
40715;1382;1474;1446;1900;1801
40745;1352;1563;1363;1946;1800
40785;1422;1720;1321;1855;1886
40825;1639;1793;1370;1858;1838
40865;1857;1834;1473;1851;1837
40905;1877;1813;1530;1947;1797
40945;1618;1644;1531;1956;1813
40985;1474;1583;1495;1848;1798
41025;1595;1691;1470;1880;1812
41065;1885;1787;1522;1874;1839
41105;2043;1809;1571;1874;1797
41135;1746;1665;1546;1919;1761
41175;1441;1527;1432;1932;1781
41215;1335;1549;1347;1899;1834
41255;1339;1590;1304;1875;1876
41285;1408;1668;1288;1853;1884
41325;1636;1709;1402;1837;1863
41365;1766;1695;1494;1831;1866
41405;1458;1476;1487;1872;1839
41435;1240;1351;1405;1866;1809
41465;1156;1378;1334;1864;1820
41495;1190;1505;1296;1900;1837
41535;1306;1636;1278;1833;1887
41575;1562;1705;1385;1811;1877
41625;1735;1692;1498;1817;1866
41655;1547;1549;1527;1844;1824
41665;1375;1425;1514;1856;1826
41705;1209;1345;1415;1841;1798
41735;1153;1409;1338;1829;1847
41775;1202;1537;1298;1900;1835
41815;1338;1659;1286;1804;1892
41855;1611;1723;1404;1793;1876
41885;1792;1756;1508;1805;1866
41925;1646;1645;1546;1882;1800
41955;1383;1453;1487;1898;1823
41995;1250;1464;1381;1877;1800
42035;1248;1568;1313;1897;1853
42075;1307;1664;1279;1829;1887
42115;1477;1732;1318;1830;1869
42155;1713;1762;1448;1833;1859
42185;1827;1728;1532;1848;1839
42225;1562;1533;1538;1897;1829
42255;1342;1410;1466;1882;1826
42295;1267;1444;1373;1881;1804
42335;1286;1567;1324;1869;1849
42375;1379;1683;1300;1843;1860
42415;1632;1741;1407;1819;1877
42455;1896;1765;1519;1821;1856
42485;1908;1696;1581;1853;1830
42525;1556;1490;1543;1870;1829
42565;1316;1401;1430;1863;1823
42605;1257;1501;1350;1872;1833
42675;1376;1609;1356;1816;1877
42715;1648;1667;1478;1817;1873
42755;1792;1645;1565;1842;1852
42785;1603;1501;1592;1886;1810
42825;1303;1298;1509;1936;1796
42895;1226;1389;1384;1887;1844
42935;1283;1532;1322;1842;1902
42975;1555;1647;1406;1850;1848
43025;1887;1709;1532;1801;1885
43065;2008;1738;1596;1832;1839
43125;1724;1752;1453;1868;1832
43175;1571;1785;1348;1867;1886
43215;1532;1834;1295;1838;1865
43265;1686;1860;1336;1829;1868
43305;1968;1873;1475;1822;1863
43345;2139;1878;1572;1845;1833
43375;2210;1849;1625;1862;1824
43385;2204;1816;1650;1858;1835
43415;1874;1703;1596;1875;1843
43455;1605;1676;1455;1894;1776
43495;1487;1703;1351;1930;1840
43535;1449;1759;1299;1858;1892
43575;1480;1788;1279;1845;1875
43615;1741;1804;1419;1848;1875
43655;2001;1811;1540;1844;1865
43685;2131;1811;1605;1865;1828
43725;1826;1723;1543;1885;1833
43765;1610;1744;1403;1876;1796
43795;1508;1773;1321;1959;1830
43835;1468;1821;1280;1867;1895
43865;1487;1847;1260;1846;1896
43905;1704;1859;1370;1872;1871
43945;1986;1866;1504;1878;1846
43985;2135;1852;1585;1886;1824
44025;1937;1746;1560;1888;1865
44065;1651;1710;1427;1878;1847
44105;1506;1730;1328;1953;1825
44125;1434;1741;1277;1870;1905
44215;1598;1755;1346;1834;1885
44255;1809;1745;1483;1842;1867
44295;2005;1741;1572;1865;1839
44365;1928;1710;1593;1868;1857
44405;1646;1664;1473;1852;1865
44435;1515;1715;1365;1860;1837
44475;1476;1765;1304;1817;1906
44515;1492;1813;1274;1791;1894
44545;1642;1836;1314;1820;1870
44585;1918;1846;1453;1815;1858
44615;2092;1850;1550;1825;1838
44655;2167;1836;1603;1848;1828
44695;1967;1817;1528;1831;1879
44735;1773;1871;1395;1909;1828
44775;1649;1897;1312;1794;1949
44815;1613;1924;1271;1781;1896
44855;1693;1939;1274;1760;1909
44885;1827;1944;1366;1767;1911
44915;2021;1930;1474;1790;1873
44955;2137;1921;1544;1809;1853
44995;1994;1918;1515;1810;1888
45035;1759;1917;1398;1844;1835
45065;1633;1917;1328;1833;1871
45105;1568;1916;1292;1777;1908
45145;1577;1916;1274;1789;1883
45185;1736;1915;1345;1783;1900
45225;1985;1897;1480;1790;1870
45265;2121;1888;1564;1819;1850
45295;2191;1883;1605;1852;1828
45335;1967;1880;1507;1850;1866
45365;1736;1881;1403;1924;1806
45405;1607;1881;1333;1835;1905
45445;1546;1881;1299;1815;1876
45485;1540;1856;1289;1831;1865
45525;1697;1767;1411;1796;1883
45565;1834;1718;1517;1806;1876
45605;1770;1673;1542;1821;1837
45635;1535;1638;1431;1818;1873
45665;1380;1631;1326;1817;1848
45705;1290;1627;1273;1796;1897
45745;1246;1616;1246;1809;1863
45785;1260;1582;1262;1819;1842
45825;1351;1536;1373;1836;1845
45865;1470;1515;1475;1812;1877
45905;1388;1500;1465;1812;1868
45935;1284;1499;1371;1809;1895
45975;1231;1543;1297;1833;1851
46015;1207;1566;1260;1782;1908
46045;1202;1577;1241;1818;1858
46075;1237;1569;1262;1840;1827
46085;1283;1552;1308;1843;1824
46125;1513;1536;1442;1846;1836
46165;1710;1535;1543;1844;1837
46205;1940;1587;1610;1897;1784
46235;2077;1636;1646;1821;1866
46275;2155;1648;1665;1819;1852
46315;2191;1664;1674;1837;1828
46355;2097;1683;1679;1837;1832
46385;1938;1691;1629;1830;1855
46415;1680;1696;1502;1842;1833
46455;1503;1685;1380;1874;1826
46495;1410;1679;1311;1792;1893
46535;1387;1713;1277;1792;1873
46565;1420;1731;1268;1812;1864
46605;1654;1737;1390;1819;1866
46645;1941;1740;1518;1807;1877
46675;2112;1752;1600;1839;1866
46685;2208;1762;1643;1850;1843
46715;2271;1785;1666;1887;1832
46755;2304;1798;1680;1855;1843
46785;2248;1804;1688;1839;1865
46825;1882;1794;1558;1853;1834
46865;1590;1739;1418;1875;1817
46905;1435;1713;1330;1868;1858
46945;1357;1702;1285;1856;1883
46985;1337;1696;1263;1863;1864
47025;1414;1692;1309;1866;1866
47065;1671;1686;1458;1877;1850
47105;1922;1682;1564;1862;1867
47135;2058;1679;1624;1878;1831
47165;2125;1682;1656;1894;1787
47205;1797;1684;1537;1893;1807
47245;1549;1685;1392;1941;1831
47325;1424;1687;1309;1898;1847
47365;1382;1686;1267;1871;1866
47395;1428;1686;1293;1880;1833
47435;1673;1686;1436;1873;1847
47455;1880;1685;1537;1842;1876
47525;1887;1600;1565;1866;1858
47565;1681;1688;1431;1954;1776
47605;1549;1741;1332;1862;1907
47655;1481;1767;1279;1834;1883
47695;1474;1774;1252;1882;1839
47735;1684;1748;1375;1877;1848
47765;1964;1736;1511;1866;1809
47805;2145;1749;1603;1899;1851
47845;2268;1779;1657;1927;2017
47865;2332;1794;1683;1903;2070
47925;2372;1799;1700;1870;2087
47965;2393;1802;1709;1877;2116
48035;2273;1803;1647;1858;1853
48065;2007;1809;1496;1917;1814
48105;1741;1832;1360;1897;1804
48145;1607;1842;1283;1825;1918
48185;1542;1863;1245;1825;1887
48225;1520;1873;1227;1827;1869
48265;1680;1876;1313;1841;1860
48295;1930;1856;1447;1848;1849
48335;2139;1850;1565;1824;1925
48375;2289;1853;1635;1873;2220
48415;2367;1854;1673;1903;2302
48455;2407;1854;1694;1881;2012
48485;2288;1854;1644;1836;1823
48525;1905;1854;1465;1900;1764
48565;1676;1855;1335;1955;1748
48605;1553;1857;1269;1907;1849
48635;1492;1857;1235;1883;1827
48675;1462;1858;1219;1878;1826
48715;1480;1856;1221;1888;1819
48755;1684;1833;1352;1897;1809
48785;1969;1821;1496;1849;1837
48825;2175;1814;1600;1852;1934
48865;2291;1814;1655;1881;2064
48905;2313;1816;1683;1890;1743
48935;2059;1816;1571;1918;1763
48975;1739;1809;1404;1980;1745
49015;1535;1806;1294;1946;1772
49055;1423;1800;1238;1952;1780
49085;1368;1794;1210;1940;1772
49125;1342;1754;1196;1920;1796
49165;1396;1682;1281;1892;1806
49205;1631;1630;1445;1889;1819
49235;1816;1602;1560;1843;1868
49275;2024;1615;1633;1894;1795
49315;2103;1630;1671;1884;1804
49355;1767;1629;1546;1903;1787
49385;1506;1603;1407;1884;1800
49425;1345;1602;1307;1883;1813
49465;1264;1602;1256;1855;1873
49505;1233;1602;1230;1864;1849
49535;1237;1602;1217;1871;1836
49575;1358;1604;1312;1893;1808
49615;1668;1606;1471;1899;1784
49655;1954;1630;1577;1914;1767
49685;2101;1651;1635;1926;1762
49725;1788;1620;1547;1929;1763
49755;1544;1616;1409;1921;1759
49765;1419;1624;1325;1911;1763
49805;1334;1644;1262;1884;1855
49835;1291;1654;1227;1859;1896
49875;1279;1668;1211;1872;1844
49905;1301;1677;1202;1859;1851
49915;1326;1682;1199;1854;1866
49955;1535;1685;1295;1865;1847
49985;1842;1639;1455;1874;1837
50025;2087;1704;1573;1864;1867
50065;2208;1737;1635;1898;1786
50105;1973;1756;1531;1894;1798
50135;1711;1765;1401;1880;1817
50175;1550;1771;1313;1902;1841
50215;1471;1773;1270;1879;1864
50255;1433;1773;1249;1879;1841
50285;1489;1767;1287;1879;1841
50325;1829;1748;1452;1874;1834
50365;2095;1772;1574;1888;1887
50405;2246;1797;1637;1964;2037
50435;2326;1809;1668;1983;2021
50465;2364;1816;1684;1929;1763
50495;2144;1819;1606;1881;1819
50505;1968;1820;1518;1888;1809
50545;1699;1821;1374;1964;1754
50585;1540;1820;1282;1878;1866
50625;1461;1816;1234;1857;1906
50665;1421;1816;1210;1862;1861
50705;1442;1813;1217;1867;1872
50735;1606;1798;1311;1891;1822
50775;1855;1772;1462;1884;1854
50815;2030;1760;1552;1876;1851
50855;1908;1754;1520;1861;1872
50885;1702;1771;1402;1880;1816
50915;1567;1801;1311;1894;1818
50955;1473;1815;1252;1911;1867
50995;1422;1823;1223;1931;1825
51035;1396;1828;1205;1869;1864
51065;1401;1826;1197;1867;1862
51105;1551;1774;1296;1877;1801
51145;1764;1713;1450;1901;1798
51175;1974;1682;1554;1882;1824
51185;2083;1662;1608;1875;1821
51225;2138;1680;1640;1859;1810
51265;1946;1688;1581;1860;1822
51305;1663;1716;1420;1835;1846
51335;1514;1744;1314;1934;1751
51375;1425;1758;1257;1828;1913
51415;1381;1766;1227;1852;1848
51455;1365;1769;1211;1860;1833
51485;1393;1771;1204;1865;1849
51515;1523;1772;1267;1878;1833
51555;1742;1758;1418;1877;1823
51595;1992;1753;1540;1855;1861
51635;2166;1769;1618;1886;1845
51675;2250;1778;1659;1884;1826
51715;2245;1782;1680;1889;1798
51755;1921;1784;1531;1847;1869
51785;1674;1786;1391;1923;1787
51825;1522;1789;1299;1875;1860
51865;1445;1790;1249;1870;1874
51905;1406;1789;1223;1857;1862
51935;1393;1790;1211;1867;1858
51975;1500;1781;1276;1880;1846
52015;1751;1754;1434;1891;1832
52055;2010;1740;1558;1860;1864
52085;2148;1743;1621;1878;1846
52125;2028;1745;1598;1877;1853
52165;1748;1749;1442;1891;1796
52205;1576;1769;1326;1909;1839
52235;1482;1778;1266;1898;1865
52275;1437;1784;1237;1881;1825
52315;1441;1787;1223;1885;1843
52355;1642;1779;1336;1900;1827
52385;1945;1776;1485;1919;1770
52425;2165;1787;1594;1940;2009
52465;2298;1799;1652;1991;2145
52505;2341;1805;1682;1945;1742
52535;2126;1807;1598;1934;1763
52575;1827;1819;1439;1852;1856
52615;1649;1837;1331;1827;1875
52655;1561;1847;1276;1830;1882
52685;1521;1856;1249;1862;1840
52715;1632;1861;1274;1888;1835
52755;1906;1842;1421;1905;1806
52795;2104;1829;1539;1916;1793
52835;2031;1816;1564;1956;1776
52875;1816;1810;1444;1985;1779
52915;1640;1808;1346;1915;1852
52955;1555;1807;1294;1888;1858
52985;1514;1808;1268;1885;1847
53025;1625;1806;1297;1906;1826
53065;1802;1773;1432;1943;1781
53105;1989;1752;1524;1985;1746
53135;1904;1727;1528;1960;1761
53175;1666;1725;1405;1960;1758
53215;1519;1726;1319;1918;1844
53255;1446;1727;1275;1876;1858
53285;1421;1739;1254;1896;1814
53325;1472;1745;1287;1910;1813
53365;1711;1713;1428;1959;1763
53395;1955;1698;1540;1949;1775
53435;2047;1670;1600;1947;1774
53475;1720;1590;1506;1981;1757
53515;1501;1596;1377;1933;1785
53555;1392;1614;1300;1919;1852
53585;1341;1645;1262;1891;1850
53625;1324;1667;1242;1940;1789
53665;1409;1673;1290;1953;1765
53705;1653;1655;1433;1977;1763
53735;1799;1646;1521;1994;1740
53775;1645;1621;1503;1996;1754
53815;1506;1642;1389;1978;1764
53855;1415;1662;1308;1899;1877
53885;1369;1674;1267;1890;1841
53925;1348;1681;1247;1887;1845
53965;1365;1685;1236;1899;1816
54005;1560;1651;1359;1962;1766
54035;1755;1634;1487;1982;1760
54075;1944;1631;1569;1987;1759
54115;1890;1622;1590;2001;1764
54155;1634;1619;1467;2014;1745
54185;1467;1622;1360;1966;1762
54225;1372;1626;1294;1954;1796
54265;1326;1628;1261;1909;1852
54305;1321;1631;1245;1945;1779
54335;1368;1632;1271;1966;1771
54375;1596;1612;1405;2024;1753
54415;1782;1602;1517;2030;1747
54455;1645;1549;1526;2012;1756
54485;1481;1535;1431;1968;1761
54525;1391;1600;1331;1912;1826
54565;1346;1637;1280;1866;1902
54605;1341;1657;1254;1871;1865
54635;1398;1653;1267;1903;1812
54665;1586;1631;1373;1927;1785
54705;1789;1617;1500;1968;1754
54745;1862;1610;1568;1965;1770
54785;1636;1581;1497;1957;1771
54825;1473;1605;1380;1915;1825
54865;1389;1627;1310;1858;1881
54905;1347;1640;1276;1861;1866
54975;1439;1638;1343;1929;1764
55015;1672;1631;1467;1944;1774
55055;1846;1627;1563;1904;1832
55085;1925;1625;1610;1916;1826
55125;1700;1606;1542;1916;1813
55165;1486;1586;1417;1942;1752
55205;1365;1587;1327;1852;1870
55235;1321;1611;1281;1834;1876
55275;1332;1623;1259;1883;1816
55315;1480;1629;1336;1912;1776
55355;1736;1633;1475;1937;1780
55385;1959;1635;1562;1954;1758
55425;1907;1632;1588;2017;1743
55455;1679;1631;1492;2031;1743
55495;1498;1631;1387;1977;1758
55535;1396;1632;1323;1919;1817
55565;1346;1633;1292;1860;1864
55605;1345;1634;1277;1855;1873
55645;1552;1633;1381;1838;1889
55685;1789;1633;1516;1859;1866
55725;1841;1572;1588;1862;1852
55765;1560;1455;1528;1878;1846
55805;1401;1487;1407;1852;1845
55835;1358;1566;1335;1821;1869
55875;1390;1624;1300;1738;1921
55915;1590;1654;1375;1751;1902
55955;1885;1668;1504;1745;1882
55985;2033;1675;1574;1775;1863
56025;1788;1598;1560;1779;1845
56065;1530;1548;1445;1794;1844
56105;1434;1609;1354;1784;1836
56135;1432;1686;1308;1774;1864
56175;1529;1725;1302;1731;1931
56205;1745;1744;1402;1746;1856
56245;2023;1754;1531;1752;1826
56285;2014;1737;1590;1775;1853
56325;1672;1599;1509;1793;1862
56365;1465;1517;1397;1787;1820
56405;1400;1579;1331;1763;1889
56435;1390;1651;1297;1728;1956
56475;1553;1687;1352;1734;1940
56515;1755;1704;1466;1753;1838
56555;1760;1680;1510;1773;1851
56585;1537;1601;1443;1776;1856
56625;1382;1566;1352;1781;1826
56665;1326;1600;1299;1781;1849
56705;1315;1616;1272;1745;1889
56735;1374;1623;1298;1765;1871
56775;1597;1627;1428;1798;1823
56815;1686;1571;1507;1777;1875
56855;1423;1438;1465;1804;1855
56885;1218;1336;1381;1804;1834
56925;1122;1359;1315;1780;1856
56955;1113;1411;1280;1774;1893
56995;1193;1452;1286;1736;1929
57035;1462;1481;1422;1774;1890
57075;1647;1492;1522;1774;1915
57115;1455;1394;1523;1778;1859
57155;1201;1260;1432;1839;1856
57185;1070;1204;1346;1762;1871
57225;1069;1311;1291;1796;1877
57255;1132;1418;1264;1758;1941
57295;1308;1523;1320;1744;1954
57325;1601;1596;1434;1764;1939
57365;1788;1639;1519;1743;1919
57405;1654;1662;1478;1744;1940
57445;1527;1702;1370;1731;1972
57475;1470;1735;1307;1726;1920
57485;1447;1770;1275;1734;1971
57525;1480;1829;1260;1712;1954
57565;1647;1856;1288;1733;1973
57605;1949;1871;1432;1732;1824
57635;2136;1879;1534;1742;1832
57675;2229;1866;1595;1817;1773
57705;2046;1775;1601;1812;1831
57745;1658;1587;1508;1863;1830
57785;1478;1603;1392;1859;1766
57825;1435;1675;1327;1788;1887
57865;1467;1730;1294;1790;1879
57905;1691;1758;1386;1838;1829
57935;1948;1772;1500;1865;1769
57975;1937;1725;1560;1860;1827
58015;1650;1616;1489;1872;1812
58055;1501;1634;1387;1817;1833
58085;1459;1691;1333;1834;1854
58125;1478;1742;1308;1812;1863
58165;1684;1767;1369;1835;1831
58205;1960;1780;1499;1850;1803
58235;2080;1752;1568;1853;1788
58275;1791;1661;1539;1858;1817
58315;1531;1552;1416;1895;1779
58355;1408;1580;1337;1851;1835
58385;1353;1631;1296;1826;1834
58425;1364;1657;1276;1824;1840
58465;1559;1672;1349;1829;1836
58505;1799;1675;1484;1847;1805
58535;1982;1677;1567;1848;1806
58575;1911;1625;1600;1863;1826
58615;1641;1541;1513;1855;1828
58655;1503;1601;1395;1862;1822
58685;1437;1636;1328;1841;1850
58725;1408;1695;1294;1847;1830
58755;1426;1725;1278;1842;1831
58795;1597;1739;1354;1834;1845
58825;1766;1734;1458;1837;1847
58865;1871;1729;1537;1847;1854
58905;1767;1662;1548;1829;1846
58985;1549;1668;1405;1853;1819
59025;1467;1695;1333;1818;1848
59065;1471;1711;1297;1845;1833
59105;1658;1697;1398;1840;1837
59135;1825;1682;1506;1848;1836
59175;1914;1672;1569;1862;1818
59215;1721;1599;1566;1846;1846
59255;1543;1614;1445;1856;1809
59285;1439;1649;1352;1829;1864
59325;1401;1688;1299;1815;1844
59365;1405;1723;1274;1822;1849
59405;1465;1720;1308;1827;1849
59435;1679;1695;1417;1849;1851
59475;1928;1685;1532;1864;1780
59515;2068;1675;1609;1930;1752
59555;2027;1636;1648;1904;1791
59585;1764;1554;1614;1877;1824
59625;1535;1568;1465;1847;1837
59665;1434;1626;1348;1876;1812
59705;1406;1689;1287;1804;1857
59735;1415;1722;1257;1839;1831
59775;1592;1738;1322;1859;1826
59815;1906;1731;1471;1892;1756
59855;2093;1729;1583;1884;1776
59885;2204;1727;1646;1898;1771
59925;2261;1726;1681;1917;1753
59965;2204;1701;1688;1917;1798
60005;1844;1651;1575;1890;1812
60035;1641;1694;1437;1840;1837
60075;1530;1733;1337;1810;1876
60115;1493;1771;1288;1793;1853
60155;1503;1791;1263;1833;1836
60185;1664;1794;1331;1839;1831
60225;1945;1772;1482;1900;1776
60265;2131;1762;1591;1894;1767
60305;2225;1756;1654;1883;1780
60335;2276;1748;1687;1895;1768
60375;2024;1677;1633;1865;1836
60415;1723;1659;1492;1855;1830
60455;1574;1706;1378;1848;1820
60485;1503;1738;1320;1807;1900
60525;1488;1758;1291;1841;1813
60565;1649;1760;1342;1894;1807
60605;1919;1722;1483;1924;1762
60635;2080;1702;1579;1932;1764
60675;2138;1672;1633;1938;1747
60715;1893;1563;1624;1913;1809
60755;1596;1491;1510;1899;1773
60785;1437;1541;1392;1909;1794
60825;1366;1578;1320;1849;1860
60865;1348;1609;1284;1881;1808
60905;1439;1624;1335;1927;1792
60935;1688;1631;1462;1965;1765
60975;1940;1635;1572;1964;1747
61015;1973;1616;1629;1946;1769
61055;1699;1547;1546;1928;1797
61085;1519;1590;1414;1851;1846
61125;1428;1644;1320;1873;1832
61165;1395;1684;1271;1838;1835
61205;1396;1704;1248;1891;1806
61235;1448;1706;1265;1910;1801
61275;1656;1664;1405;1932;1813
61315;1842;1639;1532;1922;1780
61355;1900;1618;1596;1910;1800
61385;1713;1590;1554;1862;1828
61425;1570;1658;1422;1860;1798
61465;1494;1705;1341;1794;1922
61505;1459;1739;1300;1783;1848
61535;1467;1756;1279;1806;1860
61575;1630;1738;1361;1831;1831
61605;1795;1687;1484;1857;1830
61615;1899;1665;1554;1870;1807
61655;2032;1651;1611;1915;1756
61685;2104;1639;1643;1958;1738
61725;1998;1620;1645;1954;1762
61765;1688;1576;1532;2002;1751
61805;1472;1540;1398;1982;1734
61835;1360;1557;1319;1886;1828
61875;1316;1590;1279;1799;1873
61915;1335;1609;1258;1822;1853
61955;1544;1618;1375;1840;1832
61985;1776;1625;1501;1845;1824
62025;1974;1630;1582;1873;1810
62055;1949;1631;1610;1874;1834
62065;1882;1633;1593;1886;1836
62105;1669;1650;1469;1899;1799
62135;1540;1672;1375;1848;1834
62175;1473;1586;1324;1780;1870
62215;1445;1659;1300;1782;1869
62255;1530;1695;1332;1811;1859
62285;1712;1674;1444;1841;1837
62325;1835;1645;1533;1851;1851
62365;1641;1577;1511;1828;1847
62405;1481;1614;1387;1802;1824
62435;1397;1641;1308;1827;1824
62475;1362;1666;1269;1752;1923
62515;1371;1676;1250;1771;1842
62555;1547;1682;1317;1781;1865
62645;1874;1684;1487;1823;1797
62705;1676;1686;1441;1802;1889
62735;1528;1680;1362;1784;1841
62775;1454;1703;1308;1801;1862
62815;1417;1716;1282;1758;1909
62855;1437;1723;1269;1759;1947
62885;1589;1726;1325;1761;1953
62925;1796;1728;1457;1752;1870
62965;2023;1745;1558;1734;1849
63005;2172;1777;1622;1728;1854
63035;2246;1794;1657;1741;1820
63075;2114;1803;1639;1738;1953
63115;1804;1807;1490;1749;1912
63155;1610;1809;1368;1744;1927
63185;1509;1807;1300;1728;1983
63225;1472;1819;1265;1731;1964
63265;1493;1815;1255;1758;1937
63305;1655;1768;1364;1759;1916
63335;1784;1704;1485;1771;1923
63375;1771;1601;1553;1756;1912
63415;1505;1458;1525;1770;1952
63455;1307;1395;1442;1727;1924
63485;1217;1433;1368;1750;1955
63525;1219;1518;1325;1724;1960
63565;1260;1559;1304;1755;1920
63605;1364;1519;1421;1761;1910
63635;1539;1479;1529;1749;1930
63675;1480;1390;1591;1759;1935
63715;1301;1315;1515;1750;1956
63755;1208;1363;1402;1730;1953
63785;1177;1441;1333;1745;1979
63815;1179;1496;1298;1730;2000
63855;1225;1510;1294;1726;1932
63895;1352;1472;1417;1736;1965
63935;1514;1425;1536;1752;2111
63975;1378;1316;1561;1750;2138
64015;1179;1243;1458;1774;2166
64055;1095;1310;1361;1780;2183
64085;1106;1400;1310;1771;2139
64115;1143;1446;1285;1791;2153
64155;1283;1467;1362;1795;2114
64195;1535;1465;1507;1776;2166
64205;1660;1436;1583;1770;2150
64295;1314;1282;1476;1756;2164
64355;1201;1357;1388;1755;2145
64385;1195;1417;1344;1776;2169
64425;1324;1466;1394;1769;2150
64465;1583;1489;1518;1781;2159
64505;1498;1395;1574;1800;2145
64535;1300;1286;1526;1801;2169
64575;1168;1276;1429;1759;2179
64615;1155;1384;1354;1772;2169
64655;1197;1455;1317;1781;2240
64685;1301;1493;1364;1761;2153
64715;1535;1485;1491;1797;2175
64755;1675;1430;1599;1777;2214
64795;1540;1295;1659;1791;2216
64835;1281;1150;1616;1792;2155
64875;1120;1080;1532;1773;2207
64915;1109;1241;1438;1746;2175
64955;1219;1379;1398;1770;2207
64985;1479;1448;1492;1890;2430
65025;1689;1478;1596;1879;2340
65065;1731;1423;1661;1841;2318
65105;1446;1292;1610;1916;2352
65135;1264;1218;1525;1854;2319
65175;1238;1366;1421;1853;2273
65215;1303;1530;1362;1850;2357
65255;1454;1606;1388;1874;2485
65285;1688;1620;1498;1870;2364
65325;1809;1596;1590;1846;2318
65365;1606;1450;1629;1840;2293
65405;1357;1328;1553;1831;2320
65435;1234;1350;1465;1835;2352
65475;1299;1517;1400;1834;2280
65515;1516;1621;1414;1859;2466
19;1849;1673;1535;1778;2143
49;2022;1683;1618;1809;2122
89;1795;1543;1645;1812;2247
129;1463;1357;1565;1845;2261
169;1311;1369;1464;1818;2230
199;1329;1518;1389;1850;2284
229;1401;1643;1352;1823;2386
269;1591;1717;1380;2119;2887
309;1767;1753;1473;2016;2578
349;1774;1698;1529;2042;2674
389;1474;1509;1502;2075;2719
429;1315;1458;1443;2028;2683
469;1341;1573;1387;2004;2540
499;1405;1661;1359;2043;2647
539;1609;1689;1440;2046;2692
579;1719;1632;1528;2024;2663
619;1463;1479;1506;2039;2645
649;1288;1416;1427;2053;2679
689;1263;1507;1347;2016;2557
729;1329;1647;1302;2008;2517
769;1444;1762;1281;2028;2614
799;1623;1819;1320;2103;2653
829;1770;1809;1417;2033;2563
869;1775;1737;1475;2070;2570
909;1510;1586;1446;2062;2573
949;1372;1580;1371;2027;2558
989;1338;1629;1325;2016;2389
1029;1373;1717;1298;2010;2470
1069;1482;1769;1306;2025;2514
1099;1649;1772;1403;2018;2507
1139;1749;1688;1507;2074;2602
1179;1536;1546;1520;2029;2459
1219;1368;1532;1402;2008;2460
1249;1310;1582;1320;2014;2356
1289;1315;1667;1277;1989;2404
1319;1361;1737;1255;2029;2417
1329;1395;1791;1244;2039;2505
1369;1580;1824;1307;2039;2570
1399;1756;1800;1433;1982;2389
1439;1837;1724;1528;2031;2487
1479;1584;1541;1539;2033;2493
1519;1381;1489;1429;2021;2524
1549;1324;1557;1342;1961;2336
1589;1339;1662;1294;2016;2478
1629;1405;1731;1269;2035;2648
1669;1627;1743;1386;2037;2658
1709;1789;1714;1510;1997;2480
1779;1526;1520;1506;2092;2657
1819;1366;1510;1402;1998;2523
1849;1329;1584;1327;1992;2402
1889;1348;1681;1284;2011;2542
1959;1537;1706;1350;2035;2667
1999;1701;1667;1482;2057;2675
2039;1592;1527;1551;2027;2555
2079;1351;1381;1490;2063;2576
2149;1319;1524;1369;1994;2393
2189;1349;1638;1307;2031;2502
2229;1422;1695;1297;2032;2505
2269;1629;1655;1429;2055;2617
2299;1715;1583;1521;2049;2520
2329;1525;1436;1554;2030;2393
2369;1277;1303;1467;2028;2441
2409;1198;1383;1362;2008;2333
2449;1219;1524;1295;2001;2356
2489;1286;1641;1261;2029;2410
2529;1440;1700;1290;2011;2409
2569;1701;1712;1438;1947;2281
2599;1854;1704;1539;1961;2265
2639;1928;1675;1599;1814;2022
2679;1714;1575;1592;1860;2198
2719;1525;1612;1451;1830;2030
2749;1448;1683;1344;1848;2031
2779;1425;1753;1288;1856;2256
2819;1439;1808;1258;1843;2271
2859;1579;1836;1270;1844;2265
2899;1767;1807;1408;1809;2122
2939;1953;1766;1530;1834;2041
2979;1889;1642;1593;1850;2104
3019;1623;1535;1546;1858;2207
3049;1465;1554;1452;1836;2243
3089;1435;1672;1367;1846;2171
3129;1457;1772;1323;1854;2267
3159;1530;1826;1302;1858;2281
3199;1712;1840;1385;1852;2254
3239;1860;1826;1485;1832;2165
3279;1831;1743;1536;1848;2281
3319;1577;1659;1452;1870;2307
3349;1444;1677;1356;1799;2142
3389;1396;1703;1296;1875;2261
3429;1392;1752;1266;1850;2217
3469;1437;1816;1251;1858;2269
3499;1581;1850;1283;1865;2298
3539;1759;1835;1404;1847;2221
3589;1828;1784;1484;1873;2342
3629;1577;1679;1434;1899;2343
3689;1433;1684;1330;1838;2189
3729;1385;1719;1277;1870;2234
3769;1381;1737;1250;1862;2281
3799;1428;1746;1246;1870;2223
3839;1625;1745;1351;1891;2233
3869;1790;1717;1469;1841;2095
3879;1883;1708;1542;1842;2097
3919;1934;1669;1604;1870;2105
3949;1961;1636;1643;1868;2111
3989;1972;1618;1663;1860;2073
4029;2039;1607;1673;1864;2010
4099;2161;1665;1681;1807;1790
4139;2261;1729;1686;1817;1817
4179;2328;1769;1689;1834;1869
4219;2372;1789;1692;1837;1951
4249;2396;1801;1695;1853;1963
4289;2406;1807;1696;1876;1955
4329;2412;1810;1697;1880;1946
4369;2415;1813;1697;1885;1936
4399;2418;1816;1697;1899;1959
4439;2422;1817;1697;1904;1965
4479;2429;1817;1697;1933;2038
4519;2437;1817;1696;1947;2134
4549;2453;1826;1696;1966;2262
4579;2464;1832;1699;1951;2357
4619;2472;1844;1700;1978;2417
4659;2483;1852;1702;1975;2523
4699;2491;1857;1704;1975;2594
4729;2497;1858;1706;1982;2620
4769;2501;1858;1707;1976;2615
4809;2504;1859;1708;1984;2615
4849;2506;1858;1709;1987;2578
4889;2506;1858;1709;1989;2560
4929;2505;1857;1710;1995;2528
4939;2504;1858;1710;1997;2517
4989;2507;1858;1711;1996;2448
5029;2506;1858;1710;1934;2244
5069;2499;1859;1710;1896;1983
5109;2472;1859;1711;1884;1775
5149;2452;1859;1711;1873;1758
5189;2422;1860;1711;1900;1771
5229;2414;1860;1712;1881;1781
5269;2412;1859;1711;1867;1785
5299;2408;1859;1712;1876;1777
5339;2404;1858;1712;1890;1763
5379;2403;1856;1711;1902;1759
5389;2404;1854;1711;1902;1763
5409;2401;1853;1711;1910;1773
5449;2397;1854;1711;1903;1777
5489;2390;1853;1711;1897;1779
5529;2387;1854;1712;1892;1780
5569;2377;1854;1712;1892;1790
5599;2370;1853;1712;1886;1793
5639;2361;1854;1712;1875;1794
5679;2358;1853;1712;1885;1798
5719;2355;1853;1712;1885;1806
5749;2353;1853;1712;1885;1809
5789;2351;1854;1712;1885;1804
5829;2351;1854;1712;1883;1820
5839;2351;1854;1712;1881;1823
5869;2350;1854;1712;1881;1823
5899;2350;1854;1711;1881;1823
5939;2350;1854;1711;1880;1824
5979;2347;1854;1711;1871;1828
6019;2342;1855;1711;1868;1826
6049;2343;1854;1711;1874;1811
6059;2341;1854;1711;1877;1804
6139;2339;1854;1711;1879;1788