
19645;1196;748;980;1684;1448
19755;1793;1122;1469;1685;1450
19785;2092;1309;1713;1685;1454
19795;2241;1402;1835;1686;1455
19835;2316;1449;1896;1689;1451
19845;2354;1472;1927;1687;1453
19875;2372;1484;1942;1688;1451
19905;2382;1490;1950;1687;1455
19945;2387;1493;1954;1689;1451
19985;2389;1494;1956;1688;1459
20025;2390;1495;1957;1689;1452
20055;2390;1495;1958;1689;1456
20095;2391;1495;1958;1691;1464
20135;2392;1496;1958;1713;1455
20175;2392;1496;1958;1721;1458
20205;2392;1496;1959;1718;1474
20245;2392;1496;1959;1729;1464
20285;2392;1496;1959;1737;1467
20325;2392;1496;1958;1745;1462
20355;2391;1496;1958;1750;1471
20395;2391;1496;1957;1764;1463
20435;2391;1496;1957;1759;1470
20455;2391;1495;1957;1762;1467
20505;2392;1495;1958;1756;1468
20545;2392;1495;1958;1749;1471
20585;2392;1495;1958;1758;1467
20625;2391;1495;1958;1754;1467
20655;2391;1495;1958;1762;1470
20695;2391;1495;1958;1766;1468
20735;2391;1495;1958;1764;1468
20775;2392;1496;1958;1760;1469
20785;2391;1496;1958;1763;1468
20835;2392;1496;1958;1769;1470
20875;2392;1496;1958;1763;1468
20915;2392;1496;1958;1758;1469
20955;2392;1496;1958;1763;1461
20995;2391;1496;1958;1755;1472
21035;2392;1496;1957;1753;1463
21075;2392;1496;1958;1743;1468
21105;2392;1496;1958;1740;1470
21145;2392;1496;1958;1732;1472
21185;2392;1496;1958;1714;1492
21225;2392;1496;1958;1706;1511
21255;2393;1496;1958;1702;1525
21295;2391;1496;1958;1696;1548
21335;2392;1496;1958;1693;1562
21375;2391;1496;1958;1696;1560
21405;2390;1496;1958;1698;1560
21445;2390;1496;1958;1702;1555
21485;2390;1496;1958;1703;1560
21525;2390;1496;1958;1707;1568
21555;2390;1496;1958;1702;1587
21595;2389;1496;1958;1707;1592
21635;2388;1496;1958;1704;1594
21675;2388;1496;1958;1711;1603
21705;2387;1496;1958;1709;1602
21745;2387;1496;1958;1708;1615
21785;2387;1496;1959;1712;1605
21825;2386;1496;1959;1708;1612
21855;2385;1496;1959;1715;1603
21895;2385;1495;1959;1709;1610
21935;2384;1495;1959;1715;1602
21975;2384;1496;1959;1714;1608
22005;2384;1496;1959;1714;1612
22045;2385;1496;1959;1715;1609
22085;2385;1496;1959;1710;1609
22125;2384;1496;1959;1715;1611
22155;2384;1496;1959;1715;1609
22195;2384;1496;1959;1712;1612
22235;2383;1496;1959;1718;1612
22275;2384;1496;1959;1720;1614
22305;2384;1496;1959;1718;1614
22345;2385;1496;1959;1718;1611
22385;2385;1496;1959;1715;1613
22425;2384;1496;1959;1717;1612
22455;2384;1496;1958;1719;1616
22495;2384;1496;1958;1716;1617
22535;2384;1496;1959;1718;1618
22575;2384;1496;1958;1721;1614
22605;2384;1496;1958;1718;1615
22645;2384;1496;1958;1723;1613
22685;2384;1496;1959;1719;1617
22725;2384;1496;1959;1726;1612
22755;2384;1496;1958;1718;1614
22795;2383;1496;1958;1724;1613
22835;2383;1496;1958;1723;1615
22875;2383;1496;1958;1724;1614
22905;2383;1496;1958;1723;1613
22945;2383;1496;1958;1723;1615
22985;2383;1496;1958;1725;1616
23025;2384;1496;1958;1724;1617
23055;2384;1496;1958;1729;1617
23095;2383;1496;1958;1724;1621
23135;2384;1496;1958;1726;1616
23175;2384;1496;1958;1721;1619
23205;2384;1496;1958;1723;1617
23245;2384;1496;1958;1723;1617
23285;2384;1496;1958;1722;1618
23325;2384;1496;1958;1725;1620
23355;2384;1496;1958;1727;1622
23395;2384;1496;1958;1725;1623
23435;2384;1496;1958;1730;1622
23475;2384;1496;1958;1727;1623
23505;2384;1496;1958;1734;1617
23545;2384;1496;1958;1730;1620
23585;2384;1496;1958;1730;1618
23625;2384;1496;1959;1728;1617
23655;2384;1496;1959;1728;1619
23695;2383;1496;1958;1733;1617
23735;2383;1496;1958;1732;1618
23775;2383;1496;1958;1732;1618
23805;2384;1496;1958;1734;1618
23845;2383;1496;1958;1735;1619
23885;2383;1496;1958;1736;1617
23925;2383;1496;1958;1733;1618
23955;2383;1496;1958;1739;1618
23995;2383;1496;1958;1737;1620
24035;2383;1496;1958;1739;1618
24075;2383;1496;1958;1739;1617
24105;2383;1496;1958;1740;1618
24145;2383;1497;1959;1737;1617
24185;2383;1497;1959;1738;1616
24225;2383;1497;1959;1740;1616
24255;2384;1496;1958;1740;1616
24295;2384;1496;1958;1740;1616
24335;2383;1496;1958;1739;1617
24375;2383;1496;1958;1740;1614
24405;2384;1496;1958;1755;1550
24445;2384;1497;1958;1754;1547
24485;2384;1497;1958;1758;1543
24525;2384;1496;1959;1762;1525
24555;2384;1496;1959;1762;1522
24595;2384;1496;1959;1774;1503
24635;2386;1496;1959;1789;1474
24675;2388;1496;1959;1803;1468
24705;2389;1496;1959;1809;1461
24745;2389;1496;1958;1807;1471
24785;2390;1496;1958;1811;1468
24825;2390;1496;1958;1809;1476
24855;2389;1496;1957;1816;1472
24895;2389;1496;1958;1814;1480
24935;2389;1496;1958;1817;1470
24975;2389;1496;1958;1814;1481
25005;2389;1496;1958;1820;1470
25045;2388;1496;1958;1817;1477
25085;2389;1496;1958;1819;1475
25125;2389;1496;1958;1817;1477
25155;2389;1496;1959;1821;1475
25195;2388;1496;1959;1819;1478
25235;2388;1496;1959;1822;1478
25275;2388;1496;1959;1824;1477
25305;2388;1496;1959;1822;1478
25345;2388;1496;1959;1827;1470
25385;2388;1496;1959;1822;1480
25425;2388;1496;1959;1825;1475
25455;2388;1496;1958;1826;1481
25495;2389;1496;1958;1828;1480
25535;2389;1496;1958;1830;1481
25575;2389;1496;1958;1831;1480
25605;2389;1496;1958;1830;1480
25645;2389;1496;1958;1831;1477
25685;2389;1496;1958;1827;1483
25725;2389;1496;1958;1816;1497
25755;2389;1496;1958;1808;1512
25795;2389;1496;1958;1815;1507
25835;2389;1496;1958;1798;1525
25875;2387;1496;1958;1777;1561
25905;2386;1496;1958;1755;1598
25945;2385;1496;1958;1750;1627
25985;2385;1496;1959;1757;1623
26025;2390;1496;1959;1753;1638
26035;2392;1496;1959;1751;1642
26055;2389;1496;1959;1754;1641
26095;2383;1496;1959;1755;1641
26135;2380;1496;1958;1754;1649
26175;2374;1496;1958;1755;1645
26205;2372;1496;1958;1755;1646
26245;2370;1496;1958;1759;1645
26285;2371;1496;1958;1751;1617
26325;2370;1496;1958;1754;1637
26355;2367;1496;1958;1762;1633
26395;2364;1496;1958;1759;1639
26435;2360;1496;1958;1765;1640
26475;2359;1496;1958;1761;1645
26505;2358;1496;1958;1766;1647
26545;2349;1496;1958;1769;1646
26585;2341;1496;1957;1770;1647
26625;2334;1496;1953;1772;1653
26655;2328;1496;1949;1775;1654
26695;2324;1496;1946;1784;1650
26735;2322;1496;1944;1781;1654
26775;2318;1496;1943;1787;1651
26805;2314;1496;1941;1790;1653
26845;2308;1496;1939;1801;1655
26885;2300;1496;1936;1799;1654
26925;2297;1496;1933;1799;1657
26955;2292;1496;1931;1806;1656
26995;2290;1496;1928;1811;1656
27035;2287;1496;1924;1813;1654
27075;2282;1497;1916;1815;1657
27105;2278;1497;1913;1816;1656
27145;2269;1497;1911;1817;1652
27185;2259;1496;1908;1817;1656
27225;2249;1496;1905;1828;1654
27255;2241;1496;1902;1827;1652
27295;2237;1496;1902;1832;1645
27335;2230;1496;1900;1835;1637
27375;2224;1496;1897;1841;1640
27405;2229;1496;1895;1842;1636
27445;2218;1496;1890;1833;1651
27485;2208;1496;1888;1829;1652
27525;2198;1496;1885;1837;1637
27555;2188;1496;1882;1850;1640
27595;2179;1496;1879;1850;1640
27635;2175;1496;1878;1848;1638
27675;2166;1496;1877;1848;1635
27705;2156;1496;1876;1855;1626
27745;2158;1496;1876;1858;1624
27775;2154;1496;1875;1859;1618
27785;2144;1496;1875;1860;1614
27825;2071;1496;1875;1866;1614
27855;2037;1496;1874;1865;1614
27895;2014;1496;1873;1865;1611
27935;1999;1496;1872;1868;1600
27975;1985;1496;1872;1877;1604
28005;1972;1496;1872;1876;1595
28045;1964;1496;1871;1881;1602
28085;1956;1496;1868;1881;1595
28125;1946;1496;1864;1883;1597
28155;1938;1496;1855;1890;1595
28195;1925;1496;1850;1891;1593
28235;1921;1496;1849;1897;1595
28275;1915;1496;1847;1897;1590
28305;1906;1496;1846;1899;1590
28345;1893;1496;1842;1898;1594
28385;1886;1496;1839;1898;1590
28425;1876;1496;1836;1906;1579
28455;1872;1496;1834;1899;1585
28495;1864;1496;1828;1903;1576
28535;1850;1497;1824;1895;1585
28575;1848;1497;1821;1902;1576
28605;1836;1496;1817;1909;1575
28645;1824;1496;1812;1896;1584
28685;1821;1496;1807;1896;1581
28725;1807;1496;1799;1898;1586
28755;1801;1496;1795;1901;1590
28795;1789;1497;1788;1904;1580
28835;1776;1497;1782;1899;1590
28875;1774;1497;1778;1905;1584
28905;1763;1497;1774;1904;1580
28945;1751;1496;1769;1898;1591
28985;1745;1497;1764;1888;1584
29025;1730;1497;1758;1893;1595
29055;1715;1497;1754;1889;1589
29095;1678;1497;1748;1889;1590
29135;1656;1497;1744;1886;1577
29175;1627;1497;1737;1887;1587
29205;1587;1497;1729;1886;1583
29245;1557;1496;1724;1886;1596
29285;1544;1496;1720;1895;1573
29325;1522;1497;1713;1894;1588
29355;1513;1497;1708;1888;1590
29395;1503;1497;1701;1884;1593
29435;1494;1497;1695;1878;1588
29475;1486;1497;1688;1876;1583
29505;1479;1497;1682;1869;1578
29545;1471;1497;1673;1868;1584
29585;1459;1497;1663;1859;1584
29625;1454;1486;1654;1869;1575
29655;1442;1474;1649;1889;1556
29695;1430;1456;1647;1888;1558
29735;1417;1443;1646;1889;1572
29775;1408;1434;1645;1874;1581
29805;1401;1429;1645;1868;1586
29845;1388;1428;1644;1861;1578
29865;1378;1422;1643;1864;1572
29915;1368;1412;1642;1855;1575
29955;1349;1398;1640;1863;1589
29995;1342;1388;1637;1858;1582
30035;1336;1382;1634;1868;1591
30075;1327;1379;1631;1869;1597
30105;1321;1372;1629;1873;1595
30145;1311;1366;1627;1867;1591
30185;1304;1353;1625;1874;1598
30225;1297;1348;1621;1880;1591
30255;1286;1346;1615;1879;1608
30295;1277;1345;1601;1880;1596
30335;1267;1344;1587;1879;1599
30375;1256;1343;1574;1875;1596
30405;1250;1337;1566;1880;1589
30445;1240;1333;1561;1879;1592
30485;1236;1331;1558;1880;1578
30525;1229;1329;1555;1881;1574
30555;1217;1321;1554;1883;1570
30595;1206;1317;1550;1880;1567
30635;1199;1315;1543;1874;1572
30675;1189;1312;1535;1875;1569
30705;1180;1305;1531;1879;1562
30745;1173;1294;1528;1878;1569
30785;1165;1289;1524;1860;1558
30825;1154;1286;1520;1850;1600
30855;1147;1284;1517;1839;1612
30895;1141;1282;1506;1842;1626
30935;1133;1274;1500;1839;1629
30975;1122;1268;1496;1844;1619
31005;1115;1260;1495;1835;1612
31045;1107;1252;1494;1837;1614
31085;1100;1246;1493;1833;1619
31125;1092;1240;1492;1839;1626
31155;1083;1231;1492;1839;1628
31195;1074;1225;1491;1836;1622
31235;1070;1224;1490;1839;1613
31275;1064;1214;1489;1834;1618
31305;1052;1212;1489;1834;1616
31345;1045;1210;1488;1839;1622
31385;1039;1206;1487;1841;1624
31425;1028;1201;1484;1845;1622
31455;1022;1191;1483;1848;1623
31495;1018;1183;1482;1847;1625
31535;1012;1179;1481;1848;1629
31575;1007;1179;1479;1852;1634
31605;1002;1178;1478;1847;1652
31645;992;1171;1476;1848;1650
31685;987;1165;1473;1847;1668
31725;982;1162;1469;1852;1656
31755;975;1160;1466;1845;1673
31795;971;1155;1465;1846;1644
31835;967;1147;1464;1840;1659
31875;963;1143;1463;1843;1657
31905;958;1136;1462;1841;1651
31945;953;1136;1460;1834;1669
31985;946;1136;1457;1831;1676
32025;940;1136;1455;1833;1701
32055;936;1132;1453;1843;1699
32095;932;1127;1452;1839;1689
32135;929;1119;1451;1840;1687
32175;925;1116;1451;1838;1698
32205;921;1115;1449;1846;1710
32245;916;1113;1447;1845;1718
32285;912;1112;1445;1849;1733
32325;909;1111;1434;1855;1743
32355;906;1110;1429;1853;1742
32395;902;1108;1426;1857;1745
32435;897;1107;1425;1859;1747
32475;892;1106;1425;1863;1746
32505;889;1104;1425;1863;1741
32545;883;1102;1425;1863;1740
32585;878;1100;1425;1859;1738
32625;872;1097;1424;1861;1743
32655;869;1095;1424;1858;1752
32695;867;1094;1420;1861;1769
32735;865;1094;1417;1864;1774
32775;863;1093;1415;1865;1779
32805;860;1090;1412;2073;1912
32845;857;1088;1411;2067;1933
32885;856;1086;1410;2059;1947
32925;855;1085;1408;2070;1953
32955;855;1084;1407;2069;1949
32995;854;1083;1406;2067;1943
33035;853;1081;1406;2069;1951
33075;853;1080;1406;2065;1955
33105;852;1079;1406;2063;1954
33145;851;1079;1406;2058;1960
33185;849;1078;1402;2065;1966
33225;845;1075;1398;2066;1964
33255;842;1073;1394;2058;1977
33295;838;1072;1390;2062;1978
33335;836;1072;1388;2068;1974
33375;835;1072;1387;2072;1973
33405;834;1072;1387;2075;1962
33445;833;1072;1387;2079;1954
33475;833;1072;1387;2076;1953
33485;833;1072;1387;2074;1953
33525;833;1072;1387;2076;1953
33555;833;1072;1387;2076;1955
33595;832;1072;1387;2079;1953
33635;832;1072;1387;2080;1953
33675;832;1072;1387;2081;1952
33705;832;1072;1387;2079;1953
33715;832;1072;1386;2078;1954
33755;832;1072;1386;2078;1954
33795;832;1072;1386;2078;1958
33835;833;1072;1386;2076;1960
33915;833;1072;1386;2078;1955
33955;833;1072;1386;2077;1954
33995;833;1072;1386;2075;1956
34035;833;1072;1386;2070;1957
34075;833;1073;1386;2077;1957
34115;833;1073;1386;2088;1948
34155;833;1073;1386;2084;1899
34195;833;1073;1387;2095;1832
34235;834;1073;1386;2104;1732
34275;834;1073;1386;2124;1666
34305;834;1073;1386;2126;1626
34345;834;1073;1387;2136;1603
34385;834;1073;1387;2159;1585
34425;834;1073;1387;2175;1590
34455;835;1073;1387;2190;1575
34495;835;1073;1387;2215;1558
34535;835;1073;1387;2235;1543
34575;835;1073;1387;2245;1542
34605;835;1073;1387;2246;1542
34645;836;1073;1387;2264;1531
34685;838;1073;1387;2282;1525
34725;841;1073;1387;2284;1526
34755;846;1073;1388;2284;1526
34795;850;1073;1388;2290;1528
34835;853;1074;1388;2294;1529
34875;858;1074;1388;2295;1529
34905;862;1074;1388;2293;1527
34945;868;1074;1388;2291;1529
34985;875;1074;1388;2271;1542
35025;881;1074;1388;2278;1533
35055;889;1074;1388;2288;1528
35095;893;1074;1388;2286;1527
35135;900;1074;1388;2301;1526
35175;905;1074;1388;2301;1524
35205;910;1073;1388;2315;1520
35245;917;1073;1388;2318;1520
35285;923;1073;1387;2330;1528
35325;929;1073;1387;2327;1530
35355;933;1073;1389;2336;1523
35395;939;1073;1394;2336;1522
35435;947;1073;1400;2342;1525
35475;954;1073;1405;2344;1526
35505;959;1073;1410;2353;1524
35545;968;1073;1414;2358;1516
35585;973;1073;1418;2366;1516
35625;977;1073;1422;2374;1514
35655;985;1073;1426;2379;1513
35695;992;1073;1434;2389;1511
35735;1000;1073;1440;2401;1505
35775;1007;1073;1446;2409;1506
35805;1014;1073;1452;2414;1496
35845;1019;1073;1457;2426;1497
35885;1023;1073;1465;2434;1496
35925;1032;1073;1472;2438;1492
35955;1039;1073;1477;2435;1487
35995;1050;1073;1483;2453;1485
36035;1058;1073;1489;2449;1482
36075;1066;1073;1494;2459;1476
36105;1071;1073;1500;2472;1477
36145;1082;1073;1506;2472;1474
36185;1090;1073;1512;2482;1473
36225;1098;1073;1520;2479;1464
36255;1104;1073;1525;2490;1465
36295;1110;1073;1532;2492;1468
36335;1119;1073;1542;2396;1504
36375;1128;1073;1549;2416;1502
36405;1135;1073;1554;2427;1507
36445;1145;1073;1562;2420;1516
36485;1154;1073;1570;2423;1511
36525;1162;1073;1578;2423;1504
36555;1170;1073;1583;2425;1506
36595;1181;1073;1593;2430;1506
36635;1190;1073;1602;2430;1507
36675;1196;1073;1608;2438;1507
36705;1202;1073;1612;2445;1503
36745;1214;1073;1618;2436;1510
36785;1224;1073;1623;2441;1505
36825;1234;1073;1632;2445;1505
36855;1241;1073;1641;2438;1506
36895;1248;1073;1647;2439;1510
36935;1256;1073;1653;2436;1509
36975;1267;1073;1663;2441;1512
37005;1275;1073;1671;2448;1509
37045;1287;1073;1678;2454;1509
37085;1293;1073;1685;2452;1511
37125;1302;1073;1693;2451;1509
37155;1310;1073;1699;2449;1509
37195;1321;1073;1705;2441;1511
37235;1329;1073;1712;2445;1503
37275;1332;1073;1717;2457;1503
37305;1340;1073;1725;2441;1504
37345;1354;1073;1734;2456;1505
37385;1363;1073;1741;2453;1500
37425;1376;1073;1750;2455;1502
37455;1387;1073;1758;2460;1500
37495;1395;1073;1765;2469;1499
37535;1406;1073;1771;2483;1506
37575;1409;1073;1777;2478;1504
37605;1422;1073;1783;2485;1507
37645;1434;1073;1792;2482;1506
37685;1441;1073;1798;2474;1505
37725;1452;1073;1806;2465;1501
37755;1462;1073;1811;2458;1501
37795;1470;1072;1814;2459;1511
37835;1476;1072;1816;2464;1519
37875;1486;1072;1818;2470;1517
37905;1493;1072;1820;2470;1508
37945;1502;1072;1825;2469;1521
37985;1514;1072;1829;2467;1501
38025;1521;1078;1833;2435;1505
38055;1528;1083;1836;2455;1506
38095;1566;1088;1837;2462;1503
38135;1595;1093;1839;2467;1500
38175;1631;1098;1842;2465;1492
38205;1664;1101;1845;2436;1498
38245;1687;1102;1853;2428;1489
38285;1719;1103;1862;2420;1496
38325;1727;1109;1868;2383;1522
38355;1741;1114;1871;2390;1511
38395;1757;1123;1873;2389;1512
38435;1760;1130;1873;2413;1504
38475;1769;1134;1874;2424;1496
38505;1775;1136;1873;2426;1488
38545;1785;1138;1886;2424;1477
38585;1802;1139;1895;2435;1473
38625;1805;1139;1905;2437;1472
38655;1816;1139;1914;2437;1465
38695;1828;1139;1922;2444;1461
38735;1834;1139;1930;2441;1466
38775;1848;1139;1935;2433;1469
38805;1854;1139;1938;2436;1467
38845;1862;1138;1941;2431;1465
38885;1875;1146;1943;2413;1475
38925;1886;1151;1945;2397;1475
38955;1897;1156;1946;2396;1471
38995;1904;1161;1947;2393;1469
39035;1911;1169;1948;2402;1465
39075;1920;1173;1951;2416;1458
39105;1925;1176;1953;2417;1467
39145;1936;1175;1956;2393;1477
39185;1944;1179;1957;2400;1476
39225;1952;1186;1957;2401;1476
39255;1960;1195;1957;2399;1473
39295;1969;1200;1957;2412;1473
39335;1976;1205;1958;2404;1477
39375;1985;1208;1957;2417;1475
39405;1989;1210;1959;2424;1464
39445;2001;1211;1960;2415;1469
39485;2003;1211;1961;2425;1470
39525;2016;1216;1962;2411;1476
39555;2023;1221;1963;2419;1475
39595;2094;1226;1963;2425;1474
39635;2135;1231;1963;2422;1472
39675;2155;1234;1963;2423;1470
39705;2166;1239;1963;2415;1469
39745;2175;1245;1963;2426;1461
39785;2181;1247;1964;2420;1460
39825;2195;1249;1965;2430;1460
39855;2202;1250;1965;2429;1455
39895;2207;1256;1966;2421;1461
39935;2215;1261;1967;2424;1458
39975;2222;1263;1968;2426;1457
40005;2226;1264;1968;2432;1450
40045;2234;1265;1969;2433;1449
40085;2237;1266;1973;2431;1446
40125;2243;1266;1979;2432;1448
40155;2252;1266;1984;2431;1445
40195;2259;1266;1987;2427;1440
40235;2264;1266;1989;2438;1440
40275;2274;1266;1991;2429;1434
40305;2276;1266;1992;2439;1434
40345;2276;1266;1992;2441;1424
40385;2275;1266;1998;2433;1426
40425;2280;1266;2003;2441;1423
40455;2286;1266;2006;2441;1420
40495;2288;1266;2008;2439;1419
40535;2290;1266;2009;2437;1417
40575;2291;1266;2010;2439;1422
40605;2292;1266;2010;2437;1425
40645;2291;1266;2010;2439;1423
40685;2293;1265;2011;2450;1418
40725;2302;1267;2011;2420;1432
40755;2307;1268;2011;2448;1414
40795;2311;1269;2011;2443;1420
40835;2311;1270;2011;2447;1414
40875;2312;1269;2011;2444;1416
40905;2311;1270;2012;2458;1406
40945;2311;1270;2011;2459;1406
40985;2313;1270;2011;2457;1396
41025;2319;1270;2015;2461;1402
41055;2324;1270;2018;2463;1398
41095;2330;1270;2020;2461;1397
41135;2330;1271;2020;2461;1397
41175;2330;1271;2020;2461;1401
41205;2329;1271;2019;2461;1402
41245;2329;1271;2020;2457;1403
41285;2329;1271;2021;2456;1408
41325;2329;1271;2021;2451;1404
41355;2329;1271;2021;2457;1404
41395;2329;1272;2021;2458;1403
41435;2329;1272;2021;2455;1405
41475;2329;1272;2022;2459;1400
41505;2331;1272;2021;2459;1382
41545;2330;1271;2021;2454;1386
41585;2331;1271;2021;2454;1388
41625;2337;1271;2022;2454;1389
41655;2342;1271;2022;2452;1387
41695;2344;1271;2022;2453;1385
41735;2346;1271;2023;2454;1387
41775;2349;1272;2024;2454;1386
41805;2350;1272;2024;2453;1387
41845;2349;1272;2024;2456;1387
41885;2349;1272;2024;2455;1387
41925;2350;1272;2024;2454;1387
41955;2350;1272;2024;2457;1386
41995;2349;1272;2025;2455;1386
42035;2349;1272;2025;2458;1386
42075;2348;1272;2025;2455;1387
42105;2348;1273;2025;2456;1390
42145;2348;1273;2025;2458;1393
42185;2348;1273;2025;2452;1394
42225;2347;1273;2024;2453;1395
42255;2347;1273;2024;2454;1394
42295;2347;1273;2025;2455;1398
42335;2347;1273;2025;2450;1398
42375;2348;1272;2025;2451;1401
42405;2348;1272;2024;2452;1399
42445;2347;1272;2024;2446;1401
42485;2347;1272;2024;2446;1396
42525;2347;1272;2024;2446;1399
42555;2347;1273;2025;2444;1396
42595;2347;1273;2025;2444;1401
42635;2347;1273;2025;2447;1400
42675;2346;1273;2025;2441;1402
42705;2345;1273;2025;2442;1401
42745;2345;1273;2025;2442;1402
42785;2345;1273;2025;2445;1402
42825;2346;1273;2025;2443;1403
42855;2346;1273;2025;2445;1402
42895;2346;1273;2026;2447;1402
42935;2347;1274;2026;2444;1403
42975;2347;1274;2025;2443;1404
43005;2347;1274;2025;2443;1406
43045;2347;1274;2025;2447;1404
43085;2347;1274;2025;2443;1404
43125;2346;1274;2025;2459;1402
43155;2346;1274;2025;2459;1403
43195;2346;1274;2026;2464;1399
43235;2347;1274;2025;2463;1401
43275;2347;1274;2026;2463;1404
43305;2348;1274;2025;2462;1404
43345;2348;1274;2025;2462;1405
43385;2348;1274;2025;2461;1406
43425;2349;1274;2026;2459;1406
43455;2349;1274;2025;2460;1406
43495;2349;1274;2025;2460;1408
43535;2350;1273;2025;2462;1408
43575;2350;1273;2025;2461;1414
43605;2350;1274;2025;2457;1413
43645;2350;1274;2025;2452;1428
43685;2350;1274;2025;2401;1463
43725;2349;1274;2025;2346;1500
43755;2349;1274;2025;2318;1529
43795;2350;1274;2025;2262;1544
43835;2349;1274;2025;2204;1558
43875;2347;1274;2025;2187;1563
43905;2347;1274;2025;2191;1562
43945;2346;1274;2025;2190;1566
43985;2345;1274;2025;2196;1564
44025;2344;1274;2025;2195;1566
44055;2343;1274;2025;2195;1565
44095;2343;1274;2025;2195;1563
44135;2343;1275;2025;2197;1564
44175;2343;1275;2026;2194;1566
44205;2342;1275;2025;2197;1565
44245;2342;1275;2025;2192;1566
44285;2342;1275;2025;2192;1566
44325;2343;1274;2025;2193;1565
44355;2343;1274;2025;2196;1565
44395;2344;1274;2025;2197;1564
44435;2344;1274;2026;2194;1565
44475;2344;1274;2026;2200;1565
44505;2344;1274;2026;2198;1564
44545;2343;1274;2026;2197;1566
44585;2342;1274;2026;2197;1567
44625;2342;1274;2026;2200;1566
44655;2343;1274;2026;2198;1568
44695;2343;1274;2026;2197;1566
44735;2343;1274;2026;2194;1566
44775;2343;1274;2026;2194;1565
44805;2343;1274;2025;2194;1566
44845;2343;1274;2025;2195;1564
44885;2343;1274;2025;2194;1566
44925;2343;1274;2025;2192;1567
44955;2343;1274;2025;2191;1567
44995;2343;1274;2026;2189;1564
45075;2343;1274;2026;2191;1564
45105;2342;1274;2026;2193;1566
45145;2342;1274;2025;2194;1566
45185;2342;1274;2025;2195;1567
45225;2342;1274;2025;2195;1568
45255;2342;1274;2025;2195;1566
45295;2343;1274;2025;2195;1567
45335;2343;1274;2025;2194;1567
45375;2343;1274;2025;2194;1566
45405;2342;1274;2025;2196;1566
45445;2343;1274;2025;2195;1567
45485;2343;1274;2025;2193;1567
45525;2343;1274;2025;2190;1565
45555;2343;1274;2025;2191;1564
45595;2343;1275;2025;2193;1563
45635;2343;1275;2025;2186;1565
45675;2343;1275;2026;2188;1564
45705;2343;1275;2026;2191;1565
45745;2343;1275;2026;2194;1563
45785;2343;1274;2026;2189;1565
45825;2343;1274;2025;2191;1566
45855;2343;1274;2026;2191;1566
45895;2343;1274;2026;2190;1565
45935;2343;1274;2026;2189;1564
45975;2343;1274;2026;2190;1565
46005;2343;1274;2026;2191;1566
46045;2343;1274;2025;2189;1566
46085;2343;1274;2025;2190;1567
46125;2343;1274;2025;2192;1566
46155;2343;1274;2025;2190;1567
46195;2343;1274;2025;2189;1567
46235;2343;1274;2025;2191;1565
46275;2343;1274;2025;2190;1565
46305;2343;1274;2025;2190;1566
46345;2343;1274;2025;2190;1567
46385;2343;1274;2025;2189;1573
46425;2343;1274;2025;2198;1576
46455;2344;1274;2025;2202;1576
46495;2343;1274;2026;2223;1547
46535;2343;1274;2025;2268;1513
46575;2344;1274;2025;2318;1497
46605;2347;1274;2025;2361;1481
46645;2350;1274;2025;2409;1450
46685;2351;1274;2025;2432;1435
46725;2351;1274;2025;2433;1436
46755;2352;1274;2026;2435;1437
46795;2352;1274;2026;2430;1436
46835;2352;1274;2026;2431;1438
46875;2352;1274;2026;2428;1440
46905;2352;1274;2025;2432;1440
46945;2352;1274;2025;2435;1440
46985;2352;1274;2025;2435;1441
47025;2352;1274;2025;2438;1442
47055;2353;1274;2025;2434;1442
47095;2353;1274;2025;2437;1442
47135;2353;1274;2025;2435;1441
47175;2353;1274;2025;2437;1442
47205;2353;1274;2025;2435;1443
47245;2353;1275;2025;2436;1443
47285;2353;1275;2025;2438;1444
47325;2353;1275;2025;2436;1444
47355;2354;1275;2025;2439;1441
47395;2354;1275;2025;2441;1441
47435;2354;1275;2025;2448;1442
47475;2354;1276;2025;2440;1441
47505;2353;1276;2025;2443;1443
47545;2353;1276;2025;2442;1445
47585;2354;1276;2025;2452;1442
47625;2354;1276;2025;2448;1444
47655;2354;1276;2025;2445;1441
47695;2354;1276;2025;2456;1441
47735;2354;1276;2025;2449;1441
47775;2354;1276;2025;2451;1446
47805;2354;1276;2025;2442;1451
47845;2354;1276;2025;2375;1494
47885;2352;1276;2025;2298;1531
47925;2351;1276;2025;2225;1560
47955;2350;1276;2026;2175;1579
47995;2353;1276;2025;2146;1605
48035;2353;1276;2025;2132;1628
48075;2351;1276;2026;2133;1635
48105;2350;1276;2026;2128;1644
48145;2350;1275;2025;2121;1698
48185;2350;1275;2025;2122;1724
48225;2350;1275;2025;2120;1736
48255;2349;1275;2026;2121;1743
48295;2350;1275;2026;2117;1756
48335;2352;1275;2026;2123;1765
48375;2356;1275;2025;2125;1773
48405;2354;1275;2025;2127;1775
48445;2347;1275;2025;2130;1782
48485;2341;1275;2025;2138;1790
48525;2333;1275;2025;2140;1792
48555;2327;1275;2025;2140;1798
48595;2325;1275;2025;2139;1801
48635;2323;1275;2025;2142;1805
48675;2323;1276;2026;2144;1807
48705;2318;1276;2025;2148;1808
48745;2316;1275;2026;2149;1810
48785;2309;1275;2026;2147;1807
48825;2302;1275;2025;2148;1807
48855;2298;1275;2025;2146;1809
48895;2293;1276;2025;2145;1808
48935;2290;1276;2025;2153;1808
48975;2290;1276;2025;2149;1809
49005;2284;1276;2025;2155;1816
49075;2279;1276;2022;2153;1817
49115;2265;1276;2018;2157;1817
49155;2254;1276;2015;2153;1818
49195;2243;1276;2012;2153;1813
49235;2238;1276;2006;2147;1816
49275;2232;1276;1998;2144;1811
49305;2226;1276;1994;2144;1817
49345;2229;1276;1992;2145;1821
49385;2224;1276;1988;2150;1822
49425;2214;1276;1985;2155;1820
49455;2204;1276;1980;2156;1816
49495;2193;1276;1973;2158;1819
49535;2183;1276;1967;2160;1818
49575;2176;1276;1964;2165;1823
49605;2173;1276;1960;2161;1827
49645;2162;1275;1953;2164;1827
49685;2155;1275;1948;2180;1832
49725;2153;1275;1943;2180;1830
49755;2075;1276;1940;2179;1831
49795;2039;1276;1936;2182;1831
49835;2018;1276;1930;2183;1834
49875;2002;1276;1923;2188;1843
49905;1992;1276;1916;2190;1837
49945;1982;1276;1912;2194;1838
49985;1973;1276;1909;2207;1851
50025;1962;1276;1904;2213;1849
50055;1954;1276;1903;2210;1847
50095;1945;1276;1900;2216;1845
50135;1934;1276;1892;2218;1849
50175;1928;1276;1887;2218;1845
50205;1923;1276;1882;2224;1864
50245;1916;1276;1879;2225;1872
50285;1902;1276;1876;2215;1863
50325;1895;1276;1874;2218;1867
50355;1887;1276;1872;2217;1854
50395;1877;1276;1869;2215;1850
50435;1870;1276;1861;2216;1866
50475;1862;1276;1853;2213;1857
50505;1847;1276;1851;2212;1854
50545;1847;1276;1848;2213;1850
50585;1837;1275;1845;2211;1850
50625;1825;1275;1842;2211;1859
50655;1822;1275;1839;2205;1854
50695;1810;1276;1836;2205;1862
50735;1800;1276;1830;2208;1862
50775;1788;1276;1827;2210;1861
50805;1779;1276;1823;2208;1873
50845;1773;1276;1812;2194;1872
50885;1763;1276;1803;2196;1877
50925;1752;1276;1790;2189;1863
50955;1746;1276;1784;2188;1866
50995;1727;1276;1776;2176;1863
51035;1718;1276;1768;2175;1847
51075;1677;1276;1760;2165;1848
51105;1653;1276;1754;2193;1816
51145;1628;1276;1749;2198;1787
51185;1583;1276;1743;2192;1783
51225;1556;1276;1736;2178;1797
51255;1543;1276;1731;2170;1811
51295;1517;1276;1727;2172;1823
51335;1510;1276;1724;2173;1831
51375;1500;1276;1722;2155;1822
51405;1491;1276;1720;2155;1831
51445;1484;1276;1718;2154;1820
51485;1476;1276;1713;2150;1809
51525;1462;1276;1709;2150;1819
51555;1455;1276;1706;2145;1815
51595;1451;1276;1700;2143;1810
51635;1438;1276;1695;2149;1798
51675;1428;1276;1693;2160;1788
51705;1415;1276;1691;2148;1772
51745;1406;1276;1688;2142;1760
51785;1397;1275;1685;2136;1754
51825;1382;1275;1681;2125;1754
51855;1375;1275;1678;2122;1747
51895;1361;1275;1672;2121;1737
51935;1346;1275;1665;2120;1735
51975;1342;1275;1659;2117;1732
52005;1335;1275;1656;2119;1738
52045;1325;1275;1650;2118;1732
52085;1316;1275;1642;2115;1737
52125;1307;1275;1635;2115;1738
52155;1302;1275;1630;2114;1735
52195;1293;1275;1625;2115;1740
52235;1281;1275;1620;2118;1742
52275;1272;1275;1615;2116;1750
52305;1264;1275;1608;2120;1737
52345;1255;1274;1596;2117;1737
52385;1243;1274;1587;2122;1740
52425;1235;1273;1582;2126;1714
52455;1228;1273;1579;2124;1711
52495;1215;1274;1575;2122;1707
52535;1204;1274;1571;2125;1711
52575;1197;1274;1566;2128;1717
52605;1187;1274;1562;2129;1713
52645;1180;1274;1559;2125;1706
52685;1173;1274;1554;2125;1714
52725;1166;1273;1546;2125;1743
52755;1159;1273;1538;2132;1744
52795;1151;1272;1529;2131;1762
52835;1144;1264;1522;2133;1734
52875;1134;1254;1518;2137;1721
52905;1127;1246;1516;2132;1733
52945;1117;1239;1515;2134;1741
52985;1109;1230;1514;2134;1761
53025;1101;1219;1509;2137;1771
53055;1096;1216;1501;2133;1780
53095;1085;1213;1496;2131;1780
53135;1076;1207;1493;2134;1776
53175;1071;1195;1492;2130;1778
53205;1066;1180;1491;2135;1777
53245;1053;1176;1485;2134;1770
53285;1044;1175;1475;2132;1789
53325;1038;1174;1465;2133;1802
53355;1031;1175;1459;2130;1810
53395;1023;1175;1455;2136;1791
53435;1018;1177;1453;2132;1805
53475;1011;1176;1452;2133;1811
53505;1006;1171;1452;2133;1820
53545;999;1165;1451;2140;1794
53585;991;1162;1451;2139;1808
53625;984;1157;1451;2141;1809
53655;980;1152;1452;2139;1823
53695;974;1145;1450;2144;1831
53735;970;1140;1449;2139;1837
53775;966;1138;1448;2140;1845
53805;962;1137;1447;2140;1851
53845;957;1134;1445;2138;1857
53885;948;1128;1443;2137;1834
53925;941;1122;1442;2137;1855
53955;937;1118;1441;2135;1861
53995;934;1115;1440;2135;1871
54035;931;1113;1436;2135;1886
54075;927;1111;1431;2136;1894
54105;922;1110;1428;2138;1909
54145;917;1110;1423;2137;1928
54185;912;1108;1416;2136;1951
54225;909;1104;1412;2136;1947
54255;907;1100;1410;2139;1957
54295;901;1096;1408;2139;1931
54335;896;1094;1407;2140;1934
54375;891;1092;1403;2138;1932
54405;888;1091;1398;2147;1941
54445;883;1091;1395;2143;1946
54485;880;1090;1392;2148;1947
54525;878;1090;1390;2147;1955
54555;876;1090;1389;2152;1967
54595;875;1090;1388;2155;1986
54635;874;1090;1386;2162;1995
54665;873;1090;1384;2159;2006
54675;873;1090;1383;2158;2004
54705;869;1089;1382;2158;2004
54745;866;1087;1381;2157;2001
54785;865;1086;1380;2162;2022
54825;865;1085;1380;2164;2039
54855;864;1083;1380;2164;2063
54895;862;1081;1375;2163;2070
54935;858;1078;1370;2166;2082
54975;856;1074;1368;2166;2090
55005;855;1073;1366;2162;2089
55045;854;1072;1365;2166;2086
55085;853;1072;1365;2162;2079
55125;852;1072;1364;2166;2070
55155;852;1073;1364;2163;2071
55195;851;1073;1364;2162;2081
55235;850;1073;1364;2163;2084
55275;850;1073;1364;2162;2091
55305;848;1073;1364;2164;2092
55345;847;1073;1364;2166;2102
55385;846;1073;1364;2168;2098
55425;845;1073;1364;2168;2097
55455;845;1073;1364;2166;2096
55495;845;1073;1364;2165;2090
55535;845;1073;1364;2171;2090
55575;845;1073;1364;2167;2089
55605;844;1072;1364;2167;2092
55645;844;1072;1364;2168;2086
55685;844;1072;1364;2168;2091
55725;844;1072;1364;2166;2086
55755;844;1072;1364;2165;2088
55795;844;1072;1364;2167;2085
55835;844;1072;1364;2165;2088
55875;844;1072;1364;2165;2088
55905;844;1072;1364;2164;2094
55945;844;1072;1364;2164;2094
55985;844;1072;1364;2163;2093
56025;844;1072;1363;2161;2092
56055;844;1072;1364;2162;2087
56095;844;1072;1364;2162;2090
56135;844;1072;1364;2161;2090
56175;844;1072;1364;2170;2084
56205;844;1072;1363;2175;2023
56245;844;1072;1364;2159;1951
56285;844;1072;1364;2152;1903
56325;845;1072;1364;2153;1788
56355;845;1072;1364;2162;1721
56395;846;1072;1364;2192;1668
56435;847;1072;1364;2191;1636
56475;847;1072;1364;2199;1616
56505;846;1072;1364;2211;1601
56545;847;1072;1363;2219;1589
56585;847;1072;1363;2237;1579
56625;847;1072;1363;2252;1569
56655;847;1073;1363;2262;1559
56695;848;1073;1363;2278;1554
56735;850;1073;1363;2277;1548
56775;852;1073;1363;2290;1546
56805;855;1073;1363;2295;1549
56845;859;1073;1363;2307;1546
56885;862;1073;1362;2316;1541
56925;866;1073;1362;2324;1543
56955;872;1073;1363;2328;1538
56995;878;1073;1363;2330;1538
57035;884;1073;1364;2327;1533
57075;891;1073;1364;2331;1527
57105;895;1073;1364;2333;1521
57145;902;1073;1363;2334;1522
57185;907;1073;1363;2336;1515
57225;915;1073;1363;2337;1518
57255;920;1073;1364;2341;1521
57295;925;1073;1366;2346;1519
57335;931;1073;1371;2352;1516
57375;937;1073;1377;2356;1504
57405;945;1073;1382;2360;1507
57445;950;1073;1387;2360;1509
57485;956;1073;1392;2364;1511
57525;965;1073;1399;2370;1504
57555;971;1073;1405;2372;1497
57595;974;1073;1411;2378;1498
57635;981;1073;1417;2379;1499
57675;988;1073;1421;2383;1502
57705;994;1073;1424;2384;1495
57745;1003;1073;1431;2389;1496
57785;1012;1073;1439;2396;1499
57825;1017;1073;1445;2400;1496
57855;1023;1074;1450;2401;1496
57895;1030;1074;1456;2415;1489
57935;1038;1074;1462;2412;1491
57975;1047;1074;1469;2419;1493
58005;1055;1074;1476;2420;1493
58045;1062;1074;1483;2425;1489
58085;1071;1073;1488;2379;1507
58125;1082;1073;1492;2385;1511
58155;1090;1073;1498;2399;1509
58195;1098;1073;1506;2392;1515
58235;1105;1073;1512;2402;1507
58275;1114;1073;1520;2405;1516
58305;1121;1073;1525;2416;1524
58345;1126;1073;1533;2411;1532
58385;1133;1073;1542;2418;1525
58425;1142;1073;1550;2431;1530
58455;1150;1073;1558;2435;1530
58495;1160;1074;1564;2434;1529
58535;1168;1074;1572;2433;1524
58575;1179;1073;1579;2433;1524
58605;1189;1073;1584;2436;1529
58645;1192;1073;1593;2439;1520
58685;1198;1073;1602;2436;1528
58725;1212;1073;1608;2440;1522
58755;1222;1073;1611;2434;1523
58795;1226;1073;1617;2438;1523
58835;1236;1073;1623;2438;1522
58875;1245;1073;1630;2436;1524
58905;1253;1073;1639;2440;1525
58945;1261;1073;1646;2437;1523
58985;1272;1073;1651;2441;1524
59025;1283;1073;1662;2439;1523
59055;1291;1073;1670;2438;1522
59095;1298;1073;1677;2436;1522
59135;1307;1073;1683;2439;1522
59165;1314;1073;1690;2447;1523
59175;1323;1073;1694;2441;1522
59205;1328;1073;1699;2443;1521
59245;1330;1074;1704;2437;1520
59285;1339;1074;1711;2448;1521
59325;1354;1073;1716;2441;1521
59355;1360;1074;1725;2441;1518
59395;1370;1074;1734;2453;1510
59435;1383;1074;1741;2442;1515
59475;1393;1074;1747;2456;1509
59505;1401;1074;1755;2457;1508
59545;1406;1074;1762;2465;1509
59585;1421;1074;1769;2450;1505
59625;1435;1073;1775;2453;1497
59655;1439;1073;1782;2451;1496
59695;1449;1073;1790;2450;1492
59735;1460;1073;1798;2440;1494
59775;1469;1073;1807;2452;1489
59805;1476;1073;1813;2451;1487
59845;1483;1073;1821;2453;1490
59885;1492;1073;1826;2450;1491
59925;1496;1073;1833;2447;1491
59955;1510;1073;1839;2448;1482
59995;1516;1073;1843;2451;1482
60035;1519;1073;1853;2470;1475
60075;1551;1073;1861;2476;1477
60105;1579;1073;1866;2477;1475
60145;1625;1073;1871;2469;1481
60185;1663;1072;1874;2458;1475
60225;1688;1071;1879;2451;1477
60255;1700;1070;1882;2437;1469
60295;1718;1070;1887;2439;1469
60335;1731;1072;1894;2438;1465
60375;1752;1080;1898;2436;1482
60405;1761;1087;1900;2408;1491
60445;1764;1095;1901;2428;1483
60485;1773;1103;1901;2412;1494
60515;1786;1108;1901;2427;1482
60525;1791;1111;1901;2428;1484
60555;1799;1117;1901;2411;1493
60595;1807;1123;1901;2419;1481
60635;1817;1131;1901;2411;1488
60675;1825;1132;1901;2409;1484
60705;1832;1141;1899;2415;1482
60745;1845;1147;1898;2413;1482
60785;1852;1150;1900;2413;1479
60825;1860;1152;1902;2411;1479
60855;1867;1153;1904;2415;1473
60895;1880;1158;1906;2400;1489
60935;1894;1162;1906;2416;1477
60975;1901;1166;1907;2410;1474
61005;1910;1171;1915;2408;1477
61045;1913;1174;1923;2411;1471
61085;1922;1175;1931;2416;1475
61125;1931;1176;1935;2424;1473
61155;1937;1177;1937;2423;1470
61195;1947;1177;1940;2418;1476
61235;1959;1178;1947;2416;1468
61275;1972;1179;1953;2422;1467
61305;1976;1175;1955;2414;1474
61345;1983;1179;1956;2410;1479
61385;1988;1187;1957;2419;1474
61425;1998;1192;1958;2420;1472
61455;2006;1199;1959;2415;1477
61495;2015;1203;1960;2423;1470
61535;2057;1206;1961;2419;1467
61575;2108;1207;1961;2431;1464
61605;2138;1208;1962;2433;1458
61645;2155;1208;1963;2424;1462
61685;2168;1210;1969;2437;1451
61725;2176;1210;1974;2410;1463
61755;2183;1216;1977;2429;1454
61795;2192;1220;1979;2429;1451
61835;2202;1225;1980;2425;1449
61875;2207;1229;1981;2434;1444
61905;2212;1231;1981;2436;1444
61945;2221;1231;1982;2430;1438
61985;2226;1235;1982;2422;1441
62025;2233;1242;1982;2425;1441
62055;2237;1248;1983;2425;1436
62095;2244;1251;1983;2431;1434
62135;2253;1252;1984;2431;1432
62175;2259;1253;1985;2434;1433
62205;2264;1253;1987;2436;1433
62245;2272;1253;1989;2442;1431
62285;2276;1253;1989;2446;1426
62325;2276;1253;1990;2449;1425
62355;2275;1253;1990;2453;1426
62395;2275;1253;1992;2442;1426
62435;2274;1253;1993;2453;1428
62475;2275;1253;1994;2445;1425
62505;2276;1253;1993;2455;1427
62535;2281;1253;1993;2454;1425
62545;2283;1252;1993;2452;1425
62585;2285;1252;1994;2454;1425
62625;2288;1253;1996;2455;1425
62655;2289;1253;1999;2453;1423
62695;2291;1253;2003;2455;1423
62735;2297;1253;2006;2458;1419
62775;2307;1253;2008;2463;1421
62805;2310;1253;2009;2462;1420
62845;2312;1253;2010;2463;1420
62885;2312;1253;2011;2464;1418
62925;2311;1253;2012;2466;1420
62955;2311;1253;2012;2470;1418
62995;2312;1253;2011;2468;1416
63035;2312;1253;2011;2466;1417
63075;2314;1253;2011;2468;1416
63105;2315;1252;2012;2466;1416
63145;2320;1258;2014;2444;1419
63185;2324;1262;2015;2441;1422
63225;2325;1264;2016;2447;1419
63255;2328;1265;2017;2453;1416
63295;2332;1265;2017;2455;1409
63335;2334;1266;2017;2452;1411
63375;2334;1268;2017;2456;1411
63405;2334;1270;2017;2458;1413
63445;2335;1271;2017;2456;1414
63485;2335;1271;2017;2460;1414
63525;2335;1271;2017;2461;1410
63555;2334;1271;2017;2458;1408
63595;2335;1271;2017;2463;1410
63635;2338;1271;2017;2467;1412
63675;2340;1271;2019;2466;1412
63705;2343;1270;2019;2472;1415
63745;2345;1270;2020;2445;1423
63785;2345;1270;2020;2456;1425
63825;2346;1270;2021;2455;1425
63855;2345;1271;2021;2450;1425
63895;2345;1272;2021;2454;1425
63935;2345;1272;2021;2453;1426
63975;2344;1273;2021;2455;1425
64005;2344;1273;2021;2457;1427
64045;2344;1273;2021;2459;1426
64085;2344;1273;2021;2458;1426
64125;2344;1273;2021;2461;1426
64155;2345;1273;2021;2459;1424
64195;2345;1273;2021;2457;1424
64235;2345;1273;2021;2457;1425
64275;2344;1274;2021;2456;1426
64305;2344;1273;2021;2455;1429
64345;2344;1273;2021;2458;1430
64385;2344;1273;2021;2457;1433
64425;2343;1273;2021;2459;1431
64455;2344;1274;2021;2459;1430
64495;2344;1274;2021;2461;1430
64535;2344;1273;2021;2460;1429
64575;2345;1273;2021;2459;1431
64605;2344;1273;2021;2457;1431
64645;2344;1273;2021;2460;1430
64685;2344;1273;2021;2457;1431
64725;2343;1273;2021;2453;1430
64755;2343;1273;2021;2454;1429
64795;2344;1273;2021;2450;1427
64835;2344;1273;2021;2452;1429
64875;2344;1273;2021;2452;1427
64905;2344;1273;2020;2453;1431
64945;2344;1273;2020;2453;1428
64985;2345;1273;2020;2455;1428
65025;2345;1273;2020;2453;1429
65055;2345;1273;2021;2453;1429
65095;2345;1274;2021;2453;1429
65135;2345;1274;2021;2455;1430
65175;2345;1274;2021;2455;1432
65205;2346;1274;2021;2456;1431
65245;2346;1274;2021;2455;1430
65285;2346;1273;2021;2454;1432
65325;2345;1273;2021;2454;1430
65355;2345;1273;2021;2453;1428
65395;2345;1273;2022;2450;1430
65435;2345;1273;2022;2452;1428
65475;2345;1273;2022;2449;1429
65505;2344;1273;2021;2453;1427
9;2344;1273;2021;2470;1429
49;2344;1273;2021;2469;1430
89;2344;1273;2021;2472;1431
119;2344;1273;2021;2460;1445
159;2344;1273;2021;2409;1462
199;2344;1273;2021;2353;1496
239;2345;1273;2021;2286;1527
269;2347;1273;2021;2255;1560
309;2348;1273;2021;2252;1576
349;2347;1273;2021;2245;1582
389;2347;1273;2021;2248;1584
419;2346;1273;2022;2247;1584
459;2347;1273;2021;2251;1586
499;2347;1273;2022;2245;1586
539;2346;1274;2022;2255;1586
569;2346;1274;2021;2247;1586
609;2346;1273;2021;2248;1590
649;2345;1273;2021;2251;1584
689;2345;1273;2021;2247;1588
719;2345;1273;2022;2250;1587
759;2345;1273;2022;2249;1587
799;2344;1274;2022;2251;1587
839;2345;1273;2022;2251;1588
869;2344;1273;2022;2252;1589
909;2344;1273;2021;2254;1591
949;2344;1274;2021;2256;1590
989;2344;1274;2021;2253;1592
1019;2344;1274;2021;2254;1591
1059;2344;1274;2022;2256;1588
1099;2344;1274;2022;2252;1591
1139;2343;1274;2022;2254;1592
1169;2343;1274;2021;2256;1592
1209;2344;1274;2021;2258;1592
1249;2344;1274;2021;2258;1593
1289;2344;1274;2021;2260;1592
1319;2344;1274;2021;2259;1590
1359;2345;1274;2021;2263;1589
1399;2345;1274;2021;2264;1591
1439;2345;1274;2021;2265;1589
1469;2345;1274;2021;2266;1591
1509;2345;1274;2021;2267;1591
1549;2345;1274;2021;2265;1592
1589;2345;1274;2021;2269;1590
1619;2345;1274;2021;2268;1590
1659;2345;1274;2021;2269;1590
1699;2344;1274;2022;2270;1591
1739;2344;1274;2021;2271;1591
1769;2344;1274;2020;2272;1593
1809;2344;1274;2021;2271;1593
1849;2344;1274;2021;2271;1591
1889;2344;1273;2021;2271;1593
1919;2344;1274;2021;2272;1592
1959;2344;1274;2021;2269;1591
1999;2344;1274;2021;2271;1589
2039;2344;1274;2022;2269;1589
2069;2344;1273;2021;2271;1592
2109;2344;1273;2021;2271;1591
2149;2343;1273;2021;2272;1593
2189;2343;1273;2021;2269;1590
2219;2344;1273;2021;2268;1592
2259;2344;1274;2021;2268;1590
2299;2344;1274;2021;2257;1588
2339;2344;1274;2021;2260;1588
2369;2344;1274;2021;2263;1591
2409;2344;1273;2021;2261;1591
2449;2344;1273;2021;2263;1590
2489;2344;1273;2021;2265;1590
2519;2344;1274;2021;2268;1590
2559;2344;1274;2021;2263;1589
2599;2344;1274;2021;2264;1590
2639;2344;1274;2021;2261;1590
2669;2343;1273;2021;2265;1589
2739;2343;1274;2021;2262;1589
2779;2343;1274;2022;2263;1588
2819;2343;1274;2022;2259;1589
2859;2344;1274;2022;2260;1591
2899;2344;1274;2022;2254;1597
2939;2344;1274;2022;2261;1574
2969;2344;1274;2021;2292;1546
3009;2344;1274;2021;2335;1490
3049;2346;1274;2021;2367;1456
3089;2351;1274;2021;2397;1427
3119;2354;1274;2021;2413;1411
3159;2356;1274;2021;2411;1407
3199;2356;1274;2021;2420;1407
3239;2355;1274;2021;2416;1410
3269;2354;1274;2021;2419;1412
3309;2353;1274;2021;2419;1412
3349;2353;1274;2021;2419;1411
3389;2354;1274;2021;2420;1411
3419;2354;1274;2021;2416;1411
3459;2354;1274;2021;2418;1412
3499;2354;1274;2021;2413;1412
3539;2354;1274;2021;2415;1413
3569;2354;1274;2021;2414;1413
3609;2353;1274;2021;2415;1415
3649;2353;1274;2020;2414;1420
3689;2353;1274;2020;2416;1419
3719;2353;1274;2020;2414;1418
3759;2353;1274;2021;2415;1420
3799;2353;1274;2021;2415;1416
3839;2353;1274;2021;2412;1418
3869;2353;1274;2021;2413;1418
3909;2353;1274;2021;2415;1421
3949;2353;1274;2021;2415;1421
3989;2353;1274;2021;2417;1421
4019;2353;1274;2021;2416;1419
4059;2353;1274;2022;2415;1421
4099;2353;1273;2022;2416;1417
4139;2353;1273;2021;2409;1413
4169;2353;1273;2021;2428;1417
4209;2353;1273;2021;2417;1422
4249;2353;1273;2021;2425;1428
4289;2353;1273;2021;2399;1460
4319;2353;1273;2021;2369;1495
4359;2352;1273;2021;2302;1547
4399;2352;1273;2021;2266;1592
4439;2353;1273;2021;2216;1621
4469;2354;1273;2020;2185;1636
4509;2354;1273;2020;2172;1663
4549;2352;1273;2021;2166;1685
4589;2350;1274;2021;2173;1679
4619;2351;1274;2021;2165;1717
4659;2352;1274;2021;2156;1746
4699;2352;1274;2022;2161;1754
4739;2351;1274;2022;2155;1759
4769;2351;1274;2022;2159;1769
4809;2352;1274;2021;2157;1773
4849;2355;1274;2021;2157;1776
4889;2352;1274;2021;2163;1774
4919;2345;1274;2021;2163;1779
4959;2339;1274;2021;2158;1781
4999;2332;1274;2021;2161;1789
5039;2328;1274;2021;2157;1799
5069;2325;1274;2021;2165;1807
5109;2324;1274;2021;2168;1808
5149;2323;1274;2021;2163;1812
5189;2318;1274;2021;2169;1810
5219;2315;1274;2022;2162;1813
5259;2309;1274;2021;2163;1812
5299;2302;1274;2021;2162;1816
5339;2298;1274;2021;2164;1815
5369;2295;1274;2021;2166;1815
5409;2290;1273;2021;2167;1819
5449;2289;1274;2021;2171;1819
5489;2282;1274;2020;2167;1820
5519;2280;1274;2016;2174;1819
5559;2270;1274;2014;2167;1816
5599;2260;1274;2012;2173;1818
5639;2250;1274;2005;2163;1817
5669;2240;1274;1998;2163;1816
5709;2235;1274;1995;2161;1819
5749;2230;1274;1991;2159;1820
5789;2227;1274;1988;2159;1825
5819;2232;1274;1983;2162;1829
5859;2224;1274;1976;2161;1831
5889;2215;1273;1970;2166;1831
5939;2202;1274;1964;2164;1833
5969;2189;1274;1960;2169;1834
6009;2180;1274;1954;2175;1845
6049;2175;1274;1949;2172;1840
6089;2166;1274;1945;2177;1837
6119;2155;1274;1942;2173;1833
6159;2156;1274;1939;2181;1844
6199;2144;1274;1935;2183;1847
6239;2071;1274;1931;2181;1847
6269;2038;1274;1926;2180;1843
6309;2015;1274;1920;2183;1839
6349;2000;1274;1914;2183;1845
6389;1983;1274;1910;2185;1848
6419;1973;1274;1907;2183;1843
6459;1967;1274;1902;2187;1844
6499;1957;1274;1901;2185;1841
6539;1945;1274;1893;2185;1841
6549;1941;1274;1888;2188;1846
6629;1926;1274;1883;2185;1851
6689;1921;1274;1880;2191;1853
6719;1914;1274;1877;2190;1852
6759;1899;1274;1874;2191;1847
6799;1893;1274;1871;2191;1851
6839;1885;1274;1865;2194;1853
6869;1856;1275;1854;2189;1854
6909;1857;1275;1847;2176;1879
6949;1855;1275;1839;2178;1919
6989;1848;1275;1830;2180;1917
7019;1845;1274;1826;2181;1902
7059;1835;1274;1822;2182;1890
7099;1824;1274;1819;2184;1899
7139;1820;1274;1816;2192;1890
7169;1810;1274;1813;2196;1887
7209;1793;1274;1809;2205;1868
7249;1784;1274;1807;2201;1858
7289;1776;1274;1806;2197;1834
7319;1772;1274;1806;2184;1797
7359;1755;1274;1806;2196;1775
7399;1751;1275;1804;2193;1770
7439;1745;1275;1801;2195;1775
7469;1725;1275;1798;2197;1780
7509;1707;1275;1792;2193;1777
7549;1686;1275;1785;2175;1785
7589;1657;1275;1780;2182;1788
7619;1622;1275;1778;2175;1795
7659;1572;1275;1774;2179;1795
7699;1545;1275;1771;2175;1799
7739;1531;1275;1764;2184;1798
7769;1513;1275;1757;2179;1803
7809;1507;1275;1752;2174;1802
7849;1498;1275;1747;2171;1800
7889;1489;1275;1744;2174;1794
7919;1481;1275;1740;2169;1796
7959;1473;1275;1733;2163;1792
7999;1461;1275;1727;2161;1800
8039;1455;1275;1724;2175;1772
8069;1448;1275;1722;2175;1768
8109;1430;1275;1721;2173;1762
8149;1420;1275;1718;2174;1765
8189;1411;1275;1713;2176;1750
8219;1404;1275;1709;2176;1751
8259;1393;1275;1705;2175;1747
8299;1381;1275;1701;2172;1741
8339;1373;1275;1695;2171;1737
8369;1358;1275;1692;2168;1737
8409;1345;1275;1686;2177;1733
8449;1338;1275;1681;2174;1739
8489;1329;1275;1675;2178;1738
8519;1321;1275;1668;2182;1726
8559;1311;1275;1662;2178;1738
8599;1305;1275;1657;2178;1732
8639;1298;1274;1652;2179;1733
8669;1289;1274;1645;2182;1730
8709;1277;1274;1636;2177;1737
8749;1268;1274;1625;2182;1728
8789;1256;1274;1612;2182;1732
8819;1248;1274;1606;2198;1701
8859;1238;1271;1604;2197;1675
8899;1232;1261;1603;2206;1654
8939;1219;1249;1602;2182;1656
8969;1205;1243;1602;2180;1672
9009;1199;1234;1601;2184;1678
9049;1191;1228;1601;2192;1688
9069;1187;1225;1601;2191;1696
9089;1181;1224;1600;2190;1694
9119;1175;1223;1601;2191;1699
9159;1169;1223;1601;2187;1711
9199;1161;1223;1594;2186;1732
9239;1152;1222;1589;2186;1742
9269;1145;1215;1586;2191;1718
9309;1135;1211;1584;2192;1728
9349;1128;1203;1583;2194;1720
9389;1118;1194;1582;2196;1729
9419;1112;1189;1581;2191;1734
9459;1101;1186;1580;2193;1735
9499;1097;1180;1578;2194;1727
9539;1088;1180;1575;2197;1731
9569;1078;1181;1570;2193;1747
9609;1072;1181;1562;2191;1772
9649;1068;1181;1552;2191;1773
9689;1055;1177;1545;2197;1760
9719;1046;1170;1542;2202;1752
9759;1040;1164;1540;2190;1766
9799;1034;1161;1540;2195;1762
9839;1025;1157;1539;2196;1768
9869;1020;1143;1538;2204;1752
9909;1014;1135;1538;2202;1760
9949;1008;1135;1536;2204;1767
9989;1002;1135;1533;2206;1781
10019;992;1136;1529;2194;1794
10059;987;1137;1517;2197;1822
10099;982;1137;1504;2196;1830
10139;975;1137;1494;2197;1844
10169;971;1132;1489;2200;1815
10209;967;1126;1487;2193;1843
10249;963;1120;1485;2194;1836
10279;959;1117;1484;2193;1847
10289;956;1115;1483;2195;1844
10319;952;1115;1483;2192;1848
10359;945;1114;1483;2195;1844
10399;939;1113;1482;2194;1848
10439;935;1112;1481;2192;1845
10469;931;1111;1480;2189;1853
10509;928;1110;1476;2184;1862
10549;923;1109;1468;2180;1882
10589;918;1106;1461;2179;1891
10619;913;1100;1458;2182;1887
10659;910;1096;1456;2184;1897
10699;907;1094;1455;2185;1905
10739;902;1092;1453;2191;1925
10769;897;1091;1444;2195;1941
10809;893;1090;1433;2207;1957
10849;889;1090;1424;2201;1927
10889;885;1090;1418;2199;1908
10919;882;1090;1416;2199;1903
10959;880;1090;1414;2198;1920
10999;879;1089;1411;2203;1924
11039;878;1089;1410;2207;1945
11069;876;1090;1408;2208;1955
11109;874;1090;1407;2208;1969
11149;873;1090;1406;2214;1988
11189;869;1089;1405;2216;1994
11219;866;1087;1403;2210;1982
11259;865;1085;1402;2215;1991
11299;863;1081;1401;2212;2000
11339;862;1075;1400;2212;2008
11369;858;1073;1398;2213;2031
11409;856;1073;1392;2223;2042
11449;855;1072;1389;2228;2075
11489;852;1069;1387;2223;2074
11519;851;1067;1387;2224;2055
11559;850;1065;1387;2224;2046
11599;850;1065;1386;2225;2043
11639;849;1065;1386;2227;2047
11669;849;1065;1386;2226;2052
11709;849;1065;1386;2229;2073
11749;848;1065;1386;2230;2079
11789;847;1064;1386;2232;2088
11819;846;1064;1386;2227;2090
11859;846;1064;1386;2229;2094
11899;845;1064;1385;2228;2094
11939;845;1064;1385;2228;2092
11969;845;1064;1384;2230;2090
12009;845;1064;1384;2231;2089
12049;845;1064;1384;2231;2087
12089;844;1064;1384;2230;2088
12119;844;1064;1384;2231;2086
12159;844;1064;1385;2230;2083
12199;843;1064;1385;2228;2079
12239;843;1064;1385;2226;2075
12269;843;1064;1385;2226;2069
12309;843;1064;1385;2227;2067
12349;842;1064;1385;2227;2069
12389;842;1064;1385;2229;2067
12419;842;1064;1385;2228;2066
12459;842;1064;1385;2226;2067
12499;842;1064;1385;2227;2068
12539;842;1064;1385;2230;2064
12569;842;1064;1384;2231;2074
12609;842;1064;1384;2235;2081
12649;842;1064;1384;2242;2088
12689;843;1064;1384;2241;2030
12719;843;1064;1384;2232;1978
12759;843;1065;1384;2201;1857
12799;843;1065;1385;2229;1760
12839;843;1065;1385;2240;1701
12869;843;1065;1385;2261;1656
12909;844;1065;1385;2279;1617
12949;844;1065;1386;2278;1596
12989;844;1065;1386;2306;1564
13019;844;1065;1386;2326;1550
13059;844;1065;1386;2340;1536
13099;844;1065;1386;2356;1525
13139;845;1065;1386;2356;1524
13169;846;1065;1386;2370;1522
13209;850;1065;1387;2373;1526
13249;851;1065;1387;2372;1530
13289;854;1065;1387;2375;1532
13319;857;1065;1387;2372;1531
13359;861;1066;1387;2379;1531
13399;868;1066;1387;2381;1537
13439;875;1065;1387;2392;1538
13469;879;1065;1387;2385;1542
13509;887;1065;1387;2384;1547
13549;892;1065;1387;2382;1544
13589;899;1065;1388;2386;1541
13619;904;1065;1388;2388;1541
13659;910;1065;1388;2389;1534
13699;917;1065;1387;2393;1531
13739;923;1065;1387;2390;1536
13769;928;1065;1387;2400;1528
13809;932;1065;1389;2408;1513
13849;939;1065;1392;2417;1514
13889;947;1065;1396;2418;1513
13919;953;1065;1401;2424;1514
13959;960;1065;1407;2437;1513
13999;968;1066;1413;2444;1508
14039;972;1066;1418;2452;1504
14069;974;1066;1422;2449;1505
14109;983;1066;1426;2452;1502
14149;991;1066;1433;2454;1501
14189;999;1066;1440;2448;1495
14219;1006;1066;1445;2454;1492
14259;1013;1066;1450;2460;1493
14299;1018;1066;1456;2462;1494
14339;1024;1066;1462;2466;1494
14369;1033;1066;1468;2470;1490
14409;1040;1066;1475;2467;1490
14449;1050;1066;1479;2471;1493
14489;1058;1066;1486;2472;1496
14519;1067;1066;1490;2442;1506
14559;1073;1066;1497;2442;1509
14599;1084;1066;1504;2439;1507
14639;1092;1066;1509;2439;1505
14669;1099;1066;1514;2447;1502
14709;1106;1066;1521;2476;1507
14749;1116;1066;1529;2474;1512
14789;1122;1066;1537;2474;1510
14819;1129;1066;1544;2471;1515
14859;1135;1066;1550;2480;1513
14899;1145;1066;1559;2470;1513
14939;1154;1066;1565;2477;1515
14969;1163;1066;1571;2484;1511
15009;1170;1066;1578;2466;1502
15049;1182;1067;1585;2482;1499
15089;1191;1067;1593;2471;1504
15119;1194;1067;1602;2501;1505
15159;1201;1067;1607;2499;1504
15199;1215;1067;1611;2460;1511
15239;1223;1067;1616;2544;1513
15269;1231;1067;1622;2493;1500
15309;1238;1067;1627;2425;1496
15349;1248;1067;1635;2473;1487
15389;1256;1067;1644;2434;1480
15419;1264;1067;1648;2403;1498
15459;1275;1067;1656;2519;1500
15499;1286;1067;1665;2456;1491
15539;1293;1067;1672;2384;1499
15569;1301;1067;1679;2445;1494
15609;1309;1067;1685;2445;1493
15649;1318;1067;1693;2426;1500
15689;1326;1067;1698;2470;1492
15719;1331;1067;1706;2451;1486
15759;1340;1067;1712;2445;1491
15799;1354;1067;1717;2454;1484
15839;1363;1067;1723;2448;1490
15869;1375;1067;1732;2457;1483
15909;1386;1067;1739;2451;1488
15949;1395;1067;1746;2451;1480
15989;1405;1067;1754;2456;1487
16029;1411;1067;1762;2451;1479
16069;1428;1067;1769;2449;1479
16109;1435;1067;1775;2439;1478
16139;1443;1067;1781;2441;1473
16169;1453;1067;1787;2440;1471
16209;1463;1067;1794;2437;1473
16249;1471;1067;1804;2441;1469
16289;1478;1067;1810;2445;1467
16319;1486;1067;1814;2437;1470
16359;1493;1067;1819;2430;1470
16399;1491;1067;1825;2442;1469
16439;1510;1067;1830;2436;1465
16469;1517;1067;1835;2444;1465
16509;1529;1067;1840;2451;1456
16549;1565;1067;1847;2443;1467
16589;1596;1067;1855;2460;1454
16659;1646;1067;1865;2436;1461
16709;1673;1068;1870;2427;1472
16739;1710;1071;1872;2405;1478
16779;1726;1078;1874;2397;1468
16819;1741;1084;1875;2408;1462
16859;1756;1087;1877;2413;1457
16899;1761;1088;1881;2412;1459
16979;1779;1097;1884;2394;1451
17019;1789;1103;1890;2400;1451
17099;1805;1106;1898;2400;1453
17139;1820;1110;1903;2387;1462
17179;1827;1116;1906;2396;1451
17219;1845;1123;1907;2397;1449
17259;1853;1128;1908;2405;1452
17299;1863;1132;1913;2405;1449
17339;1875;1134;1921;2406;1451
17369;1884;1135;1929;2404;1450
17409;1897;1135;1934;2402;1452
17449;1903;1135;1937;2408;1449
17489;1913;1135;1941;2394;1452
17519;1920;1143;1943;2404;1449
17559;1924;1150;1944;2403;1454
17599;1936;1157;1944;2403;1450
17639;1944;1161;1944;2395;1452
17669;1950;1171;1944;2398;1450
17709;1960;1176;1944;2396;1451
17749;1969;1179;1946;2406;1449
17789;1977;1180;1950;2409;1447
17819;1984;1181;1955;2411;1448
17859;1988;1181;1960;2411;1449
17899;1998;1181;1964;2417;1446
17939;2001;1182;1971;2416;1448
17969;2011;1182;1977;2418;1449
18009;2080;1182;1981;2420;1446
18049;2122;1182;1985;2421;1447
18089;2147;1182;1989;2428;1446
18119;2160;1182;1991;2436;1447
18159;2168;1182;1999;2437;1445
18199;2176;1182;2003;2423;1445
18239;2182;1188;2006;2420;1449
18269;2192;1196;2007;2421;1449
18309;2202;1201;2008;2422;1449
18349;2208;1206;2008;2416;1452
18389;2216;1209;2009;2418;1449
18419;2224;1210;2009;2420;1449
18459;2229;1215;2009;2425;1446
18499;2235;1220;2009;2426;1449
18539;2238;1223;2009;2424;1444
18569;2244;1227;2009;2432;1444
18609;2253;1231;2009;2438;1441
18649;2259;1231;2009;2438;1443
18689;2264;1233;2009;2441;1435
18719;2272;1235;2010;2438;1438
18759;2274;1236;2010;2449;1435
18799;2274;1237;2010;2446;1436
18839;2276;1237;2010;2452;1435
18869;2277;1237;2010;2448;1435
18909;2276;1237;2010;2453;1436
18949;2275;1237;2010;2451;1434
18989;2276;1237;2010;2458;1432
19019;2275;1237;2011;2459;1431
19059;2281;1237;2011;2461;1432
19099;2286;1237;2012;2469;1432
19139;2288;1238;2012;2470;1431
19169;2295;1237;2012;2478;1432
19209;2304;1237;2011;2498;1432
19249;2309;1237;2012;2472;1432
19289;2309;1243;2014;2473;1427
19319;2310;1248;2015;2462;1428
19359;2310;1251;2015;2466;1427
19399;2312;1251;2015;2474;1428
19439;2315;1252;2015;2470;1428
19469;2316;1252;2015;2478;1428
19509;2316;1253;2016;2475;1430
19539;2316;1253;2016;2476;1432
19549;2316;1253;2016;2478;1432
19589;2316;1253;2015;2474;1430
19619;2317;1253;2015;2477;1432
19659;2318;1253;2016;2476;1429
19699;2319;1253;2016;2485;1427
19739;2321;1254;2016;2481;1425
19769;2322;1254;2016;2485;1426
19809;2325;1254;2017;2489;1426
19849;2330;1254;2019;2501;1427
19889;2331;1254;2020;2495;1427
19919;2335;1254;2020;2501;1429
19959;2333;1254;2021;2501;1429
19999;2332;1254;2021;2500;1429
20039;2331;1254;2021;2504;1430
20069;2331;1254;2021;2491;1428
20109;2332;1254;2021;2494;1423
20149;2333;1254;2021;2491;1420
20189;2336;1254;2021;2502;1421
20219;2338;1254;2021;2499;1424
20259;2339;1254;2021;2500;1424
20299;2340;1254;2022;2493;1423
20339;2340;1254;2022;2503;1424
20369;2340;1255;2022;2508;1424
20409;2341;1255;2023;2509;1423
20449;2341;1255;2023;2517;1423
20489;2341;1255;2023;2514;1426
20519;2341;1255;2024;2516;1425
20559;2341;1255;2023;2513;1428
20599;2340;1255;2023;2513;1429
20639;2340;1255;2023;2511;1430
20669;2340;1255;2024;2505;1429
20709;2340;1255;2024;2499;1426
20749;2340;1255;2023;2504;1426
20789;2340;1255;2023;2505;1426
20819;2340;1255;2023;2503;1427
20859;2340;1255;2023;2506;1427
20899;2340;1255;2023;2505;1426
20939;2339;1255;2023;2503;1427
20969;2339;1255;2023;2503;1426
21009;2339;1255;2023;2504;1426
21049;2339;1255;2023;2501;1427
21089;2338;1255;2023;2503;1428
21119;2338;1255;2023;2498;1427
21159;2338;1255;2023;2497;1426
21199;2338;1255;2023;2497;1426
21239;2338;1255;2023;2495;1426
21269;2338;1255;2023;2496;1427
21309;2338;1255;2023;2492;1425
21349;2337;1255;2023;2492;1426
21389;2337;1255;2023;2493;1426
21419;2338;1255;2023;2494;1426
21459;2338;1255;2024;2493;1426
21499;2338;1255;2024;2497;1428
21539;2339;1255;2024;2500;1427
21569;2339;1255;2023;2497;1428
21609;2338;1255;2023;2496;1428
21649;2338;1255;2023;2493;1427
21689;2338;1255;2023;2494;1426
21719;2338;1255;2024;2493;1427
21759;2338;1255;2024;2493;1428
21799;2338;1255;2023;2496;1426
21839;2339;1255;2023;2495;1427
21869;2339;1255;2023;2494;1427
21939;2339;1255;2023;2496;1428
21979;2338;1255;2023;2501;1429
22019;2338;1255;2024;2508;1430
22059;2338;1255;2023;2515;1433
22099;2337;1255;2023;2508;1434
22139;2338;1255;2023;2480;1441
22169;2338;1255;2023;2454;1456
22209;2338;1255;2023;2405;1493
22249;2339;1255;2023;2390;1518
22289;2340;1255;2023;2379;1519
22319;2340;1255;2023;2381;1522
22359;2340;1255;2023;2391;1520
22399;2340;1255;2023;2388;1521
22439;2340;1255;2023;2393;1521
22469;2339;1255;2024;2390;1522
22509;2339;1255;2024;2392;1522
22549;2340;1255;2024;2391;1522
22589;2340;1255;2023;2397;1522
22619;2340;1255;2024;2396;1523
22659;2340;1255;2024;2394;1523
22699;2339;1255;2024;2397;1521
22739;2340;1255;2024;2396;1522
22769;2340;1255;2024;2394;1524
22809;2340;1255;2024;2396;1523
22849;2339;1255;2024;2396;1521
22889;2339;1255;2024;2396;1520
22919;2339;1255;2024;2398;1521
22959;2339;1255;2024;2398;1520
22999;2340;1255;2024;2396;1521
23039;2340;1255;2024;2399;1522
23069;2340;1255;2024;2392;1520
23109;2339;1255;2024;2398;1521
23149;2338;1255;2024;2400;1520
23189;2338;1255;2024;2400;1520
23219;2338;1255;2024;2398;1520
23259;2338;1255;2024;2402;1520
23299;2338;1255;2024;2403;1521
23339;2338;1255;2024;2404;1519
23369;2339;1255;2024;2404;1519
23409;2339;1255;2024;2405;1519
23449;2339;1255;2024;2403;1520
23489;2339;1255;2024;2407;1518
23519;2339;1255;2024;2405;1519
23559;2340;1255;2023;2409;1512
23599;2339;1255;2023;2407;1514
23639;2339;1255;2023;2409;1511
23669;2339;1255;2023;2408;1513
23709;2339;1255;2023;2408;1515
23749;2339;1255;2024;2408;1509
23789;2339;1255;2024;2409;1512
23819;2340;1255;2023;2410;1509
23859;2340;1255;2023;2406;1514
23899;2340;1255;2023;2410;1513
23939;2340;1255;2023;2407;1515
23969;2339;1255;2024;2408;1516
24009;2339;1255;2024;2410;1514
24049;2338;1255;2024;2409;1514
24089;2339;1255;2024;2410;1512
24119;2339;1255;2024;2405;1515
24159;2339;1255;2024;2411;1512
24199;2339;1255;2024;2405;1516
24239;2339;1255;2024;2408;1512
24269;2339;1255;2024;2404;1516
24309;2339;1255;2023;2404;1515
24349;2339;1256;2024;2402;1515
24389;2339;1256;2023;2403;1514
24419;2339;1255;2023;2403;1514
24459;2339;1255;2024;2401;1515
24499;2339;1255;2024;2403;1515
24539;2339;1254;2024;2402;1516
24569;2339;1255;2024;2403;1515
24609;2339;1255;2024;2403;1518
24649;2339;1255;2024;2403;1516
24689;2339;1255;2024;2402;1516
24719;2339;1255;2024;2401;1517
24759;2339;1255;2024;2402;1518
24799;2339;1255;2024;2397;1520
24839;2339;1255;2023;2401;1516
24869;2339;1255;2023;2397;1519
24909;2339;1255;2023;2389;1523
24949;2339;1255;2023;2384;1517
24989;2339;1255;2023;2417;1469
25019;2339;1255;2023;2439;1450
25059;2341;1255;2023;2460;1415
25099;2343;1255;2023;2482;1404
25139;2343;1255;2023;2455;1415
25169;2343;1255;2024;2474;1423
25209;2342;1255;2024;2475;1423
25249;2342;1255;2024;2476;1424
25289;2342;1255;2024;2477;1424
25319;2342;1255;2024;2477;1425
25359;2342;1255;2023;2479;1425
25399;2342;1255;2023;2477;1425
25439;2341;1255;2024;2479;1426
25469;2341;1255;2024;2473;1427
25509;2341;1255;2024;2475;1428
25549;2341;1255;2024;2473;1428
25589;2341;1256;2024;2472;1428
25619;2341;1256;2024;2473;1429
25659;2341;1256;2024;2476;1429
25699;2341;1255;2024;2476;1430
25739;2340;1255;2024;2477;1429
25769;2340;1255;2024;2474;1430
25809;2340;1256;2024;2478;1430
25849;2340;1255;2024;2482;1430
25889;2340;1255;2024;2481;1431
25919;2340;1254;2023;2479;1430
25959;2340;1255;2023;2481;1430
25999;2340;1255;2023;2481;1430
26039;2341;1255;2023;2482;1431
26069;2341;1255;2023;2484;1432
26109;2341;1255;2024;2486;1431
26149;2341;1255;2024;2499;1434
26189;2340;1255;2024;2499;1433
26219;2340;1255;2024;2496;1434
26259;2341;1255;2024;2496;1437
26299;2340;1255;2024;2449;1461
26339;2342;1255;2024;2403;1500
26369;2343;1255;2024;2352;1531
26409;2344;1255;2024;2277;1561
26449;2347;1255;2024;2246;1592
26489;2345;1255;2024;2236;1638
26519;2344;1255;2024;2232;1655
26559;2344;1255;2024;2220;1674
26599;2344;1255;2024;2210;1678
26639;2350;1255;2024;2198;1709
26669;2352;1255;2024;2201;1725
26709;2353;1255;2024;2200;1734
26749;2353;1255;2024;2188;1740
26789;2355;1255;2024;2195;1744
26819;2353;1255;2024;2184;1753
26859;2356;1255;2024;2188;1759
26899;2354;1255;2024;2183;1764
26939;2351;1255;2024;2188;1767
26969;2348;1255;2024;2180;1769
27009;2343;1255;2024;2188;1768
27049;2338;1255;2024;2184;1769
27089;2332;1255;2024;2182;1771
27119;2327;1255;2024;2187;1774
27159;2324;1255;2024;2182;1778
27199;2325;1255;2024;2189;1779
27239;2324;1255;2024;2188;1778
27269;2320;1255;2024;2186;1777
27309;2314;1255;2024;2185;1778
27349;2305;1255;2024;2186;1779
27389;2301;1255;2024;2186;1780
27419;2297;1255;2024;2186;1780
27459;2292;1255;2024;2187;1781
27499;2293;1255;2024;2184;1785
27539;2288;1255;2024;2185;1786
27569;2282;1255;2024;2183;1789
27609;2277;1255;2025;2181;1787
27649;2264;1255;2023;2183;1786
27689;2254;1255;2017;2180;1785
27719;2244;1255;2015;2186;1783
27759;2241;1255;2012;2181;1790
27799;2234;1255;2007;2182;1788
27839;2227;1255;1999;2182;1783
27869;2229;1255;1996;2185;1780
27909;2223;1255;1993;2183;1786
27949;2213;1255;1991;2189;1788
27989;2200;1255;1988;2187;1785
28019;2189;1255;1982;2188;1786
28059;2181;1255;1975;2192;1790
28099;2176;1255;1968;2191;1788
28139;2169;1255;1964;2196;1789
28169;2156;1255;1960;2195;1787
28209;2154;1255;1954;2193;1786
28249;2143;1255;1949;2194;1786
28289;2073;1255;1944;2193;1791
28319;2037;1255;1940;2190;1795
28359;2014;1255;1937;2189;1786
28399;1996;1256;1933;2196;1790
28439;1987;1256;1926;2195;1790
28469;1977;1256;1920;2196;1789
28509;1970;1256;1914;2198;1796
28549;1960;1256;1911;2205;1791
28589;1947;1256;1907;2204;1800
28619;1940;1256;1903;2209;1796
28659;1931;1256;1901;2211;1788
28699;1927;1256;1896;2213;1789
28739;1917;1256;1890;2215;1795
28769;1910;1256;1886;2210;1793
28809;1899;1256;1882;2213;1788
28849;1892;1256;1880;2210;1789
28889;1883;1256;1877;2210;1789
28919;1865;1256;1875;2211;1787
28959;1860;1256;1871;2210;1790
28999;1850;1255;1867;2210;1787
29039;1848;1255;1857;2210;1789
29099;1836;1255;1853;2213;1787
29139;1826;1255;1849;2207;1789
29189;1810;1255;1845;2210;1794
29219;1804;1255;1841;2212;1791
29259;1791;1255;1837;2212;1787
29299;1781;1255;1834;2211;1792
29339;1773;1255;1830;2215;1790
29369;1771;1256;1826;2216;1789
29409;1753;1256;1824;2210;1783
29449;1748;1256;1822;2209;1792
29489;1726;1256;1818;2211;1784
29519;1716;1256;1814;2212;1785
29559;1704;1256;1809;2209;1786
29599;1668;1256;1805;2210;1787
29639;1628;1255;1802;2216;1769
29669;1593;1255;1799;2219;1763
29709;1559;1255;1796;2224;1753
29749;1545;1255;1789;2220;1753
29789;1519;1255;1783;2227;1750
29819;1511;1255;1780;2231;1744
29859;1503;1255;1779;2226;1745
29899;1492;1255;1774;2214;1756
29919;1485;1255;1771;2212;1761
29939;1481;1255;1769;2213;1756
29969;1477;1255;1765;2212;1766
30009;1469;1255;1760;2218;1755
30049;1458;1255;1755;2210;1757
30089;1453;1256;1752;2210;1765
30119;1442;1256;1748;2215;1757
30159;1428;1256;1744;2221;1764
30199;1415;1255;1739;2214;1751
30239;1407;1255;1731;2222;1748
30269;1401;1255;1726;2217;1752
30309;1386;1255;1724;2211;1749
30349;1379;1255;1722;2217;1749
30389;1366;1255;1718;2195;1753
30419;1344;1255;1712;2208;1755
30459;1337;1255;1704;2203;1751
30499;1333;1255;1698;2205;1751
30539;1325;1255;1693;2209;1760
30569;1318;1255;1687;2210;1770
30609;1310;1255;1680;2207;1760
30649;1303;1255;1671;2222;1744
30689;1296;1255;1666;2232;1699
30719;1283;1255;1664;2236;1701
30759;1275;1255;1663;2235;1694
30799;1263;1254;1662;2241;1678
30839;1253;1254;1662;2231;1685
30869;1248;1254;1662;2226;1692
30909;1239;1254;1662;2221;1706
30949;1234;1254;1658;2225;1716
30989;1223;1254;1654;2222;1715
31019;1212;1254;1643;2222;1726
31059;1204;1253;1632;2214;1742
31099;1195;1253;1624;2212;1745
31139;1185;1254;1619;2217;1744
31169;1176;1246;1618;2221;1711
31209;1170;1239;1616;2213;1737
31249;1161;1232;1616;2219;1744
31289;1152;1221;1616;2214;1745
31319;1145;1216;1616;2224;1754
31359;1136;1212;1613;2211;1758
31399;1129;1211;1601;2210;1776
31439;1120;1210;1587;2204;1793
31469;1114;1210;1572;2200;1787
31509;1106;1209;1556;2208;1792
31549;1100;1203;1546;2224;1758
31589;1089;1193;1541;2217;1766
31619;1079;1188;1539;2216;1765
31659;1073;1185;1537;2223;1759
31699;1069;1178;1536;2218;1747
31739;1060;1179;1536;2211;1745
31769;1051;1179;1536;2219;1750
31809;1042;1175;1536;2218;1759
31849;1037;1170;1530;2207;1783
31889;1028;1166;1523;2212;1785
31919;1023;1162;1519;2201;1797
31959;1018;1160;1513;2208;1798
31999;1013;1159;1502;2205;1812
32039;1007;1159;1494;2198;1821
32069;1002;1152;1489;2213;1789
32109;992;1142;1487;2204;1798
32149;986;1136;1486;2204;1813
32189;981;1135;1486;2203;1805
32219;974;1136;1486;2200;1799
32259;971;1136;1484;2202;1816
32299;967;1134;1480;2200;1838
32339;962;1130;1476;2198;1839
32369;958;1126;1472;2200;1850
32409;954;1125;1465;2190;1873
32449;948;1124;1456;2191;1885
32489;941;1119;1451;2191;1881
32519;936;1115;1449;2188;1880
32559;932;1113;1448;2192;1878
32599;929;1111;1448;2185;1867
32639;925;1111;1447;2196;1863
32669;919;1111;1447;2190;1867
32709;914;1110;1444;2186;1877
32749;911;1108;1439;2187;1896
32789;908;1103;1435;2179;1888
32819;905;1099;1431;2182;1922
32859;901;1096;1427;2183;1947
32899;896;1093;1426;2185;1970
32939;892;1091;1422;2185;1981
32969;890;1090;1418;2185;1988
33009;887;1088;1414;2188;1980
33049;882;1085;1412;2189;1979
33089;877;1083;1412;2190;1979
33119;874;1081;1411;2190;1978
33159;869;1079;1410;2189;1977
33199;866;1079;1409;2191;1977
33239;864;1078;1408;2195;1990
33269;863;1078;1407;2201;2002
33309;862;1078;1406;2208;2026
33349;861;1077;1403;2206;2045
33389;857;1073;1400;2203;2039
33419;856;1071;1399;2205;2061
33459;855;1071;1397;2205;2064
33499;855;1071;1396;2205;2069
33539;854;1072;1395;2207;2073
33569;854;1072;1394;2205;2076
33609;855;1072;1393;2209;2083
33649;855;1072;1391;2210;2100
33689;853;1072;1388;2210;2121
33719;851;1072;1381;2212;2118
33759;846;1068;1378;2214;2108
33799;844;1066;1376;2215;2101
33839;842;1065;1375;2215;2099
33869;841;1064;1375;2213;2091
33909;841;1064;1375;2213;2090
33949;841;1064;1375;2216;2089
33989;841;1064;1375;2214;2088
34019;840;1064;1375;2215;2091
34059;840;1064;1375;2216;2090
34099;840;1064;1374;2218;2091
34139;840;1064;1374;2220;2091
34169;840;1064;1374;2220;2089
34209;841;1065;1374;2220;2091
34249;841;1065;1374;2221;2090
34289;841;1065;1374;2221;2092
34319;841;1065;1374;2223;2091
34359;840;1065;1374;2222;2093
34399;840;1065;1374;2226;2094
34439;839;1065;1374;2227;2096
34469;840;1065;1374;2226;2095
34509;840;1065;1375;2231;2095
34549;841;1065;1375;2234;2092
34589;841;1065;1375;2227;2073
34619;840;1065;1375;2224;2005
34659;840;1065;1375;2210;1927
34699;840;1065;1375;2211;1847
34739;841;1065;1375;2227;1773
34769;841;1065;1375;2229;1738
34809;841;1065;1375;2254;1680
34849;841;1065;1375;2255;1657
34889;841;1065;1375;2276;1620
34919;842;1065;1375;2285;1606
34959;842;1065;1374;2308;1589
34999;842;1065;1374;2317;1571
35039;842;1065;1374;2328;1557
35069;842;1065;1375;2338;1553
35099;842;1065;1375;2331;1552
35109;842;1065;1375;2333;1549
35149;842;1065;1375;2342;1545
35189;844;1065;1375;2340;1537
35219;848;1065;1375;2349;1532
35259;852;1065;1375;2354;1530
35299;854;1065;1375;2347;1531
35339;857;1065;1375;2360;1519
35369;859;1065;1375;2355;1516
35409;861;1065;1375;2369;1518
35449;867;1065;1375;2378;1513
35489;874;1065;1375;2383;1516
35519;879;1065;1376;2393;1510
35559;887;1065;1378;2397;1509
35599;893;1065;1382;2397;1504
35639;901;1065;1386;2401;1501
35669;906;1065;1391;2404;1501
35709;913;1065;1398;2408;1499
35749;920;1065;1405;2412;1496
35789;925;1065;1411;2409;1492
35819;931;1065;1415;2415;1490
35859;936;1065;1418;2412;1486
35899;945;1065;1422;2409;1492
35939;952;1065;1424;2404;1502
35969;958;1065;1425;2397;1497
36009;966;1065;1426;2405;1490
36049;971;1065;1427;2400;1493
36089;975;1065;1430;2400;1495
36119;984;1065;1434;2401;1497
36159;990;1065;1439;2399;1496
36199;998;1065;1442;2401;1491
36239;1006;1065;1446;2401;1488
36269;1014;1065;1450;2402;1488
36309;1019;1065;1456;2405;1488
36349;1024;1066;1460;2406;1484
36389;1033;1065;1466;2410;1482
36419;1040;1065;1471;2409;1480
36459;1051;1065;1476;2412;1483
36499;1060;1065;1482;2386;1498
36539;1067;1065;1487;2379;1491
36569;1074;1065;1491;2378;1491
36609;1085;1065;1498;2378;1494
36649;1092;1065;1505;2388;1494
36689;1100;1065;1512;2373;1485
36719;1107;1065;1519;2383;1488
36759;1116;1065;1525;2383;1493
36799;1122;1065;1532;2382;1494
36839;1129;1065;1541;2387;1490
36869;1136;1065;1548;2387;1490
36909;1146;1065;1556;2396;1490
36949;1156;1065;1562;2394;1489
36989;1164;1065;1571;2395;1486
37019;1171;1065;1576;2394;1487
37059;1182;1065;1582;2390;1486
37099;1191;1065;1591;2392;1488
37139;1197;1065;1600;2391;1483
37169;1204;1065;1606;2389;1481
37209;1215;1065;1610;2394;1484
37249;1223;1065;1615;2406;1484
37289;1233;1065;1621;2393;1486
37319;1240;1065;1625;2396;1488
37359;1250;1065;1631;2407;1486
37399;1258;1065;1640;2399;1486
37439;1270;1065;1647;2405;1486
37469;1279;1066;1651;2405;1487
37509;1289;1066;1660;2404;1488
37549;1295;1066;1668;2405;1488
37589;1303;1066;1676;2408;1486
37619;1311;1066;1683;2409;1485
37659;1320;1066;1687;2407;1489
37699;1326;1066;1694;2415;1484
37739;1329;1066;1702;2415;1485
37769;1341;1066;1709;2410;1485
37809;1356;1066;1714;2409;1484
37849;1365;1066;1721;2414;1483
37889;1378;1066;1731;2410;1482
37919;1388;1066;1737;2414;1480
37959;1395;1066;1743;2422;1479
37999;1405;1066;1751;2421;1478
38039;1415;1066;1759;2432;1474
38069;1431;1066;1764;2426;1471
38109;1438;1066;1770;2427;1474
38149;1443;1065;1773;2421;1473
38189;1454;1065;1782;2421;1470
38219;1463;1065;1787;2430;1470
38259;1471;1065;1796;2426;1467
38299;1479;1065;1804;2426;1467
38339;1492;1065;1811;2423;1463
38369;1496;1065;1817;2427;1464
38409;1504;1065;1825;2425;1463
38449;1514;1065;1830;2429;1458
38489;1518;1065;1835;2438;1460
38519;1531;1065;1838;2433;1463
38559;1560;1065;1842;2453;1463
38599;1595;1065;1850;2435;1462
38639;1618;1066;1857;2434;1458
38669;1662;1066;1863;2432;1457
38709;1682;1067;1869;2420;1452
38749;1714;1067;1873;2417;1453
38789;1728;1067;1877;2422;1449
38819;1738;1068;1880;2408;1453
38859;1754;1073;1885;2406;1448
38899;1761;1080;1888;2397;1457
38939;1769;1085;1890;2406;1446
38969;1773;1089;1894;2406;1447
39009;1784;1094;1896;2385;1445
39049;1801;1099;1896;2393;1447
39089;1805;1102;1900;2386;1446
39119;1815;1104;1904;2392;1443
39159;1824;1104;1909;2396;1447
39199;1834;1105;1918;2398;1443
39239;1848;1106;1924;2402;1442
39269;1854;1107;1932;2403;1438
39309;1864;1108;1936;2405;1440
39349;1875;1109;1940;2407;1440
39389;1885;1111;1947;2395;1444
39419;1897;1113;1951;2407;1444
39459;1906;1120;1953;2399;1440
39499;1913;1125;1955;2409;1441
39539;1921;1128;1958;2410;1442
39569;1925;1129;1960;2411;1443
39609;1936;1131;1963;2410;1442
39649;1944;1136;1964;2411;1442
39689;1952;1137;1965;2416;1439
39719;1960;1137;1967;2416;1440
39759;1969;1136;1976;2415;1439
39799;1977;1137;1983;2421;1438
39839;1986;1137;1987;2423;1438
39869;1989;1136;1990;2427;1434
39909;1998;1136;1995;2427;1439
39949;2002;1135;2002;2427;1435
39989;2017;1135;2007;2442;1434
40019;2022;1134;2009;2444;1434
40059;2094;1144;2010;2427;1439
40099;2135;1151;2011;2439;1434
40139;2156;1156;2011;2444;1435
40169;2166;1161;2012;2441;1434
40209;2175;1168;2013;2446;1434
40249;2183;1175;2014;2441;1435
40289;2196;1176;2014;2450;1437
40319;2204;1174;2012;2441;1440
40359;2208;1180;2013;2438;1440
40399;2214;1187;2013;2453;1437
40439;2222;1195;2013;2440;1442
40469;2228;1200;2014;2450;1439
40509;2235;1204;2014;2455;1439
40549;2238;1207;2014;2453;1437
40589;2245;1208;2014;2457;1437
40619;2251;1209;2016;2462;1438
40659;2258;1210;2018;2457;1438
40699;2261;1211;2019;2470;1435
40739;2272;1211;2020;2470;1437
40769;2274;1211;2022;2472;1433
40809;2275;1211;2022;2469;1434
40849;2274;1211;2022;2477;1434
40889;2276;1211;2024;2472;1431
40919;2281;1211;2024;2477;1432
40959;2285;1211;2024;2483;1432
40999;2287;1211;2024;2479;1435
41019;2288;1211;2024;2480;1435
41069;2288;1211;2024;2484;1434
41139;2289;1211;2025;2489;1436
41179;2292;1211;2038;2480;1435
41219;2297;1211;2079;2488;1434
41259;2306;1211;2100;2487;1434
41299;2308;1212;2112;2490;1432
41319;2308;1212;2118;2492;1431
41369;2309;1212;2124;2498;1429
41409;2309;1213;2128;2507;1427
41459;2315;1216;2131;2486;1435
41489;2319;1219;2131;2507;1428
41529;2325;1223;2132;2502;1426
41569;2332;1225;2131;2516;1427
41609;2332;1226;2132;2517;1429
41639;2331;1226;2132;2513;1431
41679;2331;1226;2132;2516;1431
41719;2330;1226;2132;2511;1431
41759;2330;1226;2132;2518;1431
41789;2330;1226;2132;2510;1427
41829;2331;1226;2133;2519;1425
41869;2332;1226;2133;2518;1424
41909;2334;1226;2133;2521;1423
41939;2336;1226;2133;2523;1422
41979;2333;1226;2133;2520;1423
42019;2332;1226;2133;2518;1428
42059;2338;1226;2134;2525;1424
42089;2339;1226;2135;2521;1424
42129;2342;1226;2136;2532;1423
42169;2342;1226;2136;2532;1426
42209;2342;1226;2136;2547;1430
42239;2341;1226;2136;2544;1429
42279;2341;1226;2135;2544;1433
42319;2340;1226;2136;2543;1432
42359;2340;1226;2136;2541;1433
42389;2341;1226;2136;2542;1432
42419;2341;1226;2136;2543;1434
42459;2341;1226;2136;2542;1432
42499;2341;1226;2136;2538;1432
42539;2341;1226;2136;2544;1432
42569;2341;1226;2136;2545;1431
42609;2341;1226;2136;2544;1433
42649;2341;1226;2136;2538;1435
42689;2342;1226;2136;2535;1436
42729;2342;1226;2136;2536;1435
42769;2342;1227;2136;2540;1436
42809;2342;1226;2136;2540;1435
42839;2341;1226;2136;2538;1439
42879;2341;1226;2136;2542;1438
42919;2341;1226;2136;2540;1440
42959;2341;1226;2136;2542;1442
42989;2342;1227;2136;2547;1440
43029;2342;1226;2136;2544;1441
43069;2342;1226;2136;2543;1440
43109;2341;1226;2136;2548;1439
43139;2341;1226;2136;2543;1442
43179;2341;1226;2135;2541;1441
43219;2341;1226;2135;2538;1441
43259;2341;1226;2135;2543;1442
43289;2341;1226;2136;2542;1442
43329;2341;1226;2136;2549;1440
43369;2341;1226;2136;2542;1441
43409;2341;1226;2136;2552;1440
43439;2340;1226;2136;2550;1441
43479;2340;1226;2135;2549;1441
43519;2340;1226;2135;2552;1439
43559;2340;1226;2135;2551;1440
43589;2340;1226;2135;2553;1439
43629;2340;1226;2135;2558;1435
43669;2340;1226;2136;2567;1437
43709;2341;1226;2136;2562;1436
43739;2341;1226;2135;2564;1438
43779;2341;1226;2135;2573;1440
43819;2341;1226;2135;2569;1441
43859;2341;1226;2135;2569;1442
43889;2341;1227;2135;2572;1439
43919;2341;1227;2135;2572;1437
43959;2341;1227;2135;2571;1439
43999;2340;1227;2135;2571;1439
44039;2340;1227;2135;2567;1439
44069;2341;1227;2135;2571;1437
44109;2341;1227;2135;2570;1438
44149;2341;1227;2135;2570;1437
44189;2341;1227;2135;2568;1437
44219;2341;1227;2135;2567;1440
44259;2340;1227;2135;2561;1439
44299;2340;1226;2135;2563;1438
44339;2340;1226;2135;2564;1437
44369;2340;1227;2135;2562;1437
44409;2340;1227;2136;2559;1439
44449;2340;1227;2136;2561;1440
44489;2340;1227;2136;2562;1440
44519;2340;1227;2136;2559;1440
44559;2340;1227;2136;2558;1434
44599;2340;1227;2136;2555;1438
44639;2340;1227;2135;2559;1435
44669;2340;1227;2135;2552;1435
44709;2340;1227;2135;2548;1437
44749;2341;1227;2135;2558;1438
44789;2340;1226;2135;2556;1438
44819;2340;1226;2135;2552;1440
44859;2340;1226;2135;2559;1436
44899;2340;1226;2135;2546;1439
44939;2340;1226;2135;2560;1436
45029;2340;1226;2136;2555;1437
45089;2340;1226;2136;2549;1438
45119;2340;1226;2135;2558;1438
45159;2340;1226;2135;2555;1438
45199;2340;1226;2135;2561;1445
45239;2343;1227;2135;2649;1465
45269;2344;1227;2135;2650;1471
45309;2344;1227;2135;2557;1443
45349;2344;1227;2135;2543;1445
45389;2344;1227;2135;2564;1440
45419;2344;1227;2135;2469;1414
45459;2344;1227;2135;2454;1441
45499;2346;1227;2136;2576;1429
45539;2347;1227;2136;2449;1420
45569;2348;1227;2136;2390;1439
45609;2349;1227;2136;2528;1426
45649;2349;1227;2136;2484;1431
45689;2349;1227;2136;2467;1444
45719;2349;1227;2136;2548;1455
45759;2349;1227;2135;2533;1443
45799;2349;1227;2136;2505;1455
45839;2349;1227;2136;2555;1453
45869;2349;1227;2136;2530;1454
45909;2349;1227;2136;2537;1455
45949;2349;1227;2136;2551;1459
45989;2349;1227;2136;2527;1454
46019;2349;1227;2135;2536;1457
46059;2349;1227;2135;2542;1458
46099;2348;1227;2135;2532;1456
46139;2347;1227;2135;2523;1454
46169;2348;1227;2135;2526;1453
46209;2348;1227;2136;2507;1463
46249;2348;1227;2136;2466;1494
46289;2351;1227;2136;2414;1528
46329;2348;1227;2136;2340;1555
46369;2347;1227;2135;2285;1593
46409;2349;1227;2136;2248;1628
46439;2350;1226;2135;2233;1637
46479;2349;1227;2135;2220;1642
46519;2349;1227;2135;2212;1657
46559;2348;1227;2135;2213;1670
46589;2348;1227;2135;2213;1670
46629;2348;1227;2135;2215;1667
46669;2347;1227;2136;2211;1673
46709;2348;1227;2135;2209;1685
46739;2348;1227;2136;2209;1695
46779;2348;1227;2135;2204;1710
46819;2349;1227;2135;2208;1717
46859;2351;1227;2135;2207;1719
46889;2352;1227;2135;2206;1723
46929;2352;1227;2135;2208;1725
46969;2348;1227;2135;2208;1725
47009;2340;1227;2135;2209;1725
47039;2334;1227;2135;2212;1732
47079;2328;1227;2135;2212;1732
47119;2325;1227;2135;2216;1732
47159;2320;1227;2135;2213;1735
47189;2317;1227;2135;2212;1733
47229;2312;1227;2135;2212;1732
47269;2308;1227;2135;2211;1736
47309;2300;1227;2135;2213;1736
47339;2297;1227;2134;2214;1734
47379;2294;1227;2135;2215;1735
47419;2291;1227;2135;2217;1740
47459;2289;1227;2135;2222;1737
47489;2282;1227;2135;2219;1733
47529;2276;1227;2135;2218;1730
47569;2269;1227;2135;2215;1732
47609;2260;1228;2135;2218;1729
47639;2254;1227;2135;2218;1728
47679;2242;1227;2135;2214;1729
47719;2237;1227;2135;2213;1726
47759;2232;1227;2135;2213;1723
47789;2226;1228;2135;2210;1731
47829;2229;1228;2135;2211;1731
47869;2222;1228;2135;2211;1725
47909;2211;1227;2135;2209;1732
47939;2201;1227;2135;2193;1727
47979;2191;1227;2132;2200;1726
48019;2182;1227;2127;2196;1727
48059;2176;1227;2123;2195;1731
48089;2172;1227;2118;2205;1729
48129;2157;1227;2068;2210;1728
48169;2153;1227;2041;2212;1723
48209;2146;1227;2026;2216;1725
48239;2072;1227;2017;2211;1730
48279;2037;1227;2006;2205;1733
48319;2015;1227;1999;2214;1731
48359;1999;1227;1994;2220;1730
48389;1991;1227;1992;2218;1732
48429;1977;1227;1988;2226;1727
48469;1969;1227;1979;2225;1722
48509;1959;1228;1972;2225;1720
48539;1951;1227;1967;2222;1720
48579;1941;1227;1964;2224;1722
48619;1932;1227;1959;2222;1722
48659;1927;1227;1951;2221;1721
48689;1922;1227;1946;2222;1719
48729;1914;1227;1942;2226;1720
48769;1900;1227;1938;2224;1720
48809;1893;1227;1932;2226;1719
48839;1884;1227;1928;2228;1722
48879;1863;1227;1920;2225;1714
48919;1860;1227;1913;2223;1711
48959;1853;1227;1911;2215;1704
48989;1844;1227;1908;2217;1707
49029;1835;1227;1904;2226;1710
49069;1822;1227;1900;2224;1711
49109;1819;1227;1892;2232;1711
49139;1815;1227;1887;2231;1714
49179;1804;1227;1882;2234;1711
49219;1791;1227;1879;2233;1712
49259;1780;1227;1876;2233;1712
49289;1772;1227;1873;2234;1712
49329;1769;1227;1867;2232;1712
49359;1757;1227;1858;2237;1710
49399;1749;1227;1854;2235;1712
49439;1747;1227;1850;2231;1711
49469;1726;1227;1847;2231;1709
49509;1713;1228;1842;2235;1709
49549;1688;1228;1838;2233;1709
49589;1652;1227;1834;2234;1709
49619;1627;1227;1829;2239;1714
49659;1579;1227;1825;2238;1707
49699;1548;1227;1821;2238;1713
49739;1534;1227;1815;2241;1715
49779;1517;1227;1811;2240;1710
49819;1509;1227;1802;2237;1726
49859;1497;1227;1792;2236;1732
49889;1488;1227;1785;2234;1732
49919;1482;1227;1781;2234;1729
49959;1474;1227;1779;2238;1732
49999;1461;1227;1775;2238;1731
50039;1455;1227;1771;2237;1731
50069;1451;1227;1768;2237;1726
50109;1435;1227;1763;2243;1732
50149;1426;1227;1758;2239;1734
50189;1413;1227;1753;2242;1735
50219;1406;1227;1749;2241;1738
50259;1398;1227;1745;2240;1739
50299;1384;1227;1739;2233;1752
50339;1376;1227;1731;2235;1749
50369;1365;1227;1726;2230;1742
50409;1347;1227;1723;2230;1751
50449;1342;1227;1715;2227;1757
50489;1336;1227;1710;2222;1757
50519;1326;1227;1704;2222;1761
50559;1317;1227;1697;2223;1764
50599;1309;1227;1692;2223;1772
50639;1302;1227;1685;2221;1770
50669;1296;1227;1673;2224;1764
50709;1284;1227;1661;2222;1774
50749;1275;1227;1646;2217;1769
50789;1266;1227;1632;2221;1773
50819;1255;1227;1624;2224;1766
50859;1246;1227;1620;2223;1754
50899;1238;1227;1618;2228;1756
50939;1233;1227;1617;2236;1756
50969;1225;1227;1616;2229;1751
51009;1213;1227;1614;2227;1753
51049;1204;1227;1611;2226;1764
51089;1195;1227;1606;2228;1762
51119;1187;1227;1598;2216;1776
51159;1179;1227;1589;2221;1792
51199;1171;1227;1573;2216;1805
51239;1162;1227;1558;2217;1830
51269;1153;1227;1545;2220;1841
51309;1146;1227;1537;2232;1824
51349;1135;1219;1533;2238;1790
51389;1127;1214;1531;2253;1768
51419;1118;1212;1529;2252;1782
51459;1111;1210;1529;2255;1778
51499;1100;1207;1529;2252;1786
51539;1096;1198;1528;2245;1790
51569;1088;1185;1525;2235;1819
51609;1079;1179;1519;2240;1834
51649;1072;1181;1517;2238;1829
51689;1068;1181;1513;2244;1838
51719;1059;1180;1509;2236;1847
51759;1048;1179;1503;2232;1852
51799;1041;1171;1499;2240;1851
51839;1033;1165;1497;2243;1847
51869;1025;1161;1496;2246;1852
51909;1019;1151;1495;2247;1850
51949;1013;1141;1494;2248;1854
51989;1008;1136;1491;2255;1862
52019;1004;1132;1488;2253;1874
52059;995;1131;1480;2250;1885
52099;988;1132;1471;2255;1893
52139;982;1133;1467;2252;1899
52169;976;1133;1465;2253;1902
52209;972;1131;1463;2253;1906
52249;968;1129;1462;2254;1906
52289;964;1127;1461;2255;1915
52319;959;1123;1460;2250;1916
52359;954;1119;1459;2255;1914
52399;946;1116;1458;2249;1903
52439;939;1113;1458;2251;1912
52469;935;1112;1455;2247;1935
52509;932;1111;1450;2247;1962
52549;929;1111;1441;2246;1972
52589;926;1109;1434;2250;1971
52619;922;1105;1429;2251;1980
52659;916;1101;1427;2253;1991
52699;911;1097;1425;2257;1999
52739;908;1094;1424;2261;2000
52779;904;1092;1424;2258;2006
52819;900;1090;1424;2257;2033
52859;895;1088;1422;2260;2034
52889;891;1086;1422;2262;2024
52919;887;1083;1421;2260;2018
52959;884;1080;1420;2265;2062
52999;880;1078;1419;2261;2071
53039;877;1076;1418;2262;2082
53069;875;1076;1417;2261;2083
53109;874;1075;1415;2265;2090
53149;874;1075;1413;2268;2088
53189;873;1075;1411;2266;2086
53219;872;1075;1409;2269;2085
53259;872;1075;1409;2266;2082
53299;872;1075;1409;2267;2079
53339;872;1075;1409;2266;2073
53369;872;1075;1409;2265;2073
53409;872;1075;1409;2266;2071
53449;872;1075;1409;2262;2071
53489;872;1075;1409;2265;2071
53529;872;1075;1409;2262;2066
53569;872;1075;1409;2261;2067
53609;872;1075;1409;2263;2053
53639;872;1075;1409;2264;2050
53679;872;1075;1409;2263;2013
53719;871;1075;1409;2261;1966
53759;871;1075;1409;2255;1853
53789;872;1075;1409;2268;1782
53819;872;1075;1409;2277;1736
53859;872;1076;1409;2294;1693
53899;872;1076;1409;2305;1660
53939;872;1076;1409;2322;1648
53979;872;1076;1409;2328;1641
54019;872;1076;1409;2343;1623
54059;872;1076;1409;2363;1608
54089;872;1076;1409;2366;1594
54129;872;1076;1409;2370;1589
54169;873;1076;1409;2385;1574
54209;877;1076;1409;2391;1567
54239;880;1076;1409;2403;1565
54269;882;1076;1409;2415;1566
54309;885;1077;1410;2423;1556
54349;892;1077;1410;2422;1560
54389;899;1077;1410;2416;1559
54429;904;1076;1410;2417;1556
54469;911;1077;1410;2409;1555
54509;918;1077;1410;2419;1560
54539;924;1077;1411;2410;1560
54569;929;1077;1413;2404;1549
54609;933;1077;1415;2410;1546
54649;942;1077;1417;2407;1542
54689;948;1077;1421;2413;1542
54729;955;1077;1425;2414;1539
54769;964;1077;1433;2417;1533
54799;970;1077;1440;2423;1529
54809;974;1077;1445;2421;1529
54839;976;1077;1450;2427;1527
54869;979;1077;1456;2436;1519
54909;985;1077;1460;2423;1523
54949;992;1077;1467;2437;1507
54989;1000;1077;1474;2451;1497
55029;1007;1077;1479;2471;1499
55069;1014;1077;1486;2483;1496
55109;1021;1077;1491;2486;1487
55139;1025;1077;1498;2490;1481
55179;1034;1077;1503;2491;1487
55219;1043;1077;1508;2497;1485
55259;1053;1077;1511;2491;1485
55289;1061;1077;1515;2438;1516
55329;1068;1077;1518;2441;1508
55369;1077;1077;1520;2432;1508
55409;1087;1077;1524;2435;1513
55439;1094;1077;1527;2437;1510
55479;1102;1077;1531;2431;1504
55519;1110;1077;1536;2435;1510
55559;1118;1077;1543;2433;1513
55589;1123;1077;1550;2437;1514
55619;1129;1077;1553;2431;1509
55659;1137;1077;1561;2437;1507
55699;1146;1077;1566;2441;1509
55739;1156;1077;1572;2439;1506
55769;1163;1077;1577;2431;1507
55809;1173;1077;1582;2421;1501
55849;1183;1077;1589;2429;1498
55889;1190;1076;1599;2405;1494
55929;1196;1077;1606;2413;1494
55969;1208;1077;1611;2403;1492
56009;1219;1077;1618;2416;1491
56039;1225;1077;1624;2412;1489
56079;1234;1077;1629;2410;1491
56119;1244;1077;1638;2406;1487
56159;1253;1077;1645;2403;1487
56189;1259;1077;1650;2401;1489
56219;1270;1077;1652;2410;1492
56259;1280;1077;1656;2420;1495
56299;1289;1077;1662;2397;1498
56339;1296;1077;1668;2419;1500
56379;1305;1077;1673;2400;1501
56419;1314;1077;1678;2426;1502
56459;1324;1077;1685;2422;1500
56489;1326;1077;1691;2413;1498
56529;1335;1077;1697;2411;1495
56569;1352;1077;1701;2401;1493
56609;1358;1077;1708;2396;1493
56639;1368;1077;1713;2395;1493
56669;1380;1077;1717;2393;1491
56709;1390;1077;1721;2392;1494
56749;1396;1077;1730;2421;1491
56789;1404;1077;1737;2412;1489
56819;1417;1077;1743;2413;1490
56859;1432;1077;1750;2424;1487
56899;1438;1077;1758;2408;1488
56939;1445;1077;1766;2420;1484
56969;1455;1077;1770;2414;1487
57009;1465;1077;1776;2426;1482
57049;1472;1076;1784;2420;1479
57089;1480;1077;1792;2420;1479
57119;1492;1077;1800;2423;1475
57159;1495;1077;1806;2423;1473
57199;1507;1077;1812;2430;1474
57239;1514;1076;1817;2427;1469
57269;1519;1076;1824;2437;1469
57309;1538;1077;1830;2430;1468
57349;1576;1077;1836;2437;1469
57389;1615;1077;1841;2431;1470
57419;1633;1077;1849;2424;1472
57459;1671;1077;1856;2424;1473
57499;1694;1077;1863;2432;1470
57539;1717;1077;1868;2426;1467
57579;1731;1077;1873;2437;1465
57619;1749;1077;1878;2429;1462
57659;1758;1077;1887;2436;1464
57689;1761;1077;1895;2437;1463
57729;1771;1076;1901;2430;1459
57769;1783;1076;1907;2442;1459
57809;1793;1077;1915;2440;1459
57839;1805;1077;1920;2448;1457
57879;1805;1077;1925;2450;1455
57919;1817;1078;1932;2449;1457
57959;1827;1079;1937;2458;1462
57989;1836;1079;1941;2458;1456
58029;1848;1079;1950;2459;1456
58069;1845;1080;1955;2457;1456
58109;1861;1080;1962;2451;1455
58139;1875;1080;1968;2471;1455
58179;1884;1081;1976;2456;1452
58219;1898;1081;1983;2468;1454
58259;1908;1082;1987;2462;1455
58289;1914;1083;1991;2459;1450
58329;1922;1088;1993;2464;1450
58369;1930;1091;1993;2445;1451
58409;1938;1098;1994;2444;1447
58439;1945;1101;1994;2443;1446
58479;1955;1105;1996;2444;1448
58519;1968;1107;2002;2463;1445
58559;1972;1108;2006;2469;1448
58589;1979;1109;2009;2468;1444
58629;1987;1110;2012;2473;1446
58669;1994;1110;2016;2487;1444
58709;2002;1112;2020;2473;1449
58739;2005;1112;2021;2482;1447
58779;2019;1115;2022;2487;1444
58819;2024;1122;2022;2481;1446
58859;2098;1127;2022;2499;1443
58889;2136;1130;2023;2492;1444
58929;2156;1135;2024;2488;1443
58969;2168;1137;2025;2493;1445
59009;2176;1134;2025;2492;1448
59039;2182;1143;2025;2494;1446
59079;2194;1149;2025;2497;1445
59119;2203;1154;2024;2494;1449
59159;2207;1158;2024;2510;1444
59189;2213;1161;2025;2503;1448
59229;2218;1162;2028;2511;1446
59269;2224;1163;2031;2514;1446
59309;2233;1163;2033;2508;1446
59339;2237;1167;2035;2508;1448
59379;2244;1174;2036;2515;1441
59419;2249;1177;2036;2518;1446
59459;2256;1179;2036;2520;1444
59489;2263;1180;2084;2513;1445
59529;2267;1181;2109;2526;1443
59569;2272;1179;2121;2516;1445
59609;2275;1176;2127;2524;1444
59639;2275;1175;2130;2530;1444
59679;2274;1174;2133;2530;1444
59719;2279;1173;2134;2527;1443
59739;2283;1174;2135;2529;1443
59759;2286;1174;2135;2531;1444
59789;2288;1174;2136;2531;1442
59829;2289;1175;2136;2530;1443
59869;2289;1175;2136;2526;1443
59909;2290;1176;2136;2532;1444
59939;2291;1175;2136;2530;1443
59979;2295;1176;2136;2531;1443
60019;2300;1176;2136;2533;1443
60059;2305;1176;2136;2534;1445
60089;2309;1176;2136;2536;1443
60129;2311;1176;2136;2539;1442
60169;2312;1176;2138;2537;1444
60209;2312;1175;2139;2544;1442
60239;2311;1175;2140;2538;1442
60279;2312;1175;2141;2549;1443
60349;2314;1182;2141;2531;1444
60389;2316;1188;2141;2538;1436
60419;2317;1192;2141;2541;1433
60459;2320;1193;2141;2545;1434
60489;2321;1195;2141;2546;1438
60499;2322;1195;2141;2545;1440
60539;2325;1196;2141;2546;1438
60569;2329;1197;2141;2547;1437
60609;2333;1197;2142;2548;1439
60649;2335;1198;2142;2547;1437
60689;2333;1198;2142;2549;1439
60729;2334;1197;2142;2550;1437
60769;2334;1199;2142;2567;1438
60809;2332;1202;2142;2553;1442
60839;2332;1204;2142;2562;1439
60879;2337;1207;2142;2575;1440
60919;2339;1208;2143;2570;1432
60959;2339;1209;2143;2573;1434
60989;2338;1209;2143;2571;1437
61029;2338;1210;2143;2570;1439
61069;2339;1210;2142;2572;1440
61109;2339;1209;2143;2569;1440
61139;2339;1209;2143;2569;1441
61179;2339;1209;2143;2566;1441
61219;2339;1210;2143;2569;1443
61239;2339;1210;2142;2569;1443
61259;2339;1210;2142;2567;1443
61279;2339;1210;2142;2567;1443
61289;2339;1210;2142;2569;1443
61329;2339;1210;2142;2571;1442
61369;2339;1210;2142;2570;1442
61409;2339;1210;2142;2574;1442
61439;2339;1210;2142;2573;1441
61479;2339;1210;2142;2573;1442
61509;2339;1210;2142;2571;1442