
10220;1076;836;891;1599;1546
10260;1611;1252;1333;1515;1544
10300;1878;1459;1553;1461;1566
10340;2014;1564;1661;1454;1578
10380;2081;1616;1710;1450;1593
10410;2113;1641;1735;1453;1611
10450;2121;1654;1747;1491;1620
10490;2122;1660;1753;1528;1611
10530;2068;1664;1758;1544;1619
10570;2035;1666;1759;1540;1617
10610;2013;1658;1759;1551;1602
10650;1997;1642;1758;1540;1611
10690;1983;1634;1757;1525;1618
10720;1977;1630;1756;1531;1614
10760;1966;1633;1754;1537;1606
10800;1957;1632;1754;1556;1594
10840;1945;1619;1753;1569;1587
10920;1933;1612;1754;1637;1577
10960;1920;1604;1753;1647;1564
11080;1891;1585;1753;1635;1568
11120;1883;1564;1755;1635;1574
11160;1873;1558;1754;1629;1573
11200;1859;1521;1752;1622;1571
11240;1853;1531;1751;1624;1581
11270;1840;1528;1747;1629;1580
11310;1833;1527;1742;1615;1582
11350;1829;1528;1736;1602;1584
11390;1818;1530;1734;1611;1591
11420;1811;1530;1730;1610;1589
11460;1796;1529;1722;1585;1590
11500;1782;1529;1718;1564;1579
11540;1778;1530;1713;1553;1568
11580;1770;1526;1710;1551;1580
11610;1756;1526;1704;1583;1591
11650;1743;1526;1697;1590;1624
11690;1735;1522;1691;1599;1634
11710;1730;1508;1690;1584;1621
11760;1692;1484;1682;1559;1612
11800;1669;1467;1672;1520;1602
11840;1636;1460;1668;1502;1587
11870;1590;1457;1662;1504;1602
11910;1560;1457;1650;1511;1609
11950;1546;1455;1641;1541;1611
11990;1529;1453;1633;1524;1622
12020;1519;1456;1628;1543;1623
12060;1507;1459;1623;1519;1645
12100;1500;1460;1615;1537;1643
12140;1490;1466;1605;1523;1630
12170;1480;1480;1600;1515;1635
12210;1471;1483;1597;1509;1653
12250;1459;1485;1593;1525;1657
12290;1450;1485;1592;1516;1658
12320;1442;1484;1586;1510;1649
12360;1430;1481;1583;1511;1663
12400;1417;1474;1579;1511;1651
12440;1408;1467;1577;1517;1645
12470;1402;1450;1575;1518;1660
12510;1390;1441;1572;1529;1668
12550;1383;1438;1568;1526;1657
12590;1367;1435;1565;1520;1641
12620;1355;1432;1564;1521;1653
12660;1349;1426;1562;1523;1670
12700;1342;1412;1561;1527;1669
12740;1331;1409;1558;1530;1668
12770;1323;1402;1556;1527;1672
12810;1313;1392;1553;1525;1680
12850;1307;1385;1549;1527;1683
12890;1299;1384;1547;1526;1683
12920;1291;1383;1545;1533;1684
12960;1280;1376;1543;1516;1688
13000;1271;1373;1536;1514;1678
13040;1261;1371;1531;1494;1663
13070;1254;1370;1527;1482;1671
13110;1244;1367;1525;1481;1657
13150;1237;1352;1524;1484;1668
13190;1224;1348;1523;1492;1660
13220;1215;1341;1522;1498;1650
13260;1208;1336;1520;1495;1637
13300;1199;1325;1518;1495;1653
13340;1190;1316;1519;1491;1681
13370;1182;1303;1517;1484;1691
13410;1174;1295;1517;1485;1685
13440;1166;1285;1515;1476;1705
13450;1162;1280;1515;1471;1708
13490;1154;1278;1504;1451;1712
13520;1147;1275;1497;1450;1716
13560;1138;1273;1491;1440;1723
13590;1134;1275;1481;1425;1726
13600;1132;1274;1476;1427;1731
13640;1125;1271;1471;1426;1735
13670;1120;1270;1470;1433;1734
13710;1112;1260;1468;1452;1707
13750;1105;1252;1466;1463;1727
13790;1099;1245;1466;1465;1737
13820;1090;1241;1465;1459;1731
13860;1083;1234;1465;1430;1738
13900;1077;1229;1463;1389;1741
13940;1071;1211;1461;1391;1740
13970;1067;1210;1459;1388;1752
14010;1059;1212;1459;1384;1752
14050;1051;1211;1458;1374;1768
14090;1042;1204;1457;1372;1773
14120;1035;1199;1454;1369;1789
14160;1028;1189;1449;1355;1791
14200;1023;1184;1447;1355;1781
14240;1021;1185;1444;1357;1797
14270;1016;1183;1443;1355;1812
14310;1010;1182;1437;1356;1815
14340;1005;1182;1431;1358;1829
14350;1003;1182;1428;1365;1831
14390;999;1183;1425;1370;1842
14420;996;1182;1419;1369;1852
14460;989;1175;1415;1371;1839
14490;983;1171;1413;1373;1866
14540;977;1166;1411;1385;1855
14570;973;1161;1408;1398;1847
14610;970;1159;1404;1401;1866
14650;968;1159;1400;1401;1886
14690;965;1158;1396;1398;1920
14720;960;1157;1390;1395;1927
14760;955;1145;1386;1399;1928
14790;952;1141;1384;1401;1929
14830;947;1139;1383;1399;1952
14870;942;1138;1382;1398;1950
14920;937;1134;1381;1396;1969
14950;934;1128;1380;1397;1969
14990;931;1125;1377;1397;1989
15030;928;1122;1372;1399;1995
15070;925;1121;1369;1397;2011
15110;923;1121;1368;1396;2034
15140;921;1120;1367;1398;2019
15180;918;1118;1367;1396;2032
15220;913;1115;1366;1396;2043
15260;911;1114;1365;1400;2040
15300;910;1114;1365;1403;2064
15330;908;1113;1363;1401;2061
15370;907;1114;1362;1399;2093
15410;905;1114;1353;1397;2085
15450;904;1113;1347;1401;2099
15480;903;1113;1344;1406;2099
15510;901;1111;1343;1411;2094
15550;900;1110;1342;1413;2084
15590;900;1109;1342;1412;2079
15630;899;1110;1343;1417;2068
15670;898;1109;1343;1424;2076
15710;898;1109;1342;1417;2080
15750;899;1108;1342;1428;2083
15790;897;1105;1341;1429;2061
15820;896;1104;1341;1432;2077
15860;893;1102;1340;1422;2082
15890;892;1100;1341;1426;2083
15930;891;1098;1340;1415;2075
15960;890;1098;1340;1414;2075
16000;890;1098;1339;1411;2070
16040;890;1098;1339;1410;2071
16080;890;1099;1339;1412;2076
16120;890;1098;1338;1409;2074
16160;890;1099;1338;1410;2071
16200;890;1099;1338;1412;2079
16240;890;1098;1338;1412;2077
16270;890;1098;1340;1415;2080
16310;890;1098;1339;1415;2075
16350;890;1100;1339;1414;2074
16390;889;1099;1339;1414;2073
16470;889;1099;1340;1419;2073
16510;889;1099;1339;1420;2072
16550;889;1099;1339;1423;2074
16630;889;1099;1339;1426;2076
16660;889;1099;1339;1426;2071
16700;889;1099;1338;1435;2017
16740;890;1099;1339;1449;1973
16780;890;1098;1338;1447;1921
16820;890;1098;1339;1456;1831
16860;890;1098;1339;1455;1700
16890;890;1098;1339;1463;1640
16900;889;1098;1339;1465;1627
16940;889;1098;1339;1500;1564
16970;889;1098;1339;1513;1524
17010;890;1098;1339;1531;1484
17040;892;1098;1339;1531;1438
17080;894;1099;1339;1574;1434
17120;896;1099;1341;1596;1413
17160;896;1099;1340;1623;1396
17200;896;1099;1340;1639;1399
17240;896;1099;1340;1668;1390
17270;896;1099;1339;1637;1345
17310;896;1099;1339;1674;1338
17350;896;1099;1339;1697;1323
17390;897;1100;1341;1707;1318
17420;897;1099;1340;1714;1312
17460;901;1100;1339;1728;1308
17500;905;1099;1339;1754;1302
17540;909;1099;1339;1785;1304
17570;913;1099;1339;1782;1306
17610;919;1100;1340;1818;1309
17650;924;1100;1341;1839;1317
17680;928;1099;1340;1828;1311
17720;933;1100;1341;1856;1303
17760;938;1100;1340;1887;1289
17790;946;1100;1340;1903;1294
17840;951;1100;1340;1912;1292
17880;957;1099;1340;1933;1295
17910;965;1099;1341;1947;1304
17950;972;1099;1344;1960;1310
17990;974;1099;1350;1976;1303
18030;979;1099;1358;1981;1305
18070;988;1099;1363;1992;1317
18110;995;1100;1370;2001;1327
18140;1002;1100;1375;2009;1328
18180;1008;1100;1382;2017;1323
18220;1014;1100;1389;2021;1324
18260;1019;1099;1396;2015;1318
18300;1026;1099;1406;2028;1329
18330;1034;1099;1412;2035;1326
18370;1043;1100;1421;2050;1317
18410;1052;1099;1427;2040;1307
18440;1059;1099;1434;2053;1306
18480;1066;1100;1443;2046;1302
18510;1070;1100;1450;2062;1298
18550;1077;1100;1457;2078;1296
18590;1087;1100;1464;2075;1295
18630;1096;1100;1473;2091;1299
18660;1102;1100;1479;2078;1295
18700;1109;1101;1487;2082;1279
18740;1118;1101;1492;2084;1282
18780;1123;1101;1497;2093;1291
18810;1128;1101;1503;2086;1294
18820;1134;1100;1507;2098;1294
18860;1141;1100;1514;2030;1303
18890;1151;1100;1519;2025;1304
18930;1160;1100;1524;2020;1311
18970;1167;1100;1531;2022;1307
19010;1176;1100;1538;2027;1305
19050;1185;1100;1546;2018;1307
19140;1200;1100;1556;2006;1295
19190;1214;1099;1566;1973;1305
19230;1224;1100;1572;1956;1310
19260;1234;1100;1576;1899;1308
19300;1242;1103;1579;1920;1300
19340;1251;1105;1583;1930;1297
19380;1261;1106;1586;1924;1298
19420;1272;1107;1590;1905;1291
19460;1284;1107;1594;1912;1286
19500;1292;1108;1601;1923;1285
19540;1299;1109;1611;1931;1289
19570;1306;1108;1617;1947;1291
19610;1315;1109;1624;1996;1317
19640;1323;1109;1629;2029;1320
19680;1329;1110;1635;2032;1324
19720;1334;1110;1642;2036;1326
19760;1343;1110;1651;2053;1331
19800;1359;1111;1659;2040;1334
19840;1367;1110;1663;1989;1331
19870;1382;1111;1669;1988;1330
19910;1391;1110;1673;1972;1315
19950;1396;1110;1680;1958;1312
19980;1407;1110;1683;1940;1304
20010;1414;1110;1686;1933;1300
20050;1431;1117;1689;1916;1318
20090;1441;1124;1692;1896;1299
20130;1450;1132;1696;1923;1298
20170;1459;1135;1697;1925;1298
20210;1471;1138;1698;1925;1296
20250;1477;1140;1701;1937;1302
20280;1487;1142;1704;1929;1296
20320;1494;1153;1708;1890;1309
20360;1503;1163;1709;1888;1299
20390;1515;1172;1712;1882;1297
20430;1528;1176;1712;1878;1296
20470;1529;1182;1713;1872;1299
20510;1553;1196;1713;1816;1302
20550;1583;1205;1713;1820;1297
20590;1623;1209;1716;1849;1301
20670;1678;1195;1716;1867;1297
20710;1712;1176;1721;1847;1298
20750;1732;1208;1725;1808;1304
20820;1749;1229;1727;1789;1301
20860;1759;1245;1728;1787;1302
20900;1769;1256;1728;1775;1318
20940;1781;1264;1728;1779;1308
20980;1797;1274;1730;1778;1309
21020;1805;1281;1729;1781;1295
21060;1817;1284;1730;1805;1291
21100;1828;1286;1730;1833;1301
21140;1838;1286;1732;1830;1300
21170;1848;1287;1735;1817;1302
21210;1855;1288;1741;1821;1304
21250;1870;1291;1746;1839;1307
21290;1880;1300;1750;1874;1314
21320;1887;1308;1751;1878;1313
21360;1896;1314;1753;1894;1310
21400;1904;1319;1755;1897;1311
21440;1912;1321;1759;1887;1309
21470;1921;1320;1760;1879;1308
21510;1926;1328;1763;1875;1328
21550;1929;1332;1765;1895;1315
21590;1944;1340;1766;1882;1317
21620;1954;1330;1767;1884;1318
21660;1962;1340;1767;1862;1318
21700;1972;1349;1771;1877;1313
21740;1980;1355;1772;1851;1313
21770;1989;1360;1774;1851;1315
21810;1997;1365;1777;1811;1312
21850;2007;1372;1779;1796;1320
21890;2016;1377;1780;1794;1329
21920;2024;1378;1780;1791;1331
21960;2091;1382;1782;1818;1334
22000;2136;1386;1782;1872;1323
22040;2157;1391;1783;1882;1322
22070;2169;1393;1784;1883;1321
22110;2177;1394;1784;1886;1321
22150;2181;1394;1785;1873;1327
22190;2188;1395;1787;1845;1324
22220;2200;1398;1791;1849;1325
22260;2208;1404;1793;1860;1316
22300;2213;1406;1795;1883;1317
22340;2219;1409;1799;1927;1323
22370;2227;1412;1801;1940;1335
22410;2233;1413;1808;1964;1340
22450;2241;1414;1811;1977;1339
22490;2247;1415;1814;1975;1341
22520;2250;1415;1815;1996;1344
22560;2255;1416;1818;2007;1347
22600;2261;1415;1821;2011;1345
22640;2264;1415;1824;2024;1351
22670;2270;1416;1827;2032;1352
22710;2276;1416;1828;2034;1352
22750;2280;1416;1830;2049;1352
22790;2286;1417;1832;2053;1352
22820;2289;1417;1836;2041;1350
22860;2293;1418;1838;2056;1351
22900;2302;1419;1840;2067;1353
22940;2311;1419;1843;2073;1353
22970;2318;1420;1843;2063;1349
23010;2318;1422;1843;2041;1347
23050;2317;1422;1844;2037;1346
23090;2318;1422;1845;2032;1345
23120;2316;1422;1846;2016;1342
23160;2316;1421;1846;2000;1341
23200;2318;1422;1848;2008;1344
23240;2318;1427;1847;1980;1348
23270;2321;1430;1847;1985;1338
23310;2322;1429;1846;1986;1343
23350;2322;1431;1847;1988;1341
23390;2326;1430;1847;1993;1345
23420;2332;1430;1847;1993;1341
23460;2335;1434;1848;1978;1338
23500;2335;1433;1847;1962;1330
23540;2335;1435;1847;1960;1324
23570;2336;1432;1847;1966;1325
23610;2341;1429;1847;1964;1323
23650;2344;1433;1847;1970;1322
23690;2347;1440;1847;1968;1322
23720;2349;1446;1847;1973;1324
23760;2348;1449;1846;1971;1316
23800;2348;1452;1846;1966;1310
23840;2348;1453;1847;1966;1309
23870;2348;1454;1847;1961;1308
23910;2347;1455;1847;1963;1309
23950;2348;1456;1847;1962;1307
23990;2356;1461;1847;1951;1309
24030;2358;1461;1847;1953;1308
24070;2358;1462;1847;1962;1305
24110;2361;1463;1848;1967;1311
24150;2365;1464;1848;1965;1305
24190;2368;1467;1847;1964;1305
24220;2369;1469;1847;1960;1305
24260;2370;1470;1848;1956;1305
24300;2370;1471;1849;1953;1306
24330;2371;1471;1849;1940;1304
24370;2371;1473;1850;1920;1302
24410;2371;1473;1849;1915;1302
24450;2371;1473;1849;1904;1302
24480;2371;1473;1849;1896;1302
24520;2371;1473;1849;1874;1301
24560;2371;1473;1849;1852;1298
24600;2371;1474;1849;1842;1295
24640;2373;1476;1851;1827;1296
24720;2372;1475;1850;1816;1293
24760;2372;1475;1850;1812;1294
24840;2372;1476;1850;1813;1294
24880;2372;1477;1849;1805;1298
24910;2372;1476;1849;1802;1297
24920;2372;1476;1850;1801;1297
24960;2373;1476;1850;1803;1298
25000;2372;1477;1850;1799;1298
25040;2372;1477;1850;1801;1297
25070;2372;1477;1850;1805;1297
25110;2372;1476;1850;1805;1298
25130;2372;1476;1849;1806;1297
25180;2373;1477;1849;1808;1298
25220;2374;1477;1850;1812;1301
25260;2374;1477;1849;1811;1300
25280;2373;1477;1848;1811;1299
25330;2373;1477;1849;1813;1299
25370;2373;1477;1849;1814;1300
25410;2373;1477;1850;1813;1302
25450;2373;1477;1850;1812;1301
25490;2376;1478;1851;1809;1302
25520;2375;1478;1850;1812;1302
25570;2374;1478;1850;1812;1304
25610;2374;1478;1850;1815;1305
25650;2374;1478;1850;1813;1303
25690;2373;1478;1849;1814;1303
25710;2373;1477;1849;1812;1303
25750;2376;1478;1851;1817;1306
25790;2374;1479;1850;1820;1304
25830;2373;1479;1850;1823;1306
25860;2373;1478;1849;1829;1307
25900;2373;1478;1849;1833;1307
25940;2373;1478;1851;1842;1310
25980;2373;1477;1850;1844;1306
26020;2373;1478;1849;1859;1307
26060;2373;1477;1849;1861;1308
26100;2373;1477;1849;1865;1307
26140;2375;1477;1850;1879;1311
26170;2374;1477;1850;1849;1312
26210;2375;1479;1852;1807;1333
26250;2374;1478;1851;1770;1337
26290;2373;1479;1850;1752;1345
26320;2373;1479;1850;1745;1346
26360;2372;1479;1850;1733;1329
26400;2374;1479;1852;1745;1334
26440;2373;1481;1851;1742;1334
26470;2375;1481;1851;1738;1336
26510;2373;1482;1850;1734;1334
26550;2372;1480;1850;1734;1332
26590;2372;1481;1850;1734;1332
26620;2372;1480;1850;1734;1332
26660;2372;1480;1849;1735;1335
26700;2372;1479;1849;1735;1334
26740;2371;1479;1849;1737;1335
26770;2371;1479;1849;1737;1335
26810;2371;1479;1849;1737;1336
26850;2372;1480;1849;1738;1335
26890;2372;1479;1849;1734;1334
26920;2372;1479;1850;1737;1335
26960;2372;1479;1850;1733;1334
27000;2371;1481;1850;1733;1333
27040;2371;1481;1849;1736;1332
27120;2373;1483;1852;1743;1337
27160;2372;1480;1850;1741;1332
27200;2372;1479;1850;1740;1334
27240;2372;1480;1850;1740;1334
27280;2372;1479;1850;1741;1332
27320;2372;1480;1850;1744;1334
27360;2372;1481;1850;1743;1335
27370;2372;1480;1850;1744;1335
27420;2372;1479;1850;1744;1334
27460;2371;1479;1850;1745;1334
27500;2371;1481;1850;1746;1335
27540;2371;1479;1850;1751;1335
27580;2373;1481;1851;1754;1334
27620;2372;1479;1850;1754;1334
27660;2371;1478;1850;1757;1334
27700;2371;1479;1850;1763;1335
27740;2371;1479;1850;1757;1336
27770;2372;1479;1852;1762;1338
27810;2371;1479;1851;1759;1336
27850;2371;1479;1850;1755;1336
27890;2371;1480;1849;1760;1334
27920;2371;1479;1849;1761;1335
27960;2372;1479;1850;1763;1338
28000;2372;1479;1850;1763;1338
28040;2372;1479;1850;1762;1337
28070;2372;1479;1850;1761;1338
28110;2372;1479;1849;1763;1337
28150;2372;1479;1849;1760;1338
28190;2372;1479;1849;1759;1338
28220;2372;1479;1850;1764;1338
28260;2372;1479;1850;1768;1339
28300;2372;1480;1850;1769;1341
28340;2372;1479;1850;1769;1339
28370;2372;1479;1850;1768;1340
28410;2372;1479;1850;1770;1339
28450;2372;1479;1850;1769;1339
28490;2373;1479;1852;1778;1342
28520;2372;1479;1851;1771;1339
28560;2374;1480;1852;1775;1338
28600;2373;1479;1851;1775;1337
28640;2372;1479;1850;1776;1337
28670;2372;1479;1849;1776;1338
28710;2372;1479;1849;1777;1336
28750;2372;1479;1850;1784;1338
28790;2371;1479;1850;1780;1335
28820;2373;1480;1851;1783;1336
28860;2372;1480;1851;1782;1333
28900;2372;1479;1850;1787;1334
28940;2372;1479;1851;1804;1332
28970;2372;1479;1851;1813;1333
29010;2373;1479;1852;1823;1336
29050;2372;1479;1851;1887;1319
29090;2372;1479;1850;1924;1319
29120;2373;1478;1850;1949;1316
29160;2375;1478;1850;1974;1319
29200;2377;1479;1850;1980;1328
29240;2377;1479;1850;1991;1329
29270;2379;1479;1851;1989;1333
29310;2379;1479;1850;1988;1330
29350;2379;1479;1850;1982;1329
29390;2378;1479;1850;1969;1323
29420;2378;1479;1850;1979;1329
29460;2378;1479;1850;1982;1329
29500;2379;1479;1850;1980;1329
29540;2380;1480;1851;1983;1329
29570;2379;1479;1851;1983;1330
29610;2379;1479;1850;1984;1330
29650;2378;1479;1850;1973;1325
29690;2378;1479;1850;1970;1325
29720;2378;1479;1851;1982;1329
29760;2377;1479;1850;1976;1328
29800;2379;1482;1851;1985;1329
29840;2378;1480;1850;1974;1327
29870;2378;1479;1850;1971;1324
29910;2378;1479;1850;1971;1324
29950;2378;1479;1850;1972;1323
29990;2379;1479;1851;1970;1324
30020;2378;1479;1850;1964;1319
30060;2379;1479;1852;1963;1320
30100;2378;1478;1851;1959;1320
30140;2378;1479;1850;1958;1318
30170;2378;1479;1850;1952;1313
30210;2378;1479;1850;1947;1312
30250;2378;1479;1851;1952;1316
30290;2378;1479;1851;1951;1314
30320;2381;1480;1853;1923;1323
30360;2380;1480;1851;1842;1348
30400;2379;1479;1851;1796;1356
30440;2378;1479;1850;1741;1365
30450;2380;1480;1852;1730;1362
30500;2379;1480;1851;1627;1343
30540;2379;1479;1850;1626;1346
30580;2379;1480;1851;1607;1354
30620;2378;1480;1850;1587;1351
30660;2377;1480;1850;1569;1360
30700;2377;1479;1850;1561;1377
30740;2376;1479;1850;1543;1377
30770;2378;1480;1850;1533;1383
30810;2377;1480;1850;1511;1382
30850;2378;1480;1850;1510;1401
30890;2374;1479;1850;1506;1404
30900;2372;1480;1850;1509;1406
30930;2372;1480;1850;1510;1402
30970;2370;1480;1851;1517;1411
31010;2361;1480;1850;1512;1419
31050;2356;1480;1850;1517;1436
31090;2351;1480;1849;1511;1442
31120;2347;1479;1850;1506;1446
31160;2348;1480;1850;1508;1450
31200;2341;1479;1850;1498;1456
31240;2334;1480;1849;1498;1463
31270;2329;1480;1849;1493;1468
31310;2326;1480;1849;1482;1472
31350;2324;1480;1850;1481;1477
31390;2320;1480;1849;1464;1484
31420;2319;1479;1852;1463;1490
31460;2313;1480;1851;1465;1486
31500;2309;1480;1851;1456;1496
31540;2301;1480;1850;1453;1496
31620;2298;1480;1850;1458;1498
31660;2294;1479;1850;1450;1507
31700;2287;1479;1850;1450;1512
31740;2280;1480;1850;1451;1514
31780;2272;1479;1850;1448;1513
31810;2265;1480;1849;1451;1506
31820;2260;1480;1851;1452;1513
31860;2254;1480;1850;1447;1520
31900;2242;1479;1850;1447;1520
31940;2237;1479;1850;1453;1512
31970;2229;1479;1850;1450;1516
32010;2227;1479;1850;1452;1519
32050;2232;1480;1849;1453;1515
32090;2219;1480;1849;1450;1525
32120;2207;1480;1849;1454;1524
32160;2198;1480;1849;1453;1521
32200;2190;1479;1849;1465;1521
32220;2182;1479;1849;1465;1521
32270;2172;1479;1850;1456;1527
32310;2164;1480;1849;1466;1527
32330;2164;1479;1849;1466;1527
32380;2149;1478;1849;1473;1512
32420;2144;1479;1848;1476;1517
32460;2074;1479;1846;1473;1522
32500;2040;1479;1845;1477;1517
32540;2016;1481;1845;1485;1520
32570;2003;1480;1843;1486;1522
32610;1986;1480;1843;1495;1522
32650;1977;1480;1837;1494;1528
32690;1967;1479;1833;1485;1526
32720;1955;1479;1831;1488;1526
32760;1948;1479;1828;1491;1528
32800;1938;1480;1825;1499;1531
32850;1930;1480;1820;1497;1529
32880;1918;1479;1817;1500;1529
32920;1912;1479;1813;1500;1533
32960;1904;1479;1808;1507;1533
33000;1890;1480;1804;1502;1532
33040;1875;1480;1797;1501;1537
33070;1875;1480;1792;1511;1542
33110;1867;1480;1789;1506;1542
33150;1857;1480;1786;1512;1545
33190;1849;1480;1783;1513;1544
33270;1835;1480;1775;1505;1543
33310;1827;1479;1769;1509;1544
33350;1817;1479;1763;1512;1543
33390;1806;1480;1760;1504;1542
33430;1789;1479;1754;1500;1535
33460;1780;1479;1750;1494;1540
33470;1777;1479;1745;1485;1536
33510;1767;1480;1739;1494;1540
33550;1757;1480;1733;1484;1538
33590;1752;1480;1729;1489;1541
33620;1733;1480;1723;1487;1543
33660;1726;1480;1719;1499;1545
33700;1697;1479;1712;1494;1546
33740;1671;1479;1708;1495;1545
33770;1634;1479;1704;1494;1542
33810;1593;1479;1697;1491;1539
33850;1561;1481;1692;1499;1541
33890;1548;1480;1685;1486;1539
33920;1534;1480;1679;1499;1544
33960;1522;1480;1670;1484;1532
34000;1507;1481;1664;1466;1539
34040;1500;1481;1658;1457;1545
34070;1492;1481;1648;1466;1542
34110;1485;1481;1642;1457;1550
34150;1475;1480;1635;1470;1548
34190;1461;1480;1629;1470;1554
34220;1452;1480;1624;1473;1554
34260;1442;1480;1621;1462;1565
34300;1431;1481;1611;1500;1511
34340;1417;1480;1601;1538;1524
34370;1412;1481;1592;1538;1522
34410;1401;1481;1585;1520;1520
34450;1390;1480;1575;1497;1532
34490;1381;1480;1567;1488;1560
34520;1376;1480;1561;1493;1564
34560;1364;1480;1554;1502;1583
34600;1353;1479;1548;1500;1591
34640;1343;1474;1542;1505;1601
34670;1337;1472;1535;1508;1597
34720;1326;1472;1525;1511;1592
34750;1316;1471;1519;1500;1606
34790;1309;1471;1509;1506;1618
34830;1301;1463;1502;1514;1556
34850;1294;1445;1499;1487;1599
34860;1289;1439;1497;1479;1584
34900;1279;1437;1496;1478;1593
34940;1269;1434;1494;1471;1590
34980;1260;1421;1493;1454;1604
35020;1255;1412;1494;1447;1612
35060;1244;1398;1490;1439;1617
35100;1238;1391;1488;1438;1631
35130;1232;1386;1486;1435;1643
35170;1222;1380;1478;1436;1636
35210;1210;1374;1472;1437;1660
35250;1204;1368;1468;1437;1630
35290;1195;1357;1466;1445;1653
35320;1185;1348;1465;1445;1653
35360;1177;1343;1459;1462;1639
35400;1167;1340;1447;1479;1633
35440;1157;1339;1437;1475;1641
35470;1149;1338;1431;1475;1663
35510;1139;1335;1423;1482;1682
35550;1133;1332;1418;1497;1670
35590;1124;1324;1415;1514;1669
35670;1112;1305;1415;1542;1666
35710;1104;1295;1414;1546;1673
35750;1094;1284;1413;1548;1681
35770;1084;1278;1413;1547;1682
35820;1077;1270;1414;1543;1699
35860;1071;1262;1414;1528;1716
35900;1066;1255;1414;1513;1725
35980;1054;1248;1414;1511;1736
36020;1042;1235;1414;1504;1740
36060;1034;1224;1414;1511;1752
36070;1029;1219;1414;1509;1755
36120;1025;1216;1414;1499;1759
36160;1021;1211;1414;1497;1762
36210;1016;1201;1414;1484;1781
36250;1009;1191;1414;1485;1793
36290;1003;1185;1412;1484;1806
36330;999;1186;1412;1486;1813
36370;991;1181;1411;1480;1827
36410;983;1174;1409;1479;1830
36450;982;1168;1409;1481;1850
36490;980;1166;1398;1476;1855
36520;979;1165;1393;1479;1869
36560;973;1161;1389;1474;1875
36600;966;1147;1387;1469;1876
36650;962;1141;1387;1476;1887
36690;958;1139;1386;1476;1888
36780;947;1135;1387;1478;1925
36820;941;1128;1386;1478;1932
36860;936;1123;1385;1475;1954
36900;932;1119;1385;1465;1973
36940;928;1115;1384;1466;1981
36970;926;1112;1385;1468;2000
37010;924;1111;1377;1480;1989
37050;922;1111;1371;1484;1989
37090;921;1110;1367;1483;1998
37120;920;1110;1365;1486;2006
37160;919;1110;1364;1489;2010
37200;916;1110;1364;1490;2016
37240;915;1109;1364;1493;2037
37270;913;1104;1364;1492;2011
37310;912;1102;1364;1493;2036
37340;910;1098;1364;1496;2032
37380;908;1096;1364;1493;2064
37420;906;1095;1364;1494;2081
37460;902;1092;1363;1492;2100
37500;900;1090;1365;1495;2102
37540;897;1089;1364;1492;2104
37570;897;1089;1366;1495;2104
37610;896;1087;1365;1493;2101
37650;896;1086;1364;1494;2093
37690;896;1085;1364;1499;2092
37720;896;1084;1365;1498;2094
37760;896;1083;1366;1499;2104
37800;895;1083;1365;1501;2096
37840;895;1083;1364;1512;2088
37870;895;1083;1364;1515;2090
37900;895;1083;1365;1523;2093
37940;895;1082;1365;1525;2087
37980;895;1081;1365;1523;2082
38020;896;1081;1366;1527;2084
38060;895;1081;1365;1521;2074
38100;895;1081;1366;1522;2071
38140;894;1081;1365;1516;2064
38230;894;1081;1365;1516;2061
38280;894;1081;1365;1521;2060
38320;894;1081;1365;1521;2044
38360;894;1080;1365;1522;2042
38400;894;1080;1365;1527;2038
38440;894;1080;1364;1526;2032
38470;895;1081;1364;1526;2027
38510;894;1080;1364;1527;2019
38550;895;1081;1366;1529;2015
38590;894;1081;1365;1528;2010
38620;893;1080;1365;1529;2006
38660;893;1080;1364;1531;1988
38700;893;1080;1365;1529;1955
38740;894;1081;1365;1536;1895
38770;894;1080;1365;1535;1844
38810;894;1080;1366;1534;1814
38850;893;1080;1365;1547;1741
38890;893;1080;1365;1572;1681
38920;893;1081;1364;1593;1631
38960;894;1082;1364;1594;1545
39000;894;1083;1365;1610;1503
39040;894;1082;1364;1626;1468
39070;895;1083;1366;1670;1458
39130;894;1082;1366;1694;1455
39170;894;1082;1365;1704;1438
39220;893;1082;1365;1715;1409
39260;893;1082;1365;1722;1384
39300;893;1082;1365;1735;1365
39340;893;1082;1365;1773;1362
39370;893;1082;1364;1790;1353
39410;893;1082;1364;1824;1352
39450;896;1082;1364;1837;1348
39490;901;1082;1364;1855;1344
39520;905;1083;1365;1894;1339
39560;909;1083;1365;1922;1333
39600;915;1083;1365;1933;1331
39640;919;1083;1365;1957;1340
39670;923;1084;1365;1973;1351
39710;928;1084;1366;1979;1348
39720;932;1085;1367;1989;1351
39760;934;1086;1367;1995;1352
39820;944;1085;1366;2021;1365
39860;951;1085;1366;2037;1367
39900;957;1085;1366;2047;1366
39940;966;1086;1366;2067;1369
39970;971;1086;1369;2068;1371
40010;973;1086;1374;2085;1369
40050;981;1087;1380;2097;1366
40090;989;1087;1387;2096;1367
40170;1002;1087;1398;2117;1370
40210;1010;1087;1405;2119;1358
40250;1016;1088;1413;2128;1358
40330;1027;1087;1425;2143;1364
40370;1037;1087;1437;2153;1356
40410;1049;1087;1448;2153;1355
40450;1058;1087;1457;2153;1355
40490;1065;1087;1463;2170;1359
40540;1072;1087;1472;2182;1354
40620;1086;1088;1482;2191;1356
40660;1096;1088;1492;2206;1357
40700;1104;1088;1500;2221;1356
40740;1113;1088;1506;2221;1358
40780;1120;1088;1513;2229;1362
40820;1126;1088;1519;2227;1365
40870;1137;1089;1525;2170;1370
40910;1147;1090;1532;2169;1372
40950;1158;1091;1537;2180;1374
40980;1165;1092;1542;2174;1364
41020;1175;1092;1551;2179;1359
41060;1185;1091;1557;2165;1357
41070;1191;1091;1561;2170;1357
41120;1196;1091;1569;2163;1353
41160;1206;1091;1575;2160;1354
41200;1217;1092;1581;2160;1355
41240;1226;1091;1586;2157;1352
41280;1235;1092;1592;2148;1353
41320;1243;1093;1600;2155;1355
41360;1252;1093;1608;2158;1352
41400;1262;1093;1615;2158;1354
41440;1272;1093;1618;2160;1352
41520;1286;1093;1622;2165;1354
41560;1296;1093;1629;2157;1352
41600;1307;1093;1634;2167;1354
41640;1316;1092;1638;2166;1355
41680;1327;1093;1647;2168;1359
41720;1331;1093;1653;2170;1356
41760;1338;1093;1657;2167;1352
41800;1355;1093;1661;2171;1354
41840;1363;1092;1668;2170;1355
41870;1375;1092;1676;2171;1357
41900;1388;1092;1682;2173;1363
41920;1395;1092;1686;2174;1362
41960;1399;1092;1691;2170;1358
42000;1408;1093;1695;2160;1357
42030;1418;1092;1700;2160;1355
42070;1434;1092;1704;2153;1354
42110;1442;1093;1709;2147;1351
42150;1449;1093;1713;2137;1351
42180;1457;1093;1720;2140;1350
42220;1466;1092;1725;2147;1354
42260;1475;1093;1726;2146;1354
42290;1484;1093;1728;2139;1353
42330;1494;1101;1731;2131;1357
42370;1499;1105;1733;2123;1350
42410;1512;1109;1740;2115;1340
42480;1522;1111;1746;2112;1340
42510;1536;1112;1751;2085;1351
42550;1564;1118;1753;2087;1339
42590;1587;1125;1757;2099;1340
42630;1637;1132;1759;2098;1350
42670;1665;1139;1761;2098;1345
42710;1704;1147;1764;2099;1349
42750;1722;1157;1768;2004;1344
42790;1742;1170;1772;1981;1348
42820;1753;1179;1773;1985;1342
42860;1758;1179;1774;2012;1339
42900;1771;1187;1776;2031;1352
42930;1776;1197;1778;2032;1357
42970;1787;1205;1779;2046;1364
43010;1801;1208;1780;2043;1357
43050;1812;1176;1783;2055;1368
43090;1821;1205;1784;2053;1363
43120;1832;1222;1787;2053;1362
43160;1841;1231;1786;2078;1363
43200;1851;1237;1786;2083;1363
43230;1858;1239;1788;2086;1360
43270;1873;1241;1793;2072;1370
43300;1881;1246;1796;2090;1366
43350;1889;1254;1799;2099;1371
43380;1899;1259;1803;2116;1373
43410;1908;1261;1806;2118;1377
43450;1917;1263;1810;2120;1380
43490;1925;1264;1813;2120;1380
43530;1930;1264;1817;2135;1382
43570;1933;1268;1821;2126;1411
43610;1946;1269;1823;2145;1407
43650;1959;1277;1824;2149;1404
43690;1967;1283;1825;2171;1410
43720;1975;1286;1827;2165;1410
43760;1983;1291;1829;2178;1413
43800;1992;1294;1830;2176;1408
43840;2001;1295;1831;2170;1396
43920;2013;1303;1836;2165;1397
43960;2086;1311;1839;2188;1414
44000;2124;1316;1840;2192;1409
44040;2157;1319;1842;2191;1407
44080;2170;1320;1844;2200;1410
44120;2176;1320;1847;2196;1399
44160;2184;1321;1853;2201;1407
44170;2188;1322;1855;2203;1408
44220;2191;1327;1856;2196;1407
44260;2206;1332;1856;2212;1415
44310;2215;1336;1858;2216;1415
44350;2219;1338;1859;2212;1414
44380;2228;1339;1859;2213;1412
44430;2234;1341;1860;2205;1418
44460;2242;1344;1861;2202;1419
44500;2247;1349;1863;2197;1414
44540;2253;1354;1867;2194;1400
44580;2259;1362;1870;2175;1408
44610;2267;1366;1872;2175;1393
44650;2270;1369;1873;2179;1394
44690;2277;1374;1874;2176;1405
44730;2282;1378;1875;2171;1392
44770;2284;1380;1875;2169;1390
44810;2289;1382;1876;2175;1389
44850;2294;1383;1877;2170;1381
44890;2298;1382;1879;2174;1380
44920;2307;1383;1880;2181;1380
44960;2314;1382;1882;2187;1381
45000;2319;1380;1884;2174;1386
45040;2318;1382;1884;2183;1387
45070;2320;1383;1886;2188;1382
45110;2319;1384;1886;2189;1380
45150;2320;1385;1886;2189;1377
45190;2319;1385;1886;2188;1373
45220;2319;1385;1887;2184;1374
45260;2318;1386;1888;2184;1374
45290;2319;1386;1888;2189;1376
45340;2321;1386;1890;2188;1373
45370;2323;1385;1890;2189;1372
45410;2325;1386;1890;2192;1370
45450;2328;1385;1892;2195;1370
45490;2334;1385;1894;2191;1367
45520;2338;1384;1895;2196;1368
45560;2340;1385;1896;2189;1362
45600;2346;1384;1901;2197;1361
45640;2349;1384;1904;2194;1357
45670;2350;1384;1907;2196;1360
45710;2350;1383;1908;2189;1362
45750;2350;1384;1910;2180;1361
45790;2351;1383;1910;2178;1360
45870;2350;1384;1910;2184;1362
45910;2350;1384;1911;2187;1366
45950;2349;1384;1911;2201;1379
45990;2349;1384;1912;2204;1377
46030;2349;1383;1912;2198;1367
46070;2349;1383;1912;2211;1365
46110;2350;1384;1912;2214;1366
46150;2357;1384;1911;2222;1375
46190;2359;1384;1911;2236;1372
46220;2362;1384;1911;2231;1369
46260;2366;1384;1912;2229;1370
46300;2370;1384;1913;2241;1376
46340;2370;1384;1914;2236;1379
46370;2370;1384;1914;2230;1377
46410;2371;1384;1915;2225;1375
46440;2370;1384;1916;2224;1373
46490;2369;1383;1916;2224;1373
46520;2369;1383;1916;2223;1373
46560;2369;1383;1916;2227;1377
46600;2369;1383;1916;2228;1384
46640;2369;1384;1916;2239;1390
46670;2369;1384;1916;2231;1390
46710;2369;1384;1918;2239;1394
46750;2369;1383;1917;2230;1395
46790;2370;1384;1916;2235;1397
46820;2370;1384;1916;2232;1398
46860;2371;1384;1916;2228;1397
46890;2370;1384;1917;2229;1397
46900;2371;1385;1917;2229;1399
46940;2372;1384;1917;2230;1399
46970;2372;1385;1917;2241;1404
47010;2371;1385;1917;2230;1402
47050;2371;1385;1916;2229;1401
47090;2370;1385;1916;2232;1403
47120;2370;1385;1916;2230;1402
47160;2370;1385;1917;2226;1393
47200;2370;1385;1917;2224;1385
47240;2371;1385;1916;2218;1383
47270;2371;1384;1915;2221;1384
47310;2371;1384;1916;2223;1387
47350;2371;1384;1916;2221;1385
47390;2371;1385;1916;2225;1392
47420;2370;1386;1916;2224;1394
47460;2370;1385;1916;2225;1391
47500;2370;1384;1916;2224;1388
47540;2370;1384;1916;2222;1386
47570;2370;1384;1916;2222;1387
47610;2370;1384;1916;2222;1386
47660;2370;1384;1916;2217;1385
47700;2370;1383;1916;2217;1384
47740;2370;1383;1916;2220;1385
47780;2370;1383;1916;2214;1380
47840;2370;1385;1916;2207;1380
47880;2370;1385;1916;2194;1377
47920;2370;1384;1916;2194;1376
47960;2370;1384;1916;2195;1377
48000;2370;1384;1916;2192;1377
48040;2370;1384;1915;2189;1375
48070;2370;1384;1916;2190;1377
48110;2370;1385;1916;2188;1376
48150;2372;1386;1916;2184;1375
48190;2370;1384;1916;2115;1383
48220;2369;1384;1916;2052;1379
48260;2369;1383;1916;2007;1380
48300;2369;1384;1916;1948;1370
48340;2369;1385;1917;1927;1357
48370;2369;1385;1916;1926;1359
48410;2371;1385;1917;1925;1358
48450;2370;1384;1917;1927;1358
48490;2369;1385;1916;1928;1358
48570;2369;1386;1917;1931;1362
48610;2369;1386;1917;1931;1366
48650;2369;1386;1917;1931;1365
48690;2368;1386;1917;1931;1367
48730;2369;1386;1918;1935;1368
48770;2369;1386;1917;1932;1365
48810;2369;1386;1916;1931;1365
48860;2369;1386;1916;1932;1365
48900;2369;1386;1916;1932;1365
48930;2369;1386;1918;1936;1365
48970;2368;1386;1918;1937;1368
49010;2368;1386;1917;1936;1369
49050;2368;1386;1917;1937;1369
49080;2368;1386;1917;1935;1368
49120;2368;1386;1916;1939;1369
49160;2368;1385;1916;1943;1370
49200;2368;1385;1916;1944;1372
49240;2368;1386;1916;1942;1369
49270;2368;1386;1917;1943;1368
49310;2368;1386;1917;1949;1369
49350;2368;1385;1917;1954;1370
49390;2370;1386;1916;1958;1369
49420;2369;1385;1917;1957;1369
49460;2369;1386;1917;1955;1369
49500;2369;1386;1917;1959;1376
49540;2369;1387;1916;1957;1369
49570;2368;1387;1916;1959;1368
49610;2368;1386;1916;1959;1367
49650;2369;1386;1919;1958;1367
49690;2369;1386;1918;1958;1367
49720;2369;1386;1917;1958;1368
49760;2369;1386;1916;1960;1373
49800;2368;1386;1916;1960;1371
49840;2368;1386;1916;1967;1377
49870;2368;1385;1916;1974;1379
49910;2369;1385;1918;1979;1384
49950;2369;1385;1918;1979;1383
49990;2368;1386;1916;1979;1382
50020;2368;1385;1916;1982;1383
50060;2368;1385;1916;1983;1384
50100;2369;1385;1917;1987;1387
50140;2368;1385;1917;1989;1390
50170;2369;1385;1917;1994;1393
50210;2369;1384;1917;1987;1390
50250;2368;1384;1917;1987;1387
50280;2368;1384;1917;1985;1385
50320;2368;1384;1917;1984;1381
50360;2368;1384;1917;1975;1376
50400;2368;1384;1917;1973;1372
50440;2367;1384;1916;1973;1374
50470;2368;1384;1916;1971;1368
50510;2368;1384;1916;1970;1368
50550;2369;1384;1918;1973;1380
50590;2368;1384;1916;1972;1378
50620;2368;1385;1916;1971;1377
50660;2368;1385;1916;1974;1377
50700;2368;1385;1916;1973;1377
50730;2368;1385;1917;1971;1376
50770;2368;1385;1916;1972;1376
50810;2368;1385;1917;1971;1369
50850;2368;1385;1917;1965;1369
50890;2369;1385;1919;1969;1378
50970;2368;1385;1918;1970;1377
51010;2368;1385;1917;2025;1359
51050;2368;1385;1916;2061;1364
51090;2369;1385;1916;2108;1357
51130;2370;1385;1916;2136;1356
51170;2369;1385;1916;2134;1355
51210;2369;1384;1916;2138;1356
51250;2369;1385;1916;2140;1357
51290;2369;1385;1916;2141;1356
51320;2369;1384;1917;2138;1357
51360;2369;1385;1917;2140;1356
51400;2368;1385;1917;2141;1358
51440;2368;1385;1917;2139;1357
51470;2369;1386;1919;2141;1359
51510;2369;1386;1917;2141;1357
51550;2369;1385;1917;2136;1356
51590;2369;1386;1917;2135;1354
51620;2369;1386;1917;2130;1354
51670;2368;1385;1916;2130;1352
51710;2368;1385;1916;2135;1351
51750;2368;1385;1916;2128;1351
51790;2368;1385;1916;2127;1350
51820;2368;1384;1916;2127;1350
51860;2368;1384;1916;2124;1349
51900;2368;1384;1916;2125;1350
51930;2368;1385;1917;2124;1350
51970;2368;1384;1918;2119;1349
52010;2368;1384;1917;2115;1350
52040;2367;1384;1917;2116;1346
52050;2367;1385;1917;2116;1347
52090;2366;1385;1917;2115;1346
52120;2366;1385;1918;2112;1346
52160;2366;1385;1918;2114;1349
52200;2366;1385;1918;2116;1349
52240;2366;1385;1917;2115;1349
52270;2366;1385;1917;2120;1350
52310;2366;1385;1917;2123;1355
52350;2366;1385;1917;2034;1376
52390;2366;1386;1917;1960;1368
52420;2366;1386;1917;1917;1370
52460;2366;1386;1917;1847;1354
52500;2366;1385;1917;1787;1359
52540;2365;1385;1916;1773;1384
52570;2365;1385;1916;1772;1385
52610;2366;1386;1916;1754;1394
52650;2366;1385;1917;1742;1406
52690;2366;1385;1916;1735;1422
52720;2368;1386;1918;1728;1428
52760;2368;1385;1917;1720;1432
52800;2367;1385;1917;1707;1436
52840;2369;1386;1916;1692;1438
52870;2371;1386;1916;1683;1440
52910;2373;1387;1919;1670;1445
52950;2372;1387;1918;1660;1449
52990;2367;1387;1917;1655;1451
53020;2360;1387;1917;1648;1457
53060;2355;1387;1917;1645;1461
53100;2349;1387;1917;1635;1462
53140;2348;1386;1916;1634;1464
53170;2347;1385;1917;1634;1468
53210;2343;1386;1917;1632;1468
53270;2335;1386;1917;1633;1474
53280;2332;1386;1917;1632;1472
53320;2329;1386;1917;1631;1478
53360;2325;1386;1917;1629;1485
53430;2318;1386;1917;1619;1484
53470;2313;1386;1917;1612;1492
53510;2305;1386;1917;1606;1493
53540;2299;1386;1917;1602;1496
53550;2296;1387;1917;1600;1496
53590;2297;1387;1916;1580;1500
53620;2297;1387;1916;1580;1507
53660;2296;1387;1916;1583;1509
53700;2290;1387;1917;1580;1507
53740;2281;1387;1916;1580;1513
53820;2266;1388;1916;1580;1523
53860;2254;1387;1916;1568;1519
53900;2243;1387;1917;1566;1521
53940;2235;1387;1917;1559;1517
53980;2228;1387;1917;1553;1516
54020;2228;1387;1917;1554;1517
54060;2223;1387;1917;1550;1512
54100;2211;1386;1917;1547;1514
54140;2202;1386;1917;1545;1513
54170;2194;1387;1916;1532;1513
54210;2185;1387;1917;1523;1514
54250;2177;1387;1916;1526;1514
54290;2165;1387;1914;1527;1515
54320;2162;1387;1914;1526;1516
54360;2164;1387;1913;1525;1516
54400;2153;1387;1911;1522;1515
54430;2079;1387;1904;1527;1516
54450;2042;1387;1901;1525;1517
54480;2024;1387;1900;1528;1517
54520;2006;1387;1897;1523;1518
54560;1997;1387;1894;1522;1522
54600;1987;1387;1891;1529;1526
54640;1973;1387;1887;1514;1527
54670;1965;1387;1882;1514;1541
54710;1956;1386;1872;1502;1551
54750;1948;1386;1866;1519;1551
54790;1935;1386;1863;1522;1548
54820;1927;1386;1862;1520;1548
54860;1923;1386;1861;1541;1543
54900;1913;1387;1860;1552;1541
54940;1909;1387;1860;1552;1542
54970;1894;1387;1859;1554;1541
55010;1881;1386;1855;1541;1543
55030;1871;1386;1849;1526;1547
55050;1865;1387;1845;1512;1549
55090;1863;1387;1840;1514;1554
55120;1861;1387;1836;1517;1556
55160;1855;1387;1833;1520;1552
55200;1847;1387;1832;1527;1549
55240;1829;1387;1830;1529;1551
55270;1826;1387;1828;1534;1551
55310;1819;1387;1823;1537;1553
55350;1814;1387;1819;1537;1555
55380;1802;1387;1816;1548;1556
55420;1785;1387;1814;1559;1558
55460;1781;1387;1811;1564;1562
55500;1775;1387;1805;1568;1565
55540;1765;1387;1797;1566;1569
55570;1757;1387;1791;1569;1577
55610;1728;1387;1787;1555;1575
55650;1725;1387;1781;1542;1582
55690;1713;1387;1773;1558;1579
55720;1692;1388;1770;1547;1584
55760;1656;1388;1764;1555;1581
55800;1606;1388;1759;1560;1587
55840;1566;1387;1754;1547;1581
55870;1542;1387;1749;1555;1588
55910;1531;1387;1740;1549;1590
55950;1520;1387;1735;1560;1600
55990;1509;1387;1730;1545;1588
56020;1499;1387;1725;1551;1594
56060;1493;1387;1719;1549;1602
56100;1485;1387;1713;1562;1613
56140;1475;1387;1706;1558;1620
56170;1463;1387;1698;1569;1629
56210;1454;1387;1692;1580;1629
56260;1444;1387;1684;1594;1643
56300;1431;1387;1677;1600;1645
56360;1416;1388;1670;1635;1656
56390;1408;1388;1667;1656;1660
56430;1399;1388;1663;1660;1666
56520;1385;1387;1650;1669;1681
56560;1368;1387;1639;1666;1689
56660;1351;1387;1629;1662;1718
56700;1336;1387;1620;1666;1717
56740;1322;1387;1609;1675;1717
56770;1311;1386;1603;1690;1730
56810;1304;1383;1599;1719;1729
56850;1294;1376;1596;1700;1689
56890;1282;1354;1594;1719;1693
56920;1271;1350;1593;1733;1698
56960;1263;1342;1593;1735;1727
57000;1255;1338;1592;1733;1723
57040;1245;1327;1591;1731;1720
57070;1238;1318;1590;1720;1734
57110;1231;1306;1589;1712;1746
57120;1225;1297;1589;1701;1744
57170;1213;1291;1588;1688;1749
57210;1206;1278;1588;1693;1714
57260;1196;1273;1584;1679;1734
57300;1186;1269;1579;1673;1758
57330;1178;1263;1572;1664;1748
57370;1168;1257;1568;1656;1746
57410;1159;1253;1563;1656;1752
57450;1149;1251;1554;1651;1756
57480;1142;1249;1547;1648;1763
57520;1136;1244;1542;1649;1745
57560;1128;1237;1540;1649;1748
57600;1119;1203;1539;1653;1746
57640;1111;1206;1537;1652;1752
57670;1105;1210;1537;1652;1753
57710;1100;1209;1534;1655;1747
57750;1091;1205;1533;1643;1751
57790;1083;1200;1527;1636;1754
57820;1077;1196;1524;1628;1770
57860;1071;1188;1518;1626;1769
57890;1066;1183;1513;1621;1772
57940;1057;1185;1510;1621;1774
57970;1050;1182;1507;1623;1778
58010;1042;1178;1506;1625;1788
58050;1033;1172;1505;1626;1794
58090;1026;1167;1503;1626;1794
58120;1022;1163;1503;1625;1805
58160;1017;1160;1497;1625;1815
58200;1011;1158;1493;1634;1829
58240;1006;1148;1487;1631;1832
58270;1001;1143;1485;1633;1847
58310;995;1137;1483;1630;1859
58350;985;1134;1481;1635;1867
58390;981;1128;1479;1639;1868
58420;980;1123;1477;1642;1877
58460;978;1120;1477;1646;1893
58500;972;1115;1475;1633;1898
58540;966;1114;1467;1628;1893
58570;961;1112;1463;1625;1905
58610;958;1110;1458;1629;1901
58650;952;1107;1456;1640;1919
58690;946;1102;1454;1638;1940
58720;941;1099;1454;1633;1954
58760;937;1096;1451;1635;1956
58800;933;1093;1445;1630;1961
58840;930;1092;1436;1629;1982
58930;927;1086;1430;1636;2029
58980;921;1080;1428;1648;2042
59020;917;1076;1426;1646;2065
59060;913;1074;1424;1645;2079
59100;911;1073;1413;1652;2072
59150;908;1072;1407;1646;2087
59160;907;1072;1404;1645;2085
59250;907;1072;1403;1644;2089
59300;905;1071;1402;1635;2091
59360;905;1070;1402;1619;2097
59400;905;1070;1402;1607;2107
59440;903;1068;1402;1600;2113
59470;901;1066;1402;1598;2109
59510;901;1065;1403;1589;2120
59550;898;1064;1395;1588;2117
59560;897;1064;1391;1588;2119
59610;896;1062;1389;1578;2137
59660;894;1060;1388;1562;2152
59710;891;1054;1388;1559;2184
59760;886;1052;1382;1559;2200
59800;883;1051;1379;1558;2208
59840;882;1051;1377;1560;2208
59880;881;1051;1376;1560;2203
59910;881;1051;1376;1561;2200
59960;881;1051;1376;1563;2203
60010;881;1051;1376;1560;2199
60050;880;1051;1376;1560;2196
60110;880;1051;1376;1561;2198
60130;881;1050;1376;1560;2196
60200;881;1050;1376;1559;2194
60250;881;1050;1376;1559;2193
60290;882;1051;1378;1562;2196
60330;882;1051;1377;1560;2188
60370;881;1051;1377;1564;2190
60410;880;1051;1377;1567;2190
60450;880;1051;1377;1568;2191
60490;881;1051;1378;1571;2191
60520;881;1051;1377;1571;2183
60560;881;1050;1377;1573;2177
60600;881;1050;1377;1581;2159
60640;881;1051;1376;1595;2102
60670;881;1051;1376;1614;2060
60710;881;1051;1376;1638;2012
60750;881;1051;1377;1671;1977
60800;881;1050;1377;1672;1805
60840;881;1051;1377;1683;1690
60890;881;1051;1377;1734;1616
60930;881;1051;1377;1757;1570
60970;881;1051;1377;1796;1568
61010;882;1052;1377;1811;1573
61050;881;1052;1376;1828;1550
61080;881;1052;1376;1831;1518
61120;881;1052;1376;1834;1487
61160;881;1052;1376;1848;1457
61180;881;1051;1376;1840;1439
61230;881;1052;1377;1914;1445
61270;882;1052;1378;1925;1442
61310;883;1051;1377;1934;1434
61350;889;1051;1377;1935;1431
61390;893;1051;1378;1943;1425
61420;896;1051;1377;1946;1424
61470;903;1051;1378;1977;1419
61510;907;1052;1377;2002;1415
61570;915;1051;1377;2004;1415
61610;920;1052;1377;2027;1417
61650;925;1052;1377;2053;1426
61690;930;1052;1377;2090;1435
61720;933;1051;1378;2123;1443
61760;940;1051;1377;2133;1453
61800;947;1051;1376;2133;1468
61820;952;1051;1377;2158;1461
61870;957;1050;1380;2177;1467
61930;967;1050;1387;2189;1473
61970;971;1049;1393;2202;1481
62020;978;1048;1401;2220;1469
62060;987;1049;1407;2230;1470
62100;994;1049;1413;2230;1469
62140;1003;1049;1420;2227;1467
62170;1009;1049;1426;2254;1465
62210;1014;1049;1432;2258;1462
62250;1019;1049;1442;2266;1460
62290;1026;1049;1450;2264;1454
62320;1035;1050;1457;2266;1456
62360;1043;1050;1464;2282;1449
62400;1052;1050;1472;2270;1448
62440;1059;1050;1479;2277;1448
62460;1064;1050;1485;2298;1445
62510;1070;1050;1492;2308;1442
62550;1082;1050;1497;2308;1433
62600;1091;1049;1505;2306;1423
62640;1098;1049;1514;2320;1431
62690;1106;1049;1520;2327;1418
62750;1116;1050;1530;2327;1418
62800;1125;1050;1538;2311;1409
62850;1136;1051;1546;2240;1432
62890;1147;1051;1552;2243;1426
62980;1163;1052;1565;2259;1422
63020;1177;1053;1571;2261;1420
63130;1195;1053;1583;2253;1412
63180;1212;1053;1595;2240;1417
63210;1223;1054;1604;2246;1414
63240;1227;1055;1612;2246;1417
63290;1240;1055;1620;2227;1410
63310;1246;1055;1621;2225;1407
63330;1250;1054;1622;2227;1409
63420;1266;1054;1632;2220;1404
63460;1280;1054;1641;2221;1402
63510;1290;1054;1650;2216;1397
63550;1300;1055;1657;2219;1398
63590;1309;1054;1662;2219;1394
63630;1320;1055;1669;2224;1391
63670;1328;1056;1677;2220;1391
63740;1334;1057;1684;2224;1393
63780;1351;1057;1690;2232;1395
63820;1361;1056;1696;2222;1397
63890;1382;1056;1701;2239;1403
63930;1393;1056;1707;2227;1399
64020;1412;1057;1716;2229;1394
64080;1430;1057;1723;2219;1389
64120;1440;1056;1727;2222;1391
64160;1453;1057;1733;2232;1407
64190;1464;1057;1740;2235;1407
64230;1475;1057;1746;2230;1400
64270;1484;1058;1750;2226;1394
64310;1494;1064;1752;2232;1401
64350;1499;1067;1755;2244;1399
64380;1506;1069;1758;2246;1399
64420;1519;1070;1762;2237;1403
64460;1528;1071;1765;2248;1411
64500;1535;1072;1769;2242;1399
64510;1548;1073;1773;2238;1399
64560;1580;1074;1778;2250;1399
64600;1617;1073;1781;2254;1409
64680;1674;1080;1786;2261;1420
64710;1708;1085;1791;2275;1423
64760;1727;1088;1797;2278;1423
64830;1743;1089;1806;2287;1427
64870;1753;1090;1812;2295;1427
64940;1764;1097;1819;2323;1451
64980;1783;1104;1823;2279;1456
65020;1800;1111;1825;2307;1449
65060;1814;1119;1827;2313;1457
65100;1825;1130;1828;2289;1461
65140;1836;1132;1828;2279;1460
65190;1848;1146;1830;2286;1470
65230;1858;1156;1830;2294;1472
65280;1875;1168;1831;2336;1467
65320;1885;1180;1833;2344;1474
65360;1895;1181;1834;2335;1467
65400;1905;1184;1838;2343;1465
65430;1912;1193;1840;2352;1469
65520;1925;1205;1841;2378;1472
14;1934;1209;1843;2374;1470
114;1955;1213;1851;2379;1465
134;1964;1214;1860;2391;1489
174;1974;1219;1868;2380;1478
184;1980;1223;1871;2382;1467
194;1983;1228;1872;2384;1463
274;1993;1235;1874;2385;1462
354;2008;1238;1879;2384;1459
414;2084;1240;1884;2324;1475
564;2133;1253;1888;2373;1459
674;2164;1262;1892;2381;1452
724;2195;1267;1902;2373;1446
764;2209;1268;1908;2392;1448
794;2216;1274;1910;2365;1462
834;2227;1278;1911;2376;1447
874;2233;1282;1912;2386;1448
914;2242;1281;1913;2388;1447
954;2249;1288;1915;2390;1449
984;2253;1297;1915;2381;1445
1024;2260;1300;1916;2388;1446
1064;2265;1303;1916;2379;1441
1104;2268;1302;1917;2375;1439
1134;2273;1305;1922;2374;1438
1174;2280;1307;1929;2331;1440
1214;2282;1311;1933;2340;1443
1254;2286;1314;1934;2340;1439
1334;2295;1319;1934;2362;1436
1364;2305;1328;1935;2346;1445
1404;2311;1332;1935;2360;1432
1454;2318;1332;1936;2365;1432
1464;2320;1332;1937;2365;1434
1484;2320;1334;1938;2369;1435
1534;2319;1333;1939;2349;1429
1574;2317;1335;1940;2346;1430
1634;2318;1335;1941;2359;1430
1684;2319;1336;1941;2377;1436
1784;2321;1335;1944;2410;1444
1844;2324;1336;1946;2426;1448
1884;2327;1336;1949;2430;1447
1934;2333;1335;1952;2442;1451
1974;2336;1336;1953;2442;1450
2034;2343;1337;1954;2452;1450
2074;2348;1337;1955;2456;1452
2094;2351;1334;1955;2454;1452
2144;2352;1333;1956;2447;1454
2174;2352;1333;1956;2442;1454
2214;2352;1334;1956;2436;1452
2254;2353;1334;1956;2435;1456
2264;2353;1333;1958;2438;1458
2294;2352;1334;1957;2437;1453
2314;2352;1333;1957;2436;1454
2414;2352;1334;1956;2447;1447
2444;2350;1333;1956;2446;1448
2484;2349;1333;1956;2453;1452
2524;2350;1333;1957;2453;1453
2554;2355;1333;1957;2424;1456
2564;2359;1338;1957;2460;1492
2604;2360;1340;1957;2438;1451
2634;2364;1342;1957;2453;1451
2674;2368;1343;1957;2457;1458
2714;2371;1345;1958;2461;1459
2724;2373;1347;1960;2459;1459
2774;2372;1346;1958;2457;1458
2804;2372;1346;1957;2451;1458
2854;2374;1346;1959;2445;1457
2894;2374;1346;1958;2437;1456
2934;2373;1346;1957;2435;1455
3004;2372;1346;1957;2439;1455
3044;2371;1346;1957;2434;1459
3084;2371;1346;1957;2433;1459
3124;2371;1346;1958;2433;1458
3164;2371;1346;1957;2423;1455
3204;2370;1345;1957;2420;1452
3234;2371;1345;1957;2419;1453
3274;2371;1345;1957;2415;1448
3314;2372;1346;1959;2420;1450
3354;2371;1346;1958;2418;1449
3384;2371;1346;1957;2416;1449
3424;2371;1345;1957;2415;1446
3464;2371;1345;1957;2417;1448
3504;2373;1346;1958;2424;1449
3534;2373;1346;1957;2421;1448
3574;2374;1347;1958;2421;1448
3614;2372;1348;1958;2417;1449
3654;2372;1345;1957;2414;1448
3674;2372;1346;1957;2416;1449
3724;2371;1347;1957;2411;1447
3764;2372;1348;1958;2412;1446
3804;2371;1346;1957;2402;1444
3834;2372;1346;1959;2405;1444
3874;2372;1347;1958;2402;1442
3914;2372;1348;1957;2393;1443
3944;2372;1347;1957;2394;1441
3984;2372;1346;1957;2383;1438
4024;2373;1348;1958;2384;1443
4064;2372;1348;1958;2376;1439
4104;2371;1347;1957;2362;1432
4134;2371;1346;1957;2365;1434
4174;2371;1346;1957;2367;1434
4214;2372;1346;1959;2370;1438
4254;2371;1347;1957;2363;1434
4284;2373;1347;1958;2374;1439
4324;2372;1346;1958;2372;1436
4364;2372;1346;1958;2368;1434
4404;2371;1345;1957;2365;1434
4434;2371;1345;1957;2367;1434
4474;2371;1345;1957;2365;1435
4514;2371;1345;1957;2367;1435
4554;2373;1347;1957;2370;1437
4584;2371;1346;1957;2368;1436
4624;2371;1346;1957;2352;1436
4664;2370;1346;1957;2245;1443
4704;2369;1346;1956;2166;1429
4734;2369;1346;1956;2128;1429
4774;2369;1345;1956;2115;1419
4814;2370;1346;1958;2115;1419
4854;2369;1345;1957;2112;1415
4884;2369;1345;1957;2114;1414
4924;2369;1345;1957;2113;1408
4964;2369;1345;1957;2118;1418
5004;2369;1347;1957;2122;1429
5034;2369;1346;1957;2135;1434
5074;2370;1346;1958;2140;1437
5114;2370;1346;1957;2140;1443
5144;2370;1346;1957;2147;1447
5184;2369;1346;1957;2161;1451
5224;2369;1346;1957;2160;1448
5264;2369;1346;1957;2165;1452
5304;2369;1345;1956;2166;1453
5334;2370;1345;1958;2169;1456
5374;2370;1346;1957;2169;1453
5414;2369;1346;1957;2172;1455
5454;2368;1346;1956;2168;1456
5484;2369;1346;1956;2176;1459
5524;2370;1346;1956;2194;1462
5564;2369;1347;1956;2193;1464
5604;2369;1348;1956;2184;1464
5634;2369;1347;1957;2189;1466
5674;2369;1347;1957;2190;1466
5714;2369;1346;1958;2193;1469
5754;2369;1347;1957;2191;1466
5784;2369;1346;1957;2191;1467
5824;2369;1346;1957;2192;1469
5864;2369;1346;1957;2193;1469
5904;2369;1345;1956;2192;1471
5934;2369;1345;1956;2197;1474
5974;2369;1345;1957;2201;1476
6014;2369;1345;1957;2205;1475
6054;2370;1347;1958;2204;1476
6084;2369;1346;1957;2210;1477
6124;2369;1346;1957;2209;1478
6164;2369;1346;1957;2209;1479
6204;2368;1344;1957;2209;1479
6234;2368;1345;1957;2211;1481
6274;2368;1344;1957;2208;1481
6314;2369;1346;1958;2204;1479
6354;2368;1345;1957;2203;1479
6384;2368;1346;1957;2203;1479
6424;2369;1345;1957;2200;1476
6464;2369;1345;1957;2203;1477
6504;2369;1345;1958;2201;1479
6534;2369;1345;1957;2201;1478
6574;2369;1347;1958;2204;1474
6614;2369;1347;1958;2196;1471
6654;2368;1345;1957;2196;1468
6684;2368;1347;1957;2194;1469
6724;2368;1346;1957;2195;1470
6764;2369;1346;1957;2197;1470
6804;2369;1347;1956;2198;1472
6834;2370;1347;1958;2202;1475
6874;2369;1345;1957;2198;1472
6914;2369;1344;1957;2198;1471
6954;2368;1346;1956;2190;1467
6984;2368;1344;1956;2190;1469
7024;2368;1346;1957;2191;1469
7064;2368;1346;1957;2187;1468
7104;2368;1344;1957;2187;1466
7134;2368;1343;1957;2188;1470
7174;2368;1344;1957;2191;1468
7214;2368;1344;1957;2189;1468
7254;2368;1343;1957;2186;1468
7284;2369;1345;1957;2188;1469
7324;2369;1345;1957;2186;1468
7364;2369;1346;1957;2184;1469
7404;2368;1346;1957;2186;1472
7434;2368;1345;1957;2196;1480
7474;2369;1345;1957;2203;1490
7514;2369;1344;1957;2251;1471
7554;2369;1345;1957;2299;1450
7584;2369;1344;1957;2317;1445
7624;2370;1346;1957;2329;1437
7654;2371;1347;1957;2334;1434
7704;2371;1346;1956;2318;1422
7734;2371;1347;1957;2308;1414
7774;2373;1345;1957;2297;1411
7814;2374;1344;1959;2293;1404
7854;2372;1346;1957;2275;1395
7884;2374;1347;1958;2272;1393
7924;2373;1348;1957;2269;1391
7964;2373;1345;1957;2271;1393
8004;2372;1345;1957;2280;1398
8034;2372;1344;1957;2288;1405
8074;2372;1345;1957;2289;1407
8114;2372;1346;1957;2288;1408
8154;2372;1346;1957;2287;1416
8184;2372;1345;1957;2292;1420
8224;2372;1344;1957;2291;1413
8264;2372;1343;1957;2285;1407
8304;2371;1344;1956;2279;1399
8334;2372;1344;1957;2283;1399
8374;2372;1345;1957;2282;1397
8414;2372;1345;1957;2280;1398
8454;2371;1345;1956;2276;1398
8484;2371;1345;1956;2281;1405
8524;2371;1344;1957;2290;1411
8564;2371;1345;1957;2284;1406
8604;2371;1345;1957;2280;1402
8634;2371;1346;1957;2279;1401
8674;2371;1347;1957;2280;1402
8714;2370;1346;1957;2274;1400
8754;2370;1346;1956;2262;1395
8784;2370;1346;1957;2242;1406
8824;2370;1348;1957;2127;1421
8864;2371;1348;1957;2034;1417
8904;2370;1345;1956;1965;1396
8934;2370;1344;1957;1920;1398
8974;2370;1344;1957;1844;1394
9014;2370;1343;1957;1829;1395
9054;2370;1344;1957;1829;1400
9084;2371;1349;1957;1807;1415
9124;2373;1347;1958;1797;1409
9164;2372;1346;1957;1784;1412
9204;2371;1346;1956;1770;1419
9234;2372;1345;1956;1767;1429
9274;2371;1350;1957;1756;1434
9314;2372;1348;1957;1748;1436
9354;2369;1346;1956;1745;1439
9384;2370;1346;1958;1737;1438
9424;2368;1348;1957;1730;1448
9464;2366;1346;1957;1721;1448
9504;2363;1345;1957;1716;1448
9534;2360;1350;1957;1715;1448
9574;2356;1347;1958;1713;1453
9614;2353;1346;1957;1697;1457
9654;2345;1345;1957;1686;1460
9684;2347;1345;1957;1666;1460
9724;2345;1344;1957;1653;1459
9764;2337;1345;1957;1637;1461
9804;2332;1349;1956;1632;1459
9834;2330;1347;1957;1630;1461
9874;2325;1346;1957;1626;1463
9914;2319;1346;1957;1627;1461
9954;2313;1345;1956;1624;1460
9984;2309;1346;1956;1630;1463
10024;2304;1344;1957;1629;1463
10064;2297;1343;1957;1626;1464
10104;2299;1344;1957;1628;1464
10134;2299;1349;1957;1633;1466
10174;2292;1352;1957;1634;1472
10214;2285;1347;1957;1628;1471
10254;2278;1345;1956;1620;1475
10274;2274;1350;1956;1621;1476
10284;2270;1348;1957;1623;1476
10324;2261;1345;1957;1619;1477
10364;2252;1346;1958;1615;1478
10404;2243;1344;1957;1613;1477
10434;2237;1344;1957;1610;1479
10474;2230;1345;1957;1610;1481
10514;2229;1350;1957;1610;1480
10554;2224;1347;1958;1606;1480
10584;2217;1346;1958;1601;1479
10624;2204;1346;1959;1603;1483
10664;2194;1346;1958;1595;1480
10704;2185;1345;1957;1590;1481
10734;2178;1345;1957;1591;1481
10774;2166;1346;1957;1587;1481
10814;2165;1345;1958;1588;1483
10854;2164;1345;1957;1583;1480
10884;2152;1350;1958;1591;1485
10924;2141;1349;1955;1592;1480
10964;2074;1348;1955;1589;1481
11004;2032;1348;1955;1590;1482
11034;2011;1348;1955;1593;1483
11084;1999;1349;1954;1593;1482
11124;1981;1349;1951;1593;1486
11184;1967;1349;1946;1583;1484
11224;1956;1348;1940;1573;1484
11264;1942;1348;1934;1579;1484
11304;1934;1349;1927;1580;1484
11334;1929;1349;1923;1585;1484
11374;1919;1349;1920;1580;1477
11414;1908;1347;1918;1587;1477
11454;1899;1347;1914;1589;1479
11484;1888;1347;1912;1586;1480
11524;1868;1347;1913;1585;1472
11564;1867;1347;1912;1578;1470
11634;1857;1347;1904;1580;1475
11674;1841;1348;1898;1566;1482
11714;1828;1348;1894;1563;1483
11754;1825;1347;1890;1565;1483
11784;1825;1347;1888;1559;1491
11824;1814;1348;1886;1560;1487
11844;1810;1347;1884;1564;1489
11864;1802;1348;1884;1575;1484
11894;1785;1348;1882;1570;1486
11934;1778;1349;1880;1560;1477
11974;1776;1348;1874;1557;1476
12014;1764;1348;1866;1554;1480
12054;1757;1347;1863;1568;1484
12074;1747;1348;1861;1558;1490
12134;1731;1349;1859;1573;1489
12174;1714;1347;1854;1600;1487
12214;1679;1347;1849;1584;1492
12224;1661;1346;1846;1596;1487
12254;1628;1347;1844;1580;1494
12294;1587;1348;1838;1579;1489
12334;1558;1349;1834;1573;1492
12374;1543;1349;1830;1566;1496
12414;1528;1348;1823;1575;1492
12464;1516;1348;1817;1572;1502
12494;1502;1348;1811;1586;1497
12534;1494;1348;1805;1589;1508
12574;1485;1348;1797;1604;1518
12614;1474;1349;1791;1601;1513
12654;1465;1348;1786;1600;1519
12684;1457;1348;1780;1605;1523
12724;1449;1349;1774;1601;1527
12764;1430;1349;1769;1594;1527
12804;1424;1348;1763;1595;1533
12834;1413;1349;1759;1597;1539
12874;1406;1348;1755;1600;1538
12914;1399;1350;1750;1608;1542
12954;1385;1349;1740;1612;1551
12984;1378;1349;1735;1614;1554
13024;1365;1349;1731;1610;1555
13064;1352;1347;1723;1614;1554
13104;1345;1348;1718;1621;1569
13134;1340;1347;1713;1619;1574
13174;1332;1348;1705;1621;1564
13214;1322;1347;1696;1616;1558
13254;1311;1340;1690;1601;1555
13334;1299;1329;1687;1600;1559
13374;1285;1317;1682;1602;1573
13414;1273;1311;1673;1609;1592
13454;1263;1305;1667;1623;1599
13504;1255;1302;1655;1618;1609
13544;1244;1293;1645;1615;1603
13584;1236;1288;1641;1597;1604
13624;1225;1276;1639;1597;1615
13664;1215;1271;1635;1583;1612
13704;1208;1264;1630;1584;1615
13734;1201;1261;1627;1600;1628
13774;1191;1259;1622;1590;1634
13814;1181;1258;1616;1588;1641
13854;1172;1258;1606;1589;1642
13884;1166;1254;1602;1592;1641
13924;1157;1247;1599;1594;1634
13964;1149;1240;1596;1592;1656
14004;1139;1234;1592;1595;1662
14034;1133;1230;1586;1599;1668
14074;1126;1227;1579;1595;1671
14114;1117;1216;1572;1605;1667
14154;1110;1215;1568;1607;1674
14184;1104;1214;1566;1611;1688
14224;1099;1208;1565;1611;1694
14264;1090;1203;1561;1610;1700
14304;1082;1200;1554;1608;1706
14334;1075;1192;1550;1608;1700
14404;1067;1190;1547;1608;1714
14444;1059;1187;1542;1608;1719
14484;1051;1184;1536;1604;1725
14524;1041;1176;1532;1604;1724
14564;1033;1169;1530;1608;1731
14604;1027;1164;1528;1607;1750
14634;1023;1160;1526;1599;1745
14674;1019;1153;1524;1602;1756
14714;1013;1148;1515;1603;1758
14754;1006;1140;1509;1594;1764
14784;1001;1139;1506;1599;1758
14824;996;1135;1505;1590;1761
14864;988;1129;1505;1593;1776
14904;981;1126;1501;1595;1785
14934;979;1125;1498;1595;1797
14974;978;1122;1494;1592;1800
15014;974;1118;1491;1596;1808
15054;968;1114;1489;1596;1819
15084;964;1113;1489;1594;1835
15124;959;1111;1487;1595;1846
15164;957;1110;1479;1596;1847
15204;951;1108;1473;1594;1872
15234;944;1104;1470;1595;1858
15274;940;1100;1468;1594;1876
15314;937;1097;1467;1595;1880
15374;933;1093;1462;1592;1899
15414;929;1091;1455;1593;1928
15454;928;1089;1452;1576;1917
15494;926;1084;1450;1549;1929
15534;923;1080;1441;1549;1931
15574;919;1076;1437;1544;1967
15614;916;1076;1435;1540;1995
15654;915;1074;1434;1538;2039
15684;912;1073;1431;1543;2039
15724;911;1070;1429;1541;2083
15764;910;1068;1429;1541;2116
15804;909;1067;1429;1546;2134
15884;907;1065;1429;1546;2159
15924;905;1063;1422;1550;2147
15964;903;1062;1419;1547;2163
16004;902;1061;1417;1545;2167
16044;901;1061;1417;1547;2177
16084;900;1060;1417;1541;2180
16134;898;1058;1416;1540;2198
16174;897;1052;1417;1542;2215
16214;895;1051;1413;1536;2211
16254;894;1050;1410;1539;2252
16284;892;1049;1409;1530;2265
16324;890;1049;1409;1517;2291
16364;889;1050;1409;1516;2280
16404;887;1050;1408;1527;2267
16434;887;1050;1409;1532;2267
16474;884;1049;1409;1551;2244
16514;883;1049;1409;1557;2243
16554;882;1049;1408;1559;2242
16634;883;1050;1410;1545;2246
16674;883;1049;1409;1532;2246
16754;883;1050;1409;1539;2243
16794;883;1050;1408;1538;2241
16834;883;1050;1408;1535;2243
16874;883;1050;1408;1537;2239
16914;882;1050;1407;1541;2242
16954;883;1051;1408;1547;2244
16984;882;1050;1407;1547;2242
17024;882;1050;1408;1553;2233
17064;882;1049;1407;1554;2193
17104;882;1049;1407;1564;2143
17134;882;1049;1407;1584;2089
17174;882;1049;1406;1612;2029
17214;883;1049;1407;1621;1985
17254;882;1050;1406;1632;1814
17284;883;1051;1407;1627;1729
17324;883;1051;1405;1636;1604
17364;883;1050;1403;1674;1544
17404;883;1050;1402;1717;1520
17434;883;1050;1401;1726;1511
17474;884;1050;1401;1740;1504
17514;883;1050;1401;1765;1495
17554;883;1050;1401;1761;1452
17584;883;1050;1401;1768;1438
17624;883;1050;1401;1777;1416
17664;883;1051;1401;1802;1396
17704;883;1050;1400;1812;1396
17734;883;1050;1401;1827;1395
17774;883;1050;1401;1849;1390
17824;887;1050;1401;1863;1388
17864;891;1050;1402;1891;1381
17894;894;1050;1402;1913;1379
17934;899;1050;1402;1922;1377
17974;904;1050;1402;1929;1366
18014;908;1051;1402;1924;1361
18054;915;1050;1401;1925;1359
18084;920;1050;1401;1954;1351
18124;924;1051;1401;1959;1345
18164;929;1050;1401;1969;1342
18204;933;1050;1401;1948;1343
18234;939;1050;1401;1990;1348
18274;946;1050;1401;2013;1349
18314;952;1050;1403;1999;1350
18354;958;1050;1408;2034;1355
18384;967;1050;1411;2051;1359
18424;972;1051;1416;2070;1360
18464;974;1052;1420;2094;1375
18504;981;1051;1424;2114;1371
18584;991;1051;1434;2117;1361
18624;1002;1050;1445;2123;1363
18664;1010;1051;1452;2126;1344
18704;1016;1051;1459;2128;1343
18744;1022;1050;1465;2123;1349
18784;1031;1050;1474;2143;1366
18824;1038;1050;1481;2156;1364
18864;1048;1051;1487;2164;1367
18904;1057;1050;1494;2178;1367
18934;1064;1050;1499;2187;1368
18974;1069;1050;1506;2218;1384
19014;1076;1049;1512;2212;1375
19054;1087;1050;1517;2219;1376
19084;1093;1049;1522;2222;1378
19124;1099;1050;1530;2227;1381
19164;1106;1050;1537;2217;1374
19204;1116;1050;1543;2179;1379
19234;1122;1050;1548;2172;1373
19274;1129;1050;1553;2166;1371
19314;1137;1049;1559;2112;1375
19354;1148;1049;1565;2117;1366
19384;1154;1048;1571;2125;1368
19424;1163;1047;1578;2130;1368
19464;1173;1047;1585;2144;1364
19504;1184;1047;1591;2160;1371
19534;1191;1048;1596;2160;1370
19574;1194;1049;1602;2178;1377
19614;1204;1048;1610;2179;1373
19654;1216;1048;1615;2172;1376
19684;1224;1048;1619;2185;1377
19724;1228;1048;1621;2182;1378
19764;1239;1048;1626;2173;1381
19804;1247;1048;1632;2174;1378
19834;1256;1048;1637;2182;1378
19874;1265;1048;1644;2180;1379
19914;1275;1048;1651;2182;1378
19954;1286;1048;1656;2185;1377
19984;1292;1048;1659;2183;1376
20024;1299;1049;1665;2167;1377
20064;1308;1049;1671;2168;1371
20104;1319;1048;1679;2171;1367
20134;1324;1048;1683;2167;1367
20164;1328;1048;1686;2166;1368
20214;1334;1048;1692;2166;1368
20254;1352;1048;1695;2172;1369
20284;1362;1048;1701;2176;1370
20324;1371;1048;1706;2161;1367
20364;1386;1048;1710;2170;1365
20404;1394;1048;1716;2157;1367
20434;1401;1048;1721;2152;1365
20474;1408;1048;1725;2155;1363
20514;1423;1048;1726;2158;1357
20554;1436;1049;1730;2153;1357
20584;1443;1048;1736;2149;1353
20624;1451;1048;1742;2152;1357
20664;1461;1049;1747;2156;1362
20704;1472;1049;1751;2157;1362
20734;1476;1049;1754;2137;1346
20774;1486;1049;1758;2122;1337
20814;1498;1049;1763;2137;1340
20844;1503;1056;1767;2171;1367
20884;1514;1061;1770;2141;1337
20924;1525;1064;1774;2145;1339
20964;1527;1065;1778;2165;1345
21004;1559;1067;1782;2147;1343
21034;1587;1066;1784;2153;1349
21074;1609;1067;1791;2158;1341
21114;1655;1067;1799;2170;1348
21154;1679;1066;1806;2153;1340
21184;1712;1066;1811;2156;1341
21224;1730;1065;1816;2161;1341
21264;1741;1066;1822;2180;1353
21304;1752;1068;1826;2122;1372
21334;1758;1075;1830;2188;1363
21374;1769;1083;1830;2169;1366
21414;1773;1091;1831;2197;1388
21454;1789;1100;1830;2164;1376
21484;1799;1105;1831;2200;1376
21524;1811;1114;1833;2186;1378
21564;1822;1119;1834;2198;1380
21604;1832;1128;1837;2223;1392
21634;1841;1135;1839;2215;1388
21674;1851;1139;1840;2227;1397
21714;1861;1151;1841;2218;1397
21754;1876;1160;1842;2242;1413
21784;1884;1165;1843;2245;1400
21824;1891;1174;1844;2251;1408
21864;1904;1176;1846;2261;1415
21904;1910;1182;1848;2266;1420
21934;1912;1190;1850;2271;1422
21974;1925;1201;1853;2264;1417
22014;1931;1203;1858;2273;1422
22054;1935;1203;1869;2280;1420
22084;1950;1206;1874;2256;1438
22124;1961;1213;1877;2261;1425
22164;1970;1207;1879;2275;1429
22204;1977;1222;1881;2277;1422
22234;1982;1225;1882;2244;1416
22274;1991;1235;1883;2257;1413
22314;2001;1242;1886;2279;1418
22354;2010;1239;1888;2284;1417
22384;2017;1238;1890;2287;1411
22424;2090;1236;1893;2271;1434
22464;2123;1242;1895;2288;1426
22504;2157;1249;1897;2324;1433
22534;2171;1258;1904;2329;1434
22574;2178;1261;1910;2333;1434
22614;2182;1260;1911;2346;1436
22654;2185;1260;1913;2354;1437
22684;2190;1264;1914;2353;1432
22724;2201;1270;1915;2346;1434
22764;2209;1272;1916;2359;1437
22804;2216;1279;1916;2371;1451
22834;2223;1285;1918;2381;1446
22874;2230;1289;1917;2375;1448
22914;2236;1290;1917;2372;1442
22954;2244;1288;1918;2364;1447
22984;2251;1287;1922;2362;1435
23024;2254;1286;1928;2344;1432
23064;2259;1287;1932;2342;1433
23104;2263;1285;1935;2339;1430
23134;2268;1289;1938;2345;1429
23174;2275;1296;1940;2349;1434
23214;2278;1302;1942;2358;1440
23254;2282;1307;1943;2368;1437
23284;2286;1310;1944;2367;1435
23324;2291;1316;1945;2376;1437
23364;2296;1317;1947;2369;1432
23404;2303;1315;1950;2368;1430
23434;2311;1314;1951;2364;1428
23474;2321;1314;1953;2370;1428
23484;2324;1314;1954;2367;1427
23534;2322;1314;1955;2371;1426
23574;2321;1314;1956;2373;1429
23614;2321;1314;1956;2349;1418
23654;2319;1314;1956;2338;1410
23694;2318;1315;1956;2338;1405
23734;2319;1315;1956;2336;1403
23774;2319;1316;1956;2330;1398
23814;2321;1316;1957;2324;1397
23854;2321;1315;1957;2329;1389
23884;2323;1317;1957;2330;1389
23924;2327;1325;1957;2316;1399
23964;2334;1329;1957;2339;1390
24004;2338;1330;1957;2358;1412
24034;2339;1333;1957;2369;1399
24074;2343;1334;1958;2381;1402
24114;2348;1332;1958;2377;1397
24154;2350;1332;1958;2375;1397
24184;2350;1332;1958;2368;1396
24224;2351;1333;1958;2355;1394
24264;2350;1332;1958;2350;1392
24304;2349;1333;1958;2356;1394
24334;2349;1333;1958;2356;1397
24374;2349;1333;1958;2351;1392
24414;2349;1333;1958;2346;1387
24454;2348;1333;1958;2349;1393
24484;2348;1333;1958;2346;1388
24524;2349;1334;1959;2360;1373
24564;2349;1336;1959;2351;1376
24604;2350;1337;1958;2353;1375
24634;2354;1337;1958;2360;1373
24674;2359;1335;1959;2371;1373
24714;2360;1335;1960;2378;1376
24744;2362;1334;1961;2379;1376
24764;2363;1334;1962;2374;1378
24814;2363;1334;1963;2373;1381
24894;2363;1333;1964;2369;1382
24934;2363;1336;1964;2372;1385
24974;2363;1337;1965;2377;1389
25014;2363;1337;1965;2375;1391
25054;2366;1337;1967;2385;1405
25084;2364;1334;1966;2387;1408
25124;2366;1334;1967;2389;1409
25164;2365;1337;1966;2387;1410
25204;2364;1335;1965;2389;1414
25234;2364;1334;1965;2390;1415
25274;2364;1334;1964;2390;1412
25314;2366;1335;1967;2389;1414
25354;2365;1334;1966;2386;1412
25384;2367;1335;1968;2391;1414
25424;2365;1337;1966;2392;1413
25464;2364;1334;1965;2393;1415
25504;2364;1333;1966;2393;1417
25534;2364;1334;1965;2391;1416
25574;2364;1336;1966;2397;1421
25614;2363;1337;1966;2392;1419
25654;2363;1338;1965;2392;1421
25684;2364;1338;1965;2396;1425
25724;2364;1336;1965;2393;1420
25754;2363;1334;1964;2394;1426
25804;2364;1335;1964;2400;1431
25834;2365;1335;1965;2403;1434
25874;2364;1333;1965;2406;1435
25914;2364;1332;1965;2405;1435
25954;2364;1333;1965;2403;1435
25984;2364;1332;1965;2398;1432
26024;2364;1333;1965;2400;1433
26054;2363;1332;1965;2400;1433
26094;2363;1332;1965;2398;1434
26134;2363;1336;1965;2400;1431
26174;2363;1335;1965;2394;1431
26214;2363;1337;1965;2393;1431
26254;2362;1336;1965;2392;1430
26284;2362;1335;1965;2391;1429
26324;2363;1335;1965;2388;1430
26364;2364;1336;1965;2391;1430
26404;2364;1335;1965;2387;1426
26434;2364;1335;1965;2387;1426
26474;2365;1335;1965;2389;1425
26514;2364;1335;1965;2391;1427
26554;2366;1335;1966;2390;1427
26584;2365;1335;1966;2383;1423
26624;2365;1335;1968;2355;1423
26664;2364;1335;1967;2263;1416
26704;2364;1335;1966;2175;1416
26734;2364;1335;1965;2137;1425
26774;2363;1335;1965;2115;1420
26804;2364;1335;1965;2115;1415
26844;2364;1335;1965;2117;1410
26884;2364;1335;1966;2120;1408
26924;2364;1335;1965;2118;1408
26964;2364;1335;1965;2119;1410
27004;2363;1335;1965;2120;1416
27034;2363;1335;1965;2119;1414
27074;2364;1335;1965;2120;1416
27114;2364;1335;1964;2119;1416
27154;2364;1335;1965;2120;1409
27184;2363;1335;1965;2116;1405
27224;2363;1335;1965;2119;1405
27264;2364;1335;1965;2123;1414
27294;2364;1335;1965;2123;1414
27334;2364;1337;1965;2124;1408
27374;2364;1336;1965;2121;1404
27414;2363;1335;1965;2117;1404
27454;2363;1335;1965;2108;1403
27484;2363;1335;1965;2104;1400
27524;2363;1335;1965;2103;1401
27554;2363;1335;1965;2103;1400
27604;2366;1336;1967;2104;1399
27644;2364;1336;1966;2104;1399
27684;2364;1335;1965;2108;1399
27724;2363;1335;1966;2109;1400
27764;2363;1335;1966;2107;1399
27804;2362;1335;1965;2107;1400
27834;2363;1335;1965;2105;1401
27874;2363;1335;1965;2105;1401
27904;2363;1335;1965;2108;1402
27944;2362;1335;1965;2116;1403
27984;2363;1335;1964;2118;1411
28024;2363;1335;1964;2130;1418
28064;2363;1335;1964;2131;1420
28084;2364;1336;1964;2133;1421
28134;2363;1336;1965;2133;1421
28174;2363;1335;1965;2135;1421
28244;2363;1335;1965;2132;1419
28274;2363;1336;1965;2133;1419
28314;2364;1336;1966;2139;1425
28354;2363;1336;1965;2141;1425
28394;2362;1336;1965;2144;1431
28434;2362;1334;1964;2156;1435
28474;2363;1333;1964;2165;1437
28514;2363;1333;1964;2177;1442
28544;2363;1334;1964;2180;1444
28574;2363;1334;1965;2185;1447
28624;2363;1334;1965;2187;1448
28654;2363;1334;1965;2188;1450
28694;2363;1333;1965;2187;1450
28734;2363;1335;1965;2186;1457
28774;2363;1337;1966;2196;1464
28814;2363;1336;1966;2189;1463
28844;2364;1335;1967;2193;1463
28884;2363;1334;1966;2191;1465
28924;2363;1334;1965;2193;1464
28954;2363;1334;1965;2191;1463
29004;2362;1337;1965;2189;1459
29034;2363;1335;1965;2195;1460
29084;2364;1335;1965;2192;1453
29094;2364;1335;1965;2193;1453
29124;2363;1334;1965;2188;1452
29184;2363;1334;1965;2186;1452
29224;2363;1337;1965;2188;1454
29254;2363;1335;1965;2188;1453
29304;2363;1334;1964;2187;1452
29334;2363;1335;1964;2186;1453
29374;2363;1335;1965;2181;1453
29404;2363;1335;1965;2172;1450
29444;2363;1335;1965;2168;1448
29484;2363;1334;1965;2201;1431
29524;2363;1333;1965;2258;1411
29564;2364;1335;1965;2295;1407
29604;2364;1337;1965;2340;1412
29634;2365;1336;1965;2350;1404
29684;2365;1334;1965;2345;1402
29724;2366;1334;1965;2342;1395
29774;2366;1337;1965;2333;1389
29814;2366;1336;1965;2334;1389
29854;2366;1335;1965;2333;1390
29894;2366;1335;1965;2331;1384
29934;2365;1339;1965;2324;1384
29974;2366;1339;1965;2327;1385
30014;2367;1337;1965;2330;1387
30054;2366;1334;1965;2328;1388
30084;2366;1334;1967;2327;1387
30124;2366;1334;1966;2324;1388
30154;2366;1335;1965;2319;1383
30194;2366;1335;1965;2311;1378
30234;2366;1334;1965;2305;1378
30274;2366;1333;1967;2317;1381
30314;2366;1334;1966;2313;1380
30354;2365;1334;1965;2303;1376
30394;2365;1337;1965;2301;1375
30434;2365;1336;1965;2296;1371
30474;2367;1334;1966;2299;1374
30514;2366;1334;1965;2294;1368
30544;2366;1335;1965;2292;1363
30584;2366;1337;1965;2293;1363
30624;2365;1335;1965;2293;1364
30664;2365;1337;1965;2293;1365
30704;2365;1335;1965;2287;1365
30744;2366;1334;1965;2292;1367
30754;2365;1335;1965;2291;1370
30894;2365;1335;1965;1984;1395
30934;2367;1336;1967;1945;1394
30974;2366;1336;1966;1873;1380
31024;2366;1337;1965;1861;1397
31064;2367;1337;1967;1859;1410
31094;2367;1335;1966;1865;1410
31134;2366;1335;1966;1855;1414
31174;2366;1336;1965;1847;1424
31214;2366;1336;1965;1838;1430
31254;2365;1336;1965;1818;1428
31324;2369;1336;1966;1778;1432
31364;2369;1335;1965;1760;1433
31404;2367;1335;1964;1747;1434
31434;2363;1336;1964;1737;1434
31484;2357;1337;1964;1731;1436
31524;2353;1336;1964;1725;1439
31584;2351;1337;1965;1729;1445
31624;2348;1336;1965;1725;1445
31654;2343;1336;1965;1721;1447
31694;2334;1336;1965;1710;1449
31734;2329;1336;1965;1700;1448
31774;2331;1337;1966;1691;1452
31814;2329;1336;1966;1689;1454
31844;2323;1336;1966;1689;1457
31884;2315;1337;1966;1693;1455
31924;2311;1337;1965;1696;1457
31964;2303;1337;1965;1698;1458
32004;2297;1336;1964;1693;1461
32034;2295;1337;1965;1694;1463
32074;2293;1336;1966;1686;1465
32114;2288;1335;1965;1677;1464
32144;2284;1336;1965;1672;1471
32184;2277;1337;1964;1666;1472
32224;2271;1337;1964;1660;1471
32264;2262;1337;1964;1659;1475
32304;2253;1336;1965;1661;1478
32344;2243;1336;1965;1661;1478
32354;2239;1336;1965;1651;1482
32394;2232;1336;1965;1653;1484
32444;2227;1337;1965;1636;1484
32484;2228;1337;1965;1625;1483
32524;2223;1337;1965;1624;1485
32564;2205;1337;1967;1626;1488
32594;2196;1337;1966;1626;1483
32634;2188;1337;1965;1625;1483
32674;2182;1337;1965;1625;1482
32714;2169;1337;1965;1629;1482
32754;2162;1337;1964;1629;1483
32784;2159;1337;1964;1632;1483
32824;2147;1337;1967;1629;1486
32864;2148;1337;1966;1631;1481
32904;2075;1336;1965;1628;1484
32934;2039;1335;1965;1625;1487
32974;2012;1336;1965;1627;1487
33014;2000;1336;1964;1634;1485
33054;1985;1336;1963;1623;1488
33084;1974;1337;1960;1624;1489
33124;1966;1337;1958;1618;1488
33164;1957;1337;1955;1619;1488
33204;1947;1336;1952;1623;1486
33234;1938;1336;1950;1626;1485
33274;1929;1337;1948;1623;1486
33314;1924;1337;1945;1623;1484
33354;1913;1336;1941;1620;1481
33394;1908;1336;1937;1620;1482
33434;1895;1337;1926;1616;1484
33474;1879;1336;1922;1612;1485
33514;1873;1336;1917;1611;1480
33554;1867;1336;1914;1611;1478
33594;1857;1335;1915;1610;1479
33634;1844;1336;1914;1615;1482
33674;1836;1337;1906;1614;1487
33714;1829;1337;1900;1605;1485
33754;1823;1337;1896;1610;1487
33784;1814;1336;1892;1608;1483
33824;1803;1336;1890;1606;1487
33864;1784;1336;1888;1612;1489
33904;1778;1336;1884;1614;1485
33934;1776;1336;1883;1611;1491
33974;1763;1336;1879;1608;1489
34014;1757;1336;1870;1616;1492
34054;1744;1336;1864;1614;1497
34084;1732;1337;1860;1618;1499
34124;1704;1336;1854;1620;1499
34164;1686;1336;1849;1626;1501
34204;1660;1337;1846;1636;1513
34234;1629;1337;1844;1656;1522
34274;1576;1337;1837;1660;1525
34314;1548;1337;1833;1664;1521
34354;1535;1336;1825;1671;1526
34384;1524;1336;1818;1642;1526
34424;1512;1336;1809;1630;1523
34464;1501;1336;1799;1612;1516
34504;1494;1336;1792;1598;1528
34534;1487;1336;1787;1596;1529
34574;1477;1336;1780;1605;1530
34614;1466;1336;1775;1606;1537
34654;1458;1337;1772;1627;1539
34684;1448;1337;1766;1623;1539
34724;1438;1337;1759;1611;1552
34764;1428;1337;1751;1605;1559
34804;1412;1337;1741;1601;1564
34834;1407;1337;1735;1616;1576
34874;1398;1337;1732;1636;1578
34914;1385;1337;1727;1639;1579
34964;1378;1337;1720;1644;1592
35004;1364;1336;1716;1646;1585
35074;1350;1337;1707;1640;1586
35114;1341;1337;1698;1644;1591
35154;1331;1336;1689;1640;1588
35184;1321;1337;1681;1638;1585
35224;1311;1337;1672;1640;1587
35244;1307;1338;1669;1643;1598
35294;1297;1336;1661;1643;1602
35334;1284;1326;1655;1645;1600
35384;1272;1312;1651;1650;1606
35424;1262;1299;1647;1647;1616
35484;1248;1285;1644;1649;1619
35524;1240;1277;1640;1649;1625
35564;1233;1271;1639;1659;1655
35594;1223;1266;1636;1653;1670
35634;1210;1263;1631;1659;1674
35674;1205;1260;1626;1653;1663
35714;1196;1255;1622;1653;1660
35754;1186;1247;1620;1655;1669
35784;1178;1242;1620;1655;1672
35824;1170;1237;1614;1655;1679
35864;1160;1234;1605;1649;1683
35904;1150;1215;1598;1631;1660
35934;1140;1215;1594;1627;1670
35974;1135;1212;1591;1606;1666
36014;1127;1204;1590;1591;1652
36054;1118;1197;1588;1584;1661
36094;1112;1193;1583;1593;1670
36134;1105;1187;1576;1606;1681
36174;1098;1185;1571;1604;1678
36254;1085;1185;1564;1616;1699
36294;1077;1184;1558;1620;1718
36334;1069;1176;1550;1615;1709
36374;1060;1169;1546;1613;1716
36414;1052;1165;1544;1620;1732
36454;1041;1162;1540;1613;1742
36494;1034;1159;1534;1618;1749
36504;1028;1157;1530;1612;1748
36534;1024;1157;1526;1620;1755
36574;1021;1155;1521;1614;1764
36614;1018;1146;1520;1612;1759
36654;1010;1140;1517;1602;1757
36684;1005;1137;1515;1600;1764
36724;1000;1134;1510;1604;1772
36764;994;1133;1502;1598;1777
36814;985;1126;1498;1604;1772
36854;982;1121;1495;1595;1779
36904;978;1118;1494;1595;1786
36944;972;1116;1492;1595;1796
36974;967;1115;1488;1599;1803
37014;961;1114;1482;1608;1809
37054;958;1112;1475;1605;1824
37094;952;1109;1471;1604;1830
37134;945;1103;1469;1607;1844
37174;940;1098;1467;1607;1859
37214;936;1096;1465;1593;1864
37254;932;1093;1462;1583;1864
37284;930;1090;1461;1580;1898
37324;927;1087;1452;1581;1899
37364;925;1081;1447;1575;1918
37404;922;1077;1444;1565;1958
37454;918;1075;1439;1561;1998
37494;915;1073;1437;1560;2010
37544;914;1071;1435;1565;2029
37584;913;1070;1434;1567;2041
37624;911;1068;1434;1563;2040
37664;911;1066;1433;1561;2065
37704;910;1065;1432;1564;2082
37734;910;1064;1433;1565;2091
37764;909;1063;1433;1566;2105
37774;909;1061;1433;1565;2109
37814;908;1060;1428;1569;2100
37854;906;1058;1426;1572;2130
37884;905;1053;1425;1569;2146
37944;902;1052;1424;1570;2182
37984;900;1051;1426;1572;2217
38034;898;1049;1425;1561;2239
38074;896;1048;1415;1564;2211
38114;896;1048;1410;1559;2255
38154;895;1050;1407;1549;2255
38194;893;1049;1407;1547;2276
38234;892;1049;1406;1548;2296
38274;890;1045;1405;1546;2308
38354;888;1041;1405;1547;2295
38394;887;1038;1405;1546;2294
38434;887;1037;1405;1547;2291
38474;887;1037;1406;1547;2286
38514;887;1036;1406;1546;2284
38554;887;1036;1406;1549;2281
38584;887;1036;1406;1547;2280
38624;887;1036;1406;1548;2281
38664;887;1036;1406;1547;2280
38704;887;1036;1407;1550;2282
38734;887;1036;1406;1548;2280
38774;887;1036;1406;1548;2280
38824;887;1036;1406;1548;2283
38864;886;1036;1406;1547;2282
38904;885;1036;1405;1547;2281
38934;885;1036;1405;1549;2284
38974;886;1035;1406;1550;2283
39014;886;1036;1406;1550;2278
39044;886;1036;1405;1559;2242
39084;886;1036;1406;1569;2202
39124;887;1036;1406;1585;2142
39164;887;1036;1406;1596;2064
39204;887;1036;1406;1604;1984
39284;886;1036;1406;1616;1755
39324;886;1037;1405;1620;1607
39364;886;1037;1405;1652;1575
39404;886;1038;1406;1693;1524
39444;885;1039;1406;1715;1510
39464;886;1039;1406;1718;1506
39594;886;1042;1406;1747;1440
39634;887;1043;1406;1745;1415
39674;887;1045;1405;1751;1380
39714;887;1046;1406;1768;1380
39754;887;1046;1406;1792;1380
39784;888;1048;1406;1808;1369
39824;889;1048;1406;1828;1371
39864;891;1049;1406;1845;1378
39904;895;1049;1406;1870;1367
39934;900;1048;1406;1876;1366
39974;904;1048;1406;1900;1364
40014;908;1049;1406;1905;1356
40054;916;1049;1406;1871;1363
40084;920;1049;1406;1915;1350
40124;924;1049;1406;1928;1341
40164;930;1049;1406;1939;1339
40204;934;1050;1406;1960;1340
40234;940;1049;1406;1958;1344
40274;948;1049;1408;1966;1336
40314;954;1048;1410;1985;1342
40354;961;1048;1414;2005;1344
40394;969;1048;1418;2033;1355
40434;973;1048;1423;2050;1358
40484;977;1049;1426;2076;1353
40524;986;1049;1431;2085;1356
40584;994;1049;1442;2102;1365
40624;1004;1049;1449;2114;1364
40694;1013;1049;1458;2137;1363
40734;1021;1049;1467;2138;1360
40774;1029;1049;1475;2147;1365
40814;1037;1049;1482;2153;1367
40844;1045;1049;1487;2153;1357
40884;1054;1049;1492;2170;1359
40924;1062;1049;1500;2166;1360
40964;1068;1050;1505;2160;1356
40994;1074;1050;1509;2153;1347
41034;1084;1050;1515;2157;1340
41074;1092;1050;1521;2150;1343
41114;1099;1050;1529;2172;1348
41154;1105;1050;1535;2175;1346
41194;1115;1050;1542;2217;1360
41234;1122;1049;1550;2178;1368
41274;1130;1049;1557;2045;1376
41314;1139;1049;1563;2054;1364
41354;1148;1049;1570;2076;1362
41394;1158;1049;1576;2091;1355
41434;1166;1049;1583;2102;1348
41484;1178;1049;1591;2093;1342
41524;1187;1049;1600;2086;1347
41564;1191;1049;1609;2110;1358
41604;1201;1049;1615;2110;1358
41644;1215;1050;1621;2110;1364
41684;1224;1049;1623;2113;1362
41704;1230;1049;1628;2108;1367
41754;1238;1049;1632;2095;1361
41784;1244;1049;1637;2085;1351
41824;1254;1050;1645;2078;1338
41864;1263;1049;1652;2076;1337
41904;1275;1049;1659;2080;1344
41944;1286;1049;1666;2079;1340
41984;1293;1049;1675;2057;1329
42024;1300;1049;1682;2015;1323
42064;1309;1049;1689;1981;1325
42104;1320;1049;1694;1949;1320
42134;1328;1049;1700;1934;1318
42184;1333;1049;1706;1933;1317
42224;1343;1053;1710;1926;1318
42264;1358;1056;1713;1938;1316
42304;1367;1057;1720;1940;1316
42334;1380;1057;1724;1953;1312
42374;1391;1059;1727;1980;1317
42414;1398;1059;1729;1985;1318
42454;1406;1060;1731;1996;1316
42484;1417;1061;1736;2009;1315
42524;1432;1061;1741;2006;1316
42564;1441;1061;1746;2000;1315
42604;1447;1061;1749;2021;1316
42634;1456;1062;1752;2041;1322
42674;1465;1062;1755;2072;1338
42714;1475;1062;1758;2086;1340
42754;1487;1062;1762;2081;1331
42784;1497;1062;1765;2074;1331
42824;1502;1062;1769;2090;1335
42864;1513;1061;1774;2095;1336
42904;1520;1061;1778;2085;1331
42934;1525;1061;1780;2096;1339
42974;1536;1061;1784;2104;1338
43014;1565;1062;1790;2098;1337
43054;1581;1062;1797;2097;1333
43084;1620;1062;1805;2086;1331
43124;1672;1062;1811;2097;1332
43164;1704;1061;1816;2102;1337
43204;1728;1061;1821;2116;1342
43234;1737;1062;1825;2115;1342
43244;1747;1061;1826;2120;1341
43294;1749;1062;1830;2121;1337
43334;1757;1069;1835;2100;1354
43394;1768;1079;1838;2125;1361
43404;1773;1085;1840;2116;1357
43434;1784;1091;1842;2123;1358
43474;1797;1100;1842;2125;1367
43554;1814;1108;1841;2151;1371
43594;1828;1117;1842;2207;1384
43654;1845;1127;1843;2190;1390
43694;1855;1133;1845;2212;1395
43734;1872;1146;1848;2197;1399
43774;1882;1157;1848;2185;1407
43814;1891;1165;1849;2182;1418
43844;1902;1178;1850;2171;1406
43884;1908;1180;1851;2167;1405
43924;1912;1180;1854;2206;1404
43964;1925;1190;1855;2208;1415
44004;1931;1198;1855;2213;1425
44044;1936;1203;1856;2223;1417
44084;1951;1206;1865;2228;1409
44124;1958;1209;1873;2220;1407
44164;1971;1213;1875;2204;1413
44204;1978;1220;1877;2215;1416
44244;1988;1226;1879;2214;1406
44284;1996;1232;1880;2216;1406
44324;2004;1237;1882;2224;1406
44374;2013;1239;1885;2224;1407
44414;2020;1239;1887;2192;1402
44454;2090;1246;1888;2168;1400
44494;2138;1253;1889;2172;1403
44534;2160;1260;1890;2133;1395
44574;2172;1266;1891;2105;1386
44614;2186;1268;1891;2107;1375
44654;2192;1271;1891;2108;1392
44694;2200;1277;1892;2142;1375
44734;2211;1281;1894;2180;1379
44774;2219;1285;1897;2226;1385
44804;2223;1285;1904;2243;1386
44854;2230;1286;1909;2275;1399
44884;2234;1287;1912;2280;1393
44924;2242;1288;1914;2278;1393
44934;2245;1286;1915;2279;1394
44984;2250;1287;1915;2280;1393
45024;2255;1287;1920;2281;1396
45064;2260;1286;1926;2280;1394
45104;2268;1287;1933;2246;1391
45144;2273;1294;1935;2226;1391
45184;2279;1304;1936;2239;1405
45224;2281;1309;1936;2248;1398
45254;2282;1311;1936;2252;1395
45294;2288;1313;1936;2261;1398
45334;2293;1316;1936;2264;1416
45374;2300;1319;1937;2269;1403
45414;2310;1321;1937;2269;1409
45454;2317;1324;1938;2276;1415
45484;2319;1324;1939;2280;1419
45524;2320;1325;1940;2280;1413
45564;2319;1326;1941;2280;1415
45604;2318;1326;1942;2277;1417
45634;2318;1326;1942;2263;1418
45674;2317;1326;1943;2261;1420
45714;2316;1329;1943;2277;1413
45754;2319;1329;1944;2268;1412
45784;2321;1329;1944;2268;1407
45824;2323;1329;1944;2282;1411
45864;2324;1328;1944;2290;1417
45894;2325;1327;1944;2294;1414
45934;2330;1330;1944;2291;1421
45974;2333;1334;1944;2298;1421
46004;2335;1334;1945;2317;1418
46044;2338;1335;1945;2329;1430
46084;2344;1338;1947;2359;1423
46124;2349;1338;1947;2369;1425
46164;2349;1339;1947;2373;1426
46204;2349;1338;1947;2368;1429
46234;2349;1339;1947;2362;1430
46274;2351;1340;1948;2368;1430
46314;2350;1340;1948;2364;1429
46354;2350;1340;1947;2355;1431
46384;2349;1340;1948;2353;1427
46424;2350;1340;1948;2351;1425
46464;2349;1340;1948;2351;1426
46504;2350;1340;1948;2360;1424
46534;2351;1340;1949;2363;1416
46574;2350;1340;1948;2360;1417
46614;2352;1340;1948;2363;1416
46654;2357;1340;1948;2367;1414
46684;2359;1340;1948;2363;1406
46724;2364;1340;1949;2354;1403
46754;2366;1340;1950;2353;1402
46794;2368;1340;1951;2348;1411
46834;2368;1340;1952;2344;1411
46874;2367;1340;1952;2344;1411
46914;2367;1340;1952;2341;1409
46954;2367;1340;1952;2339;1409
46984;2366;1340;1952;2334;1404
47024;2366;1341;1953;2330;1403
47054;2365;1343;1953;2328;1403
47104;2365;1342;1953;2317;1398
47134;2366;1342;1953;2314;1397
47174;2366;1343;1953;2312;1395
47214;2367;1344;1953;2308;1394
47254;2369;1342;1955;2318;1399
47284;2369;1342;1954;2313;1396
47324;2370;1343;1954;2302;1395
47364;2369;1342;1954;2299;1394
47404;2368;1342;1954;2294;1395
47434;2367;1342;1954;2291;1392
47454;2369;1342;1955;2290;1390
47484;2368;1341;1954;2285;1389
47524;2369;1341;1954;2279;1383
47564;2368;1341;1954;2283;1383
47604;2366;1340;1952;2285;1384
47644;2368;1341;1953;2288;1384
47684;2367;1341;1953;2282;1384
47724;2366;1341;1953;2292;1384
47764;2365;1341;1953;2288;1383
47804;2365;1341;1953;2284;1383
47844;2367;1342;1955;2287;1386
47874;2366;1343;1954;2280;1383
47954;2367;1342;1953;2269;1379
47994;2367;1342;1953;2269;1379
48034;2368;1341;1953;2271;1381
48074;2368;1341;1953;2275;1382
48114;2369;1341;1954;2275;1383
48154;2369;1341;1953;2276;1384
48184;2368;1341;1953;2276;1382
48224;2368;1343;1953;2274;1383
48254;2368;1344;1953;2273;1380
48294;2368;1342;1953;2269;1379
48334;2368;1341;1953;2262;1377
48374;2367;1342;1953;2262;1378
48414;2367;1341;1953;2260;1377
48454;2367;1341;1953;2261;1376
48484;2367;1340;1953;2252;1377
48524;2367;1340;1953;2251;1378
48564;2367;1341;1954;2258;1378
48604;2367;1342;1953;2239;1380
48634;2367;1342;1953;2176;1398
48674;2368;1342;1953;2112;1388
48714;2367;1343;1953;2041;1367
48754;2367;1342;1954;2027;1367
48784;2366;1342;1954;2023;1365
48824;2368;1341;1954;2030;1366
48864;2368;1342;1953;2030;1366
48904;2367;1341;1953;2036;1366
48934;2367;1341;1953;2041;1375
48974;2367;1341;1952;2043;1379
49004;2367;1341;1953;2048;1379
49044;2367;1341;1952;2054;1381
49084;2368;1341;1953;2070;1385
49124;2367;1340;1952;2058;1381
49164;2367;1341;1953;2067;1381
49204;2367;1341;1953;2075;1383
49234;2367;1340;1953;2077;1385
49274;2367;1340;1953;2081;1386
49314;2367;1340;1953;2078;1384
49354;2367;1340;1953;2081;1389
49384;2367;1340;1953;2089;1403
49424;2367;1341;1953;2097;1406
49464;2367;1341;1953;2108;1408
49504;2366;1340;1954;2110;1407
49534;2367;1340;1954;2111;1408
49574;2367;1340;1953;2111;1412
49614;2367;1340;1953;2117;1414
49654;2367;1340;1953;2119;1417
49684;2367;1340;1953;2119;1420
49714;2367;1340;1953;2123;1420
49744;2367;1342;1953;2123;1421
49784;2367;1342;1953;2128;1423
49824;2367;1344;1953;2123;1421
49864;2367;1343;1953;2125;1424
49914;2367;1342;1953;2119;1418
49954;2366;1342;1953;2111;1417
49994;2366;1342;1953;2095;1408
50034;2366;1342;1953;2092;1399
50074;2366;1342;1953;2095;1399
50104;2366;1341;1953;2093;1399
50144;2366;1341;1953;2096;1400
50184;2366;1341;1953;2090;1399
50224;2366;1341;1953;2093;1401
50264;2367;1342;1953;2093;1399
50294;2367;1341;1953;2093;1398
50334;2367;1342;1952;2094;1398
50374;2366;1342;1953;2088;1397
50414;2366;1341;1953;2083;1392
50454;2365;1341;1953;2087;1392
50484;2366;1341;1953;2085;1392
50524;2368;1343;1955;2088;1392
50564;2368;1342;1954;2082;1388
50594;2367;1342;1954;2082;1389
50634;2367;1341;1954;2082;1389
50674;2367;1341;1954;2074;1388
50714;2368;1341;1954;2076;1390
50744;2367;1341;1954;2073;1387
50784;2369;1342;1956;2079;1389
50824;2367;1343;1955;2071;1389
50874;2367;1342;1954;2060;1382
50914;2368;1342;1954;2070;1384
50964;2367;1341;1954;2055;1381
51004;2367;1341;1954;2053;1381
51044;2369;1342;1955;2070;1382
51084;2368;1341;1954;2066;1382
51124;2367;1341;1954;2068;1382
51164;2367;1341;1954;2067;1382
51194;2366;1341;1954;2070;1382
51224;2366;1341;1953;2070;1382
51264;2365;1343;1953;2068;1381
51304;2367;1342;1953;2071;1383
51344;2366;1341;1953;2067;1382
51384;2366;1341;1953;2070;1386
51424;2366;1341;1953;2072;1387
51464;2366;1341;1953;2070;1383
51494;2366;1342;1953;2085;1378
51534;2366;1342;1953;2155;1346
51574;2367;1342;1952;2191;1352
51614;2368;1342;1953;2231;1357
51654;2367;1341;1953;2243;1358
51694;2368;1341;1955;2241;1363
51734;2369;1342;1954;2238;1361
51774;2369;1343;1953;2241;1360
51814;2369;1342;1953;2248;1361
51854;2369;1342;1953;2249;1363
51894;2371;1342;1955;2262;1369
51934;2369;1341;1954;2259;1374
51974;2368;1341;1954;2263;1377
52014;2368;1341;1954;2275;1380
52054;2368;1341;1954;2276;1379
52084;2368;1341;1954;2273;1380
52124;2367;1341;1953;2276;1380
52164;2367;1341;1953;2278;1382
52204;2368;1342;1953;2280;1391
52234;2368;1342;1953;2280;1393
52274;2368;1342;1953;2283;1395
52314;2367;1342;1953;2284;1395
52354;2369;1343;1953;2285;1394
52374;2369;1342;1953;2290;1396
52424;2368;1342;1953;2297;1398
52464;2368;1341;1953;2300;1400
52504;2368;1341;1953;2302;1402
52534;2368;1341;1953;2308;1407
52574;2369;1342;1953;2308;1407
52614;2370;1343;1955;2302;1403
52654;2369;1342;1954;2299;1403
52684;2369;1341;1954;2298;1402
52724;2369;1341;1953;2296;1402
52764;2369;1341;1953;2300;1402
52804;2370;1341;1954;2189;1445
52834;2370;1342;1954;2120;1434
52874;2371;1342;1955;2053;1412
52914;2370;1341;1954;1965;1397
52954;2370;1341;1953;1919;1400
52984;2370;1341;1953;1894;1423
53024;2370;1341;1953;1886;1432
53064;2370;1341;1953;1885;1442
53104;2370;1342;1953;1847;1443
53134;2370;1342;1953;1833;1444
53174;2370;1342;1953;1801;1437
53214;2370;1342;1953;1778;1430
53254;2369;1342;1953;1759;1433
53294;2371;1344;1953;1745;1434
53334;2371;1343;1953;1730;1437
53374;2371;1343;1953;1720;1433
53414;2367;1342;1953;1700;1438
53454;2361;1341;1953;1688;1442
53494;2357;1341;1954;1676;1444
53534;2352;1342;1953;1666;1441
53574;2351;1343;1953;1668;1447
53614;2350;1343;1953;1665;1448
53654;2343;1343;1953;1669;1452
53694;2335;1343;1953;1664;1453
53734;2331;1343;1953;1659;1454
53774;2329;1342;1953;1668;1458
53814;2326;1343;1953;1656;1459
53854;2326;1342;1954;1653;1461
53884;2317;1341;1954;1650;1464
53904;2315;1341;1953;1647;1465
53954;2309;1342;1953;1642;1467
53994;2301;1342;1953;1640;1471
54034;2301;1341;1953;1636;1474
54074;2297;1342;1953;1631;1477
54114;2293;1341;1954;1631;1485
54154;2286;1341;1953;1625;1484
54184;2280;1341;1953;1625;1487
54224;2273;1342;1953;1627;1488
54264;2263;1343;1953;1626;1489
54304;2254;1343;1953;1629;1492
54334;2242;1342;1953;1626;1491
54374;2238;1341;1954;1628;1494
54414;2230;1342;1953;1621;1490
54454;2229;1343;1953;1622;1491
54484;2232;1343;1953;1623;1492
54524;2221;1342;1953;1625;1493
54564;2204;1343;1954;1631;1495
54604;2195;1343;1953;1632;1494
54634;2189;1344;1955;1639;1499
54674;2181;1344;1954;1632;1495
54714;2171;1344;1954;1632;1495
54754;2166;1343;1953;1631;1498
54784;2160;1342;1953;1626;1498
54824;2150;1342;1954;1630;1501
54864;2148;1341;1953;1630;1498
54904;2076;1341;1953;1632;1500
54934;2041;1342;1953;1632;1498
54974;2016;1342;1953;1632;1507
55014;2003;1342;1952;1636;1505
55054;1985;1341;1952;1637;1521
55084;1974;1341;1950;1641;1523
55124;1965;1341;1947;1638;1516
55164;1955;1341;1943;1640;1522
55194;1949;1341;1939;1640;1518
55234;1939;1342;1936;1649;1518
55274;1930;1342;1931;1639;1518
55314;1924;1342;1924;1642;1516
55354;1914;1341;1921;1646;1516
55384;1909;1341;1919;1641;1517
55424;1896;1343;1917;1644;1515
55464;1881;1343;1914;1645;1513
55504;1872;1343;1914;1650;1507
55534;1868;1342;1913;1655;1515
55574;1862;1343;1906;1644;1516
55614;1859;1342;1902;1652;1523
55654;1845;1342;1898;1654;1512
55684;1828;1341;1895;1647;1523
55724;1825;1342;1892;1641;1523
55764;1815;1342;1890;1643;1524
55804;1810;1342;1888;1655;1515
55834;1802;1342;1886;1658;1515
55874;1788;1343;1886;1671;1518
55914;1781;1343;1883;1673;1516
55954;1768;1343;1879;1668;1513
55984;1759;1343;1872;1670;1513
56024;1755;1343;1866;1678;1514
56064;1736;1342;1864;1684;1516
56104;1715;1342;1861;1684;1515
56134;1709;1343;1861;1689;1517
56174;1677;1343;1855;1689;1514
56214;1637;1343;1850;1686;1512
56254;1592;1342;1846;1690;1516
56284;1557;1342;1842;1692;1515
56324;1544;1343;1837;1696;1520
56364;1531;1343;1832;1694;1523
56404;1521;1343;1826;1696;1525
56434;1510;1343;1821;1703;1528
56474;1500;1343;1817;1699;1526
56514;1492;1343;1810;1698;1530
56544;1483;1343;1803;1698;1532
56554;1478;1342;1799;1698;1534
56584;1472;1342;1793;1703;1550
56624;1460;1343;1788;1692;1549
56664;1452;1344;1784;1703;1551
56704;1444;1343;1778;1693;1555
56734;1431;1342;1772;1698;1561
56774;1422;1342;1766;1693;1560
56814;1412;1342;1761;1702;1569
56854;1402;1341;1757;1712;1575
56884;1395;1341;1752;1700;1575
56924;1384;1342;1743;1700;1579
56964;1374;1342;1735;1702;1584
57004;1360;1342;1730;1711;1583
57034;1351;1341;1724;1712;1584
57074;1343;1341;1718;1714;1596
57114;1333;1341;1711;1711;1599
57154;1325;1338;1706;1704;1595
57184;1317;1337;1702;1708;1594
57224;1309;1337;1694;1709;1601
57264;1302;1336;1685;1712;1616
57304;1292;1330;1678;1714;1605
57334;1282;1322;1673;1708;1612
57374;1272;1311;1669;1712;1614
57414;1262;1299;1666;1711;1618
57454;1255;1291;1664;1707;1622
57484;1243;1287;1661;1707;1627
57524;1237;1284;1652;1711;1634
57564;1230;1280;1644;1706;1666
57604;1221;1278;1635;1699;1688
57634;1209;1276;1629;1700;1694
57674;1203;1271;1624;1703;1657
57714;1195;1262;1622;1701;1681
57754;1185;1254;1620;1706;1703
57784;1177;1249;1619;1706;1701
57824;1168;1242;1619;1705;1708
57864;1159;1237;1612;1705;1708
57904;1151;1216;1605;1708;1701
57934;1140;1215;1600;1706;1717
57974;1135;1214;1594;1688;1727
58014;1128;1214;1581;1653;1735
58054;1121;1214;1571;1638;1747
58084;1114;1212;1563;1659;1756
58094;1110;1210;1558;1666;1753
58144;1104;1198;1554;1680;1758
58184;1096;1191;1552;1684;1767
58224;1087;1187;1551;1697;1791
58304;1076;1179;1548;1692;1783
58334;1068;1172;1546;1690;1790
58344;1064;1166;1544;1687;1791
58384;1057;1163;1540;1687;1810
58424;1051;1162;1535;1692;1828
58464;1040;1159;1530;1693;1831
58504;1032;1150;1527;1689;1829
58534;1026;1143;1524;1681;1846
58574;1022;1141;1524;1675;1856
58614;1017;1139;1515;1682;1864
58654;1011;1137;1509;1676;1876
58684;1006;1131;1507;1669;1855
58724;1001;1125;1505;1655;1866
58764;995;1121;1503;1653;1881
58804;985;1118;1498;1655;1888
58834;981;1117;1494;1657;1899
58874;979;1116;1491;1659;1915
58914;977;1113;1489;1670;1907
58954;971;1108;1487;1672;1916
58984;967;1104;1486;1662;1928
59024;961;1101;1485;1670;1934
59064;958;1099;1481;1676;1938
59104;952;1099;1472;1675;1946
59134;946;1096;1468;1676;1952
59174;941;1094;1465;1668;1949
59214;937;1092;1464;1657;1961
59234;934;1090;1463;1651;1973
59284;930;1084;1457;1651;1979
59324;927;1081;1451;1630;2009
59364;925;1077;1448;1613;2025
59404;924;1076;1442;1609;2071
59434;920;1075;1438;1602;2100
59474;916;1073;1436;1596;2120
59514;914;1070;1435;1596;2125
59554;913;1069;1434;1598;2133
59584;913;1067;1434;1600;2138
59624;913;1067;1434;1602;2141
59664;913;1066;1435;1604;2159
59704;911;1067;1429;1610;2139
59734;910;1067;1426;1604;2159
59774;910;1067;1424;1602;2187
59814;908;1060;1422;1599;2171
59854;906;1058;1422;1593;2232
59884;904;1051;1422;1593;2273
59924;901;1050;1418;1599;2264
59964;899;1049;1415;1598;2331
60004;898;1048;1414;1602;2375
60034;897;1048;1413;1605;2371
60074;896;1048;1412;1609;2369
60114;896;1048;1412;1614;2373
60154;896;1049;1412;1614;2370
60184;896;1048;1413;1615;2373
60224;896;1048;1412;1615;2367
60264;896;1048;1412;1616;2370
60304;896;1048;1412;1614;2388
60334;895;1047;1412;1611;2403
60364;895;1047;1412;1613;2410
60414;895;1048;1412;1617;2414
60454;896;1048;1412;1618;2410
60484;896;1050;1412;1620;2412
60524;896;1048;1412;1621;2410
60564;895;1050;1412;1622;2411
60604;895;1048;1412;1620;2410
60634;895;1048;1412;1622;2411
60674;895;1048;1412;1622;2410
60714;895;1049;1412;1623;2409
60754;895;1050;1412;1625;2408
60784;895;1048;1412;1624;2407
60834;895;1048;1412;1627;2406
60874;895;1049;1412;1626;2404
60914;896;1049;1412;1630;2401
60954;896;1048;1412;1633;2393
60994;895;1048;1412;1642;2395
61034;895;1049;1413;1649;2399
61074;895;1048;1413;1645;2391
61154;895;1048;1413;1662;2357
61194;895;1048;1413;1679;2305
61234;896;1048;1412;1705;2208
61274;896;1049;1412;1726;2126
61314;896;1049;1412;1740;2105
61354;896;1049;1412;1763;1955
61384;896;1049;1412;1747;1790
61424;896;1048;1413;1789;1709
61464;896;1048;1413;1832;1644
61494;897;1049;1413;1846;1620
61534;897;1049;1413;1857;1582
61574;897;1049;1412;1866;1544
61614;897;1049;1412;1882;1490
61654;896;1048;1412;1909;1461
61684;896;1048;1412;1928;1449
61724;897;1049;1412;1944;1453
61764;896;1049;1412;1973;1458
61804;896;1049;1412;2018;1463
61834;896;1048;1412;2033;1458
61874;898;1048;1413;2041;1462
61894;901;1049;1412;2048;1460
61934;905;1049;1412;2082;1468
61944;908;1048;1413;2078;1467
61984;911;1049;1412;2070;1460
62024;916;1049;1412;2076;1456
62064;920;1050;1412;2013;1456
62104;925;1050;1412;2071;1442
62134;930;1050;1412;2081;1431
62174;933;1050;1412;2084;1427
62214;942;1051;1412;2104;1418
62264;949;1051;1412;2104;1421
62294;955;1051;1412;2113;1406
62334;963;1051;1413;2134;1409
62374;970;1051;1415;2132;1408
62414;973;1051;1417;2140;1406
62444;975;1051;1420;2130;1400
62484;984;1051;1425;2141;1391
62524;991;1052;1428;2160;1388
62564;999;1053;1431;2165;1394
62594;1006;1052;1436;2167;1394
62634;1012;1053;1444;2180;1395
62674;1016;1052;1450;2207;1412
62714;1022;1051;1457;2212;1411
62744;1027;1051;1463;2210;1401
62784;1036;1053;1471;2216;1403
62824;1045;1053;1477;2222;1396
62864;1055;1053;1485;2242;1399
62894;1061;1052;1490;2232;1392
62924;1066;1052;1496;2244;1391
62964;1070;1051;1500;2247;1390
63004;1079;1052;1507;2253;1388
63044;1089;1052;1514;2254;1389
63084;1096;1052;1520;2260;1390
63124;1104;1052;1527;2279;1393
63164;1111;1052;1533;2266;1382
63194;1119;1053;1538;2267;1381
63234;1124;1053;1544;2264;1385
63274;1132;1052;1551;2204;1395
63314;1141;1051;1556;2209;1386
63344;1149;1051;1560;2213;1385
63384;1159;1052;1567;2208;1379
63414;1165;1052;1572;2216;1371
63464;1176;1052;1578;2213;1356
63494;1184;1052;1583;2196;1349
63534;1191;1054;1588;2203;1352
63574;1200;1052;1592;2204;1353
63614;1209;1051;1600;2199;1344
63644;1219;1052;1608;2210;1361
63684;1226;1052;1613;2220;1359
63724;1236;1053;1617;2204;1360
63764;1243;1053;1619;2207;1358
63794;1250;1052;1622;2214;1357
63834;1261;1053;1629;2224;1356
63874;1271;1054;1634;2217;1355
63914;1281;1052;1642;2220;1355
63944;1289;1053;1648;2222;1355
63984;1295;1053;1654;2226;1356
64024;1304;1053;1658;2219;1357
64064;1311;1053;1666;2230;1357
64094;1321;1053;1675;2231;1360
64124;1329;1052;1680;2245;1360
64174;1335;1053;1685;2249;1361
64214;1342;1053;1691;2242;1365
64244;1355;1053;1694;2255;1368
64284;1363;1053;1699;2268;1372
64324;1377;1053;1703;2262;1371
64364;1390;1053;1710;2268;1372
64394;1397;1053;1713;2261;1371
64434;1408;1053;1720;2256;1368
64474;1417;1053;1724;2261;1369
64514;1433;1053;1726;2260;1367
64544;1439;1053;1729;2262;1366
64574;1443;1052;1732;2263;1367
64614;1453;1053;1739;2267;1371
64654;1463;1054;1745;2275;1376
64694;1475;1053;1750;2280;1384
64734;1485;1053;1752;2281;1377
64774;1495;1052;1756;2282;1379
64814;1499;1058;1761;2315;1410
64844;1506;1063;1764;2285;1382
64884;1520;1066;1768;2286;1378
64924;1529;1067;1771;2296;1391
64964;1544;1067;1775;2288;1381
64994;1578;1067;1779;2298;1394
65034;1587;1067;1782;2296;1383
65074;1616;1067;1788;2314;1398
65114;1668;1067;1795;2311;1394
65144;1700;1071;1802;2335;1425
65184;1724;1073;1807;2308;1397
65224;1738;1074;1811;2338;1415
65264;1745;1077;1815;2332;1425
65294;1755;1078;1819;2370;1426
65334;1760;1078;1824;2368;1432
65374;1768;1078;1828;2388;1432
65414;1783;1079;1833;2384;1436
65444;1791;1078;1837;2395;1437
65484;1802;1084;1841;2359;1450
65524;1811;1090;1844;2393;1458
28;1823;1099;1845;2388;1459
58;1834;1107;1846;2338;1461
98;1847;1113;1848;2345;1472
108;1853;1116;1848;2364;1479
158;1862;1124;1849;2373;1475
198;1877;1132;1851;2375;1483
248;1884;1144;1852;2383;1490
288;1895;1155;1854;2380;1492
328;1905;1161;1857;2389;1496
358;1915;1171;1857;2396;1497
388;1923;1180;1857;2404;1493
428;1932;1178;1857;2400;1490
468;1932;1185;1858;2407;1489
508;1945;1196;1859;2417;1501
548;1957;1200;1866;2403;1494
588;1963;1205;1873;2431;1495
628;1975;1210;1877;2402;1486
658;1982;1212;1881;2432;1505
698;1990;1213;1882;2422;1493
738;1996;1213;1885;2432;1495
778;2005;1218;1887;2445;1495
808;2013;1216;1891;2446;1494
848;2023;1223;1894;2406;1492
888;2089;1229;1895;2419;1496
928;2130;1234;1897;2419;1489
958;2157;1237;1901;2374;1491
998;2171;1244;1903;2268;1466
1008;2176;1252;1904;2264;1463
1048;2185;1255;1906;2263;1458
1108;2192;1262;1906;2297;1451
1148;2200;1266;1906;2312;1448
1178;2214;1268;1907;2347;1447
1218;2219;1275;1907;2354;1446
1258;2222;1279;1910;2383;1447
1298;2229;1280;1910;2397;1447
1338;2235;1280;1912;2404;1448
1378;2244;1282;1916;2417;1451
1408;2248;1285;1916;2421;1452
1448;2253;1284;1920;2432;1458
1488;2258;1285;1927;2441;1458
1528;2265;1286;1931;2443;1459
1558;2268;1284;1934;2444;1469
1598;2273;1284;1937;2441;1473
1638;2279;1291;1939;2455;1479
1668;2280;1295;1940;2451;1474
1708;2282;1299;1940;2452;1473
1748;2289;1303;1942;2449;1476
1788;2293;1303;1944;2465;1475
1828;2300;1304;1947;2471;1481
1858;2309;1306;1947;2473;1478
1898;2317;1305;1950;2479;1480
1938;2319;1309;1950;2445;1485
1978;2319;1313;1951;2470;1466
2008;2318;1316;1951;2463;1461
2048;2318;1317;1951;2453;1460
2088;2318;1321;1952;2453;1468
2128;2318;1319;1952;2461;1472
2158;2320;1316;1954;2469;1479
2198;2319;1315;1953;2476;1469
2238;2319;1315;1953;2487;1461
2278;2320;1316;1953;2513;1481
2308;2321;1317;1953;2516;1483
2348;2324;1317;1952;2529;1487
2388;2328;1316;1953;2530;1492
2398;2335;1316;1954;2535;1493
2448;2336;1318;1955;2545;1501
2488;2339;1318;1959;2546;1502
2548;2345;1317;1962;2564;1500
2588;2349;1318;1963;2561;1497
2648;2350;1317;1964;2564;1506
2698;2350;1317;1965;2554;1505
2738;2350;1316;1966;2559;1506
2788;2350;1317;1966;2561;1507
2838;2349;1316;1966;2552;1506
2878;2350;1315;1968;2560;1498
2948;2349;1317;1967;2577;1484
2988;2348;1319;1966;2581;1492
3028;2348;1318;1965;2578;1494
3058;2352;1318;1965;2585;1499
3098;2358;1318;1966;2596;1493
3138;2364;1325;1967;2566;1519
3178;2367;1328;1967;2589;1495
3208;2370;1330;1967;2583;1497
3248;2370;1332;1967;2565;1499
3288;2370;1333;1966;2556;1494
3328;2370;1334;1967;2549;1494
3358;2370;1333;1967;2547;1493
3398;2371;1334;1968;2554;1499
3438;2371;1335;1967;2546;1493
3478;2371;1336;1967;2544;1494
3508;2371;1335;1966;2545;1493
3548;2370;1336;1967;2538;1492
3588;2369;1336;1967;2530;1492
3628;2369;1335;1967;2527;1489
3718;2369;1335;1967;2512;1479
3738;2369;1335;1966;2514;1480
3768;2368;1336;1966;2512;1476
3778;2369;1335;1966;2512;1475
3868;2368;1335;1967;2513;1478
3918;2369;1335;1968;2514;1481
3958;2368;1337;1967;2505;1474
3998;2367;1336;1967;2505;1475
4038;2367;1334;1967;2501;1474
4088;2367;1334;1967;2503;1472
4128;2367;1335;1967;2499;1472
4188;2367;1334;1967;2499;1472
4228;2367;1334;1967;2497;1472
4268;2367;1336;1967;2496;1472
4348;2367;1335;1967;2489;1470
4388;2368;1336;1967;2471;1468
4448;2370;1336;1968;2472;1467
4488;2369;1336;1968;2456;1463