
46835;1201;659;911;2130;2086
46945;1801;989;1365;2153;2137
46965;2103;1154;1593;2161;2144
46985;2252;1237;1706;2161;2144
47025;2327;1278;1763;2164;2145
47035;2366;1299;1793;2169;2153
47045;2384;1309;1807;2163;2152
47055;2393;1314;1813;2161;2158
47105;2400;1318;1818;2168;2165
47135;2401;1318;1819;2169;2169
47175;2402;1319;1820;2181;2200
47215;2402;1318;1820;2184;2199
47255;2402;1319;1819;2183;2200
47295;2404;1320;1821;2187;2200
47335;2403;1319;1821;2186;2194
47365;2405;1320;1822;2191;2199
47375;2404;1320;1821;2186;2197
47405;2403;1320;1820;2189;2204
47445;2402;1320;1820;2191;2207
47485;2402;1319;1821;2188;2192
47525;2402;1319;1820;2188;2179
47555;2402;1319;1821;2193;2167
47595;2402;1319;1820;2183;2142
47635;2402;1319;1820;2167;2127
47645;2402;1318;1820;2164;2125
47695;2404;1319;1821;2122;2206
47725;2403;1318;1820;2078;2253
47735;2402;1318;1820;2079;2281
47775;2402;1317;1820;2066;2316
47815;2404;1317;1820;2055;2331
47855;2399;1317;1820;2044;2337
47895;2396;1317;1820;2054;2341
47935;2394;1314;1819;2045;2364
47975;2392;1313;1819;2057;2355
48005;2393;1312;1820;2073;2344
48045;2392;1311;1820;2049;2358
48085;2394;1311;1822;2054;2334
48095;2392;1310;1820;2051;2319
48145;2395;1312;1821;2093;2326
48185;2392;1311;1821;2084;2286
48225;2392;1310;1820;2081;2269
48265;2390;1310;1820;2035;2264
48305;2389;1309;1819;2019;2309
48345;2388;1309;1820;2018;2335
48385;2382;1308;1819;1998;2295
48425;2376;1307;1819;2018;2278
48455;2373;1306;1819;2030;2293
48495;2369;1306;1819;2017;2338
48535;2365;1307;1820;2025;2340
48575;2360;1307;1820;2054;2309
48605;2358;1307;1821;2078;2292
48645;2351;1306;1820;2050;2277
48685;2344;1306;1820;2038;2246
48725;2340;1307;1821;1878;2163
48755;2337;1307;1820;1785;2130
48795;2333;1307;1821;1719;1988
48835;2328;1307;1820;1695;1977
48875;2317;1307;1820;1704;1829
48905;2310;1306;1820;1698;1862
48945;2302;1302;1820;1660;1918
48985;2298;1292;1820;1657;1930
49025;2292;1288;1820;1656;1823
49055;2285;1281;1821;1584;1869
49095;2280;1274;1820;1612;1962
49135;2274;1274;1820;1599;1965
49175;2268;1273;1820;1599;1971
49205;2261;1270;1820;1620;1928
49275;2250;1259;1820;1624;1944
49315;2245;1253;1821;1624;1989
49355;2240;1251;1820;1631;1969
49395;2227;1247;1820;1649;1961
49435;2215;1243;1820;1651;1975
49475;2205;1240;1819;1679;1961
49505;2199;1237;1820;1688;1941
49545;2195;1230;1820;1686;1941
49585;2196;1205;1822;1678;1968
49625;2180;1190;1820;1682;1980
49655;2177;1198;1820;1681;1990
49695;2165;1200;1820;1671;2004
49735;2154;1204;1819;1660;2023
49775;2144;1197;1819;1666;2023
49805;2076;1194;1819;1660;2026
49845;2041;1194;1821;1666;2024
49885;2017;1193;1820;1659;2031
49925;2003;1192;1819;1663;2032
49955;1991;1187;1819;1662;2027
49995;1983;1185;1819;1654;2013
50035;1971;1183;1817;1652;2048
50075;1956;1179;1818;1650;2060
50105;1952;1176;1820;1652;2073
50145;1945;1173;1820;1648;2074
50185;1939;1171;1820;1654;2069
50215;1930;1170;1820;1656;2072
50255;1922;1170;1820;1653;2079
50295;1912;1170;1821;1657;2061
50335;1906;1169;1820;1655;2017
50375;1896;1165;1819;1653;2004
50405;1884;1159;1819;1649;2027
50445;1875;1153;1819;1653;2009
50485;1863;1149;1819;1633;2013
50525;1857;1143;1819;1623;2017
50555;1848;1137;1819;1621;2019
50595;1839;1134;1819;1617;2009
50635;1831;1135;1820;1610;1997
50675;1820;1136;1819;1597;1995
50705;1804;1135;1819;1601;1997
50745;1795;1132;1819;1616;1978
50785;1783;1129;1819;1617;1995
50815;1779;1127;1819;1621;1986
50855;1773;1126;1819;1625;1997
50895;1756;1126;1819;1632;1984
50935;1757;1124;1819;1632;1992
50975;1737;1123;1820;1638;1992
51005;1726;1120;1821;1641;2000
51045;1680;1118;1820;1628;1996
51085;1658;1119;1821;1631;1996
51125;1630;1119;1820;1626;1990
51155;1595;1120;1822;1628;1997
51195;1566;1120;1820;1613;1996
51235;1551;1120;1819;1621;2005
51275;1529;1121;1820;1627;2019
51305;1521;1120;1820;1625;2027
51345;1518;1120;1821;1634;2022
51385;1504;1120;1819;1618;2003
51425;1497;1120;1815;1624;2007
51455;1487;1120;1811;1625;2019
51495;1477;1120;1806;1619;2019
51535;1467;1120;1801;1614;2040
51575;1461;1119;1794;1618;2022
51605;1454;1120;1794;1622;2024
51645;1441;1120;1789;1621;2033
51685;1426;1120;1789;1633;2021
51725;1417;1120;1785;1636;2040
51755;1411;1120;1781;1639;2063
51795;1401;1121;1777;1648;2075
51835;1390;1120;1770;1643;2063
51875;1385;1121;1764;1642;2076
51905;1369;1119;1759;1640;2087
51945;1357;1114;1753;1628;2091
51985;1349;1113;1745;1620;2067
52025;1343;1112;1741;1609;2020
52055;1335;1111;1738;1601;1983
52095;1325;1107;1731;1599;1970
52115;1317;1106;1725;1603;1990
52165;1311;1106;1722;1614;1999
52205;1303;1106;1716;1608;2000
52245;1292;1107;1708;1607;2015
52255;1286;1107;1704;1613;2014
52305;1275;1108;1697;1619;2018
52345;1265;1107;1690;1621;2014
52395;1254;1108;1682;1614;2011
52435;1246;1108;1674;1597;2037
52475;1240;1107;1668;1586;2027
52505;1231;1107;1661;1579;2013
52545;1218;1106;1652;1577;1997
52585;1212;1104;1646;1594;1986
52625;1203;1102;1640;1581;1981
52655;1197;1101;1638;1585;1978
52695;1188;1100;1635;1571;1970
52735;1179;1099;1631;1556;1966
52775;1170;1099;1628;1547;1948
52805;1164;1098;1621;1529;1946
52845;1156;1098;1610;1522;1956
52885;1146;1097;1601;1520;1964
52925;1140;1094;1595;1515;1959
52955;1134;1092;1591;1520;1959
52995;1126;1091;1586;1508;1953
53035;1119;1089;1582;1498;1973
53075;1111;1088;1576;1496;1996
53105;1108;1085;1573;1500;2008
53145;1099;1078;1570;1493;2021
53185;1089;1076;1565;1492;2022
53225;1084;1075;1559;1495;2023
53245;1079;1074;1556;1491;2031
53255;1076;1072;1553;1490;2032
53295;1072;1069;1550;1502;2054
53305;1070;1068;1548;1504;2060
53335;1065;1067;1545;1504;2046
53365;1061;1064;1544;1508;2061
53405;1055;1063;1536;1512;2043
53445;1046;1063;1530;1514;2062
53465;1040;1063;1526;1522;2063
53485;1036;1059;1524;1529;2061
53525;1032;1057;1523;1549;2076
53555;1029;1056;1522;1540;2085
53595;1022;1053;1521;1534;2070
53635;1019;1052;1520;1546;2081
53675;1013;1052;1515;1533;2091
53695;1010;1052;1513;1530;2101
53705;1007;1052;1511;1530;2096
53745;1003;1047;1510;1543;2093
53755;1000;1043;1510;1549;2103
53785;997;1039;1509;1547;2109
53815;990;1037;1508;1543;2111
53855;985;1036;1502;1539;2120
53895;984;1034;1500;1538;2106
53915;982;1033;1497;1538;2107
53935;982;1033;1495;1537;2111
53975;977;1033;1493;1534;2118
53985;974;1034;1493;1534;2122
54005;971;1030;1493;1542;2114
54045;967;1027;1493;1544;2141
54055;964;1026;1492;1546;2126
54085;963;1026;1492;1549;2121
54115;962;1026;1489;1551;2128
54155;958;1025;1488;1552;2132
54195;952;1023;1485;1529;2147
54215;948;1022;1484;1532;2136
54235;945;1018;1482;1531;2128
54245;944;1015;1481;1533;2131
54295;942;1014;1479;1527;2114
54335;938;1013;1476;1530;2073
54375;934;1012;1475;1516;2063
54415;932;1012;1473;1508;2067
54455;931;1012;1469;1480;2069
54495;930;1011;1467;1456;2073
54535;929;1009;1466;1466;2013
54575;926;1007;1465;1465;2014
54655;923;1004;1465;1462;2077
54695;920;1001;1464;1429;2094
54735;917;999;1464;1446;2067
54775;916;998;1462;1450;2084
54815;915;997;1461;1448;2092
54855;915;997;1460;1427;2112
54895;914;997;1459;1439;2126
54935;913;997;1460;1433;2138
54975;911;997;1459;1400;2112
55005;911;997;1460;1391;2116
55045;910;995;1458;1390;2113
55085;908;995;1456;1413;2119
55125;907;994;1455;1410;2141
55155;906;989;1454;1426;2134
55195;906;988;1455;1425;2150
55235;905;986;1454;1411;2132
55275;905;985;1453;1417;2098
55305;905;985;1454;1419;2127
55345;904;984;1453;1410;2116
55385;904;984;1453;1417;2112
55425;903;984;1453;1414;2114
55455;904;985;1453;1417;2117
55495;904;985;1452;1408;2116
55535;904;985;1453;1411;2117
55575;904;984;1452;1431;2115
55605;904;985;1452;1444;2112
55645;904;985;1452;1461;2113
55685;904;985;1452;1449;2114
55725;905;985;1454;1450;2115
55755;905;985;1453;1464;2117
55795;905;985;1452;1463;2116
55835;905;985;1452;1472;2117
55875;905;985;1452;1474;2117
55905;905;985;1453;1472;2118
55945;904;985;1453;1479;2113
55985;905;986;1454;1492;2114
56025;905;985;1453;1500;2086
56055;905;985;1453;1503;2066
56095;905;985;1453;1503;2014
56135;905;985;1452;1520;1870
56175;905;986;1454;1563;1808
56205;905;986;1453;1576;1791
56245;905;986;1454;1599;1789
56285;904;985;1453;1631;1769
56325;904;985;1452;1666;1751
56355;904;985;1452;1697;1764
56395;904;985;1452;1747;1777
56435;905;986;1453;1830;1818
56475;905;985;1453;1897;1831
56505;906;986;1455;1943;1882
56545;906;986;1454;1971;1882
56585;907;986;1453;1992;1886
56625;910;986;1453;2020;1896
56655;912;986;1453;2041;1903
56695;914;986;1454;2060;1904
56735;919;986;1453;2094;1909
56775;923;986;1454;2109;1895
56805;927;986;1454;2123;1905
56845;932;986;1453;2131;1883
56885;936;986;1453;2138;1880
56925;942;986;1453;2144;1857
56955;951;986;1454;2148;1842
56995;956;985;1453;2163;1839
57035;962;986;1453;2166;1830
57075;970;986;1453;2165;1814
57105;975;986;1453;2173;1804
57145;978;986;1453;2183;1810
57185;982;986;1453;2181;1799
57225;990;987;1455;2201;1806
57255;997;986;1454;2205;1789
57295;1005;987;1454;2202;1783
57335;1012;986;1454;2219;1778
57375;1019;986;1453;2236;1778
57405;1023;987;1453;2251;1779
57445;1029;986;1453;2255;1766
57485;1035;986;1455;2263;1769
57525;1041;986;1456;2269;1768
57555;1048;987;1460;2273;1772
57595;1058;986;1462;2278;1755
57635;1066;987;1464;2281;1755
57685;1073;988;1469;2292;1747
57715;1080;987;1472;2297;1754
57755;1090;987;1477;2297;1752
57795;1098;987;1481;2319;1753
57835;1105;987;1485;2315;1735
57875;1111;987;1490;2335;1744
57905;1116;987;1492;2342;1736
57945;1124;987;1497;2342;1741
57985;1131;986;1502;2328;1751
58025;1138;986;1505;2327;1755
58055;1147;985;1508;2330;1755
58095;1155;985;1512;2326;1753
58135;1164;986;1517;2337;1751
58175;1172;986;1521;2342;1742
58205;1179;987;1525;2351;1749
58245;1189;987;1527;2353;1750
58285;1197;987;1531;2364;1742
58325;1204;986;1538;2375;1751
58355;1212;986;1544;2376;1750
58395;1224;986;1552;2394;1756
58435;1232;986;1558;2377;1749
58475;1234;986;1563;2397;1762
58505;1242;986;1566;2393;1753
58545;1248;987;1572;2414;1764
58585;1260;986;1577;2408;1773
58625;1269;986;1584;2427;1783
58705;1287;986;1595;2424;1783
58745;1297;986;1604;2416;1771
58785;1307;986;1613;2405;1770
58865;1324;986;1621;2422;1779
58905;1332;986;1625;2433;1785
58945;1348;986;1627;2433;1785
58985;1361;986;1631;2446;1796
59025;1367;986;1635;2454;1785
59055;1374;987;1642;2463;1795
59085;1385;987;1645;2463;1805
59095;1393;987;1647;2468;1812
59135;1402;987;1652;2491;1849
59175;1412;987;1659;2488;1828
59205;1420;986;1663;2483;1811
59245;1419;986;1666;2485;1809
59285;1435;987;1673;2468;1795
59325;1442;987;1679;2472;1802
59355;1446;987;1685;2474;1801
59395;1463;986;1689;2479;1803
59435;1472;986;1693;2474;1799
59475;1479;986;1696;2472;1793
59505;1488;987;1701;2475;1799
59545;1489;987;1707;2474;1787
59585;1500;987;1713;2484;1783
59625;1515;987;1717;2486;1794
59655;1525;986;1720;2489;1790
59695;1531;986;1726;2488;1795
59735;1573;986;1730;2468;1795
59775;1592;986;1734;2486;1798
59805;1616;986;1734;2483;1796
59845;1637;986;1737;2475;1796
59885;1668;986;1744;2478;1801
59895;1689;987;1749;2477;1813
59945;1715;987;1754;2489;1815
60025;1739;987;1759;2506;1845
60075;1762;986;1764;2492;1836
60115;1770;986;1768;2491;1861
60155;1785;986;1775;2502;1866
60195;1797;986;1779;2502;1866
60235;1811;986;1783;2508;1862
60275;1819;986;1786;2516;1859
60305;1824;986;1787;2522;1854
60345;1835;987;1790;2525;1852
60385;1841;986;1797;2515;1848
60425;1854;986;1803;2564;1852
60455;1860;987;1805;2558;1856
60495;1875;987;1807;2547;1826
60535;1888;986;1808;2539;1813
60575;1894;987;1809;2556;1818
60655;1910;987;1810;2565;1820
60695;1922;987;1810;2573;1842
60735;1929;987;1810;2577;1847
60775;1936;987;1810;2585;1858
60815;1945;988;1811;2594;1851
60855;1956;987;1809;2588;1852
60895;1965;987;1810;2580;1848
60935;1970;987;1812;2601;1865
60975;1977;987;1813;2596;1868
61005;1993;987;1814;2608;1881
61045;2002;986;1815;2606;1876
61085;2006;987;1815;2612;1864
61125;2066;990;1815;2572;1906
61155;2103;993;1815;2608;1857
61195;2127;995;1816;2612;1853
61235;2145;1000;1816;2597;1842
61275;2161;1005;1818;2606;1838
61305;2171;1011;1818;2611;1847
61345;2180;1015;1818;2611;1844
61385;2187;1024;1817;2573;1858
61425;2193;1028;1818;2589;1834
61455;2196;1029;1818;2587;1839
61495;2205;1033;1818;2589;1844
61535;2217;1037;1819;2587;1831
61575;2225;1042;1821;2589;1830
61605;2234;1046;1821;2576;1817
61645;2242;1048;1821;2556;1821
61685;2248;1049;1822;2560;1802
61725;2256;1051;1823;2564;1808
61755;2258;1055;1822;2540;1813
61795;2262;1059;1824;2544;1790
61835;2264;1060;1822;2535;1785
61875;2270;1066;1822;2529;1780
61905;2273;1071;1822;2524;1781
61945;2282;1073;1822;2537;1784
61985;2287;1078;1824;2528;1802
62025;2290;1080;1823;2523;1786
62055;2297;1083;1824;2529;1788
62095;2303;1087;1823;2491;1788
62135;2309;1091;1823;2521;1769
62175;2313;1094;1823;2513;1767
62205;2320;1096;1823;2512;1776
62245;2324;1098;1823;2521;1773
62285;2327;1103;1823;2511;1760
62325;2327;1106;1823;2512;1766
62355;2329;1107;1823;2512;1755
62395;2331;1108;1823;2506;1749
62435;2333;1106;1824;2499;1743
62475;2338;1108;1825;2500;1741
62505;2343;1111;1826;2506;1734
62545;2344;1113;1826;2496;1729
62585;2349;1117;1825;2487;1727
62625;2355;1120;1825;2488;1740
62655;2356;1122;1824;2481;1740
62695;2356;1123;1824;2488;1745
62735;2356;1124;1824;2489;1750
62775;2358;1124;1826;2498;1755
62805;2357;1123;1825;2509;1745
62845;2359;1123;1825;2523;1739
62885;2357;1124;1825;2513;1742
62935;2357;1123;1825;2511;1753
62965;2358;1123;1825;2520;1750
63005;2358;1122;1824;2513;1746
63045;2359;1122;1824;2505;1763
63085;2362;1127;1824;2498;1757
63125;2367;1131;1824;2508;1755
63155;2371;1133;1825;2511;1755
63205;2376;1134;1824;2515;1754
63215;2378;1135;1824;2510;1753
63325;2379;1135;1824;2507;1755
63375;2381;1135;1824;2527;1730
63415;2382;1135;1824;2525;1736
63455;2381;1138;1824;2511;1732
63495;2384;1138;1826;2514;1742
63535;2382;1139;1825;2514;1746
63565;2382;1141;1825;2517;1749
63605;2382;1141;1824;2510;1754
63645;2382;1139;1825;2506;1739
63685;2384;1140;1826;2506;1737
63725;2382;1139;1825;2492;1724
63755;2384;1140;1826;2507;1731
63795;2383;1139;1826;2521;1722
63835;2384;1139;1826;2514;1729
63875;2386;1138;1825;2511;1725
63905;2388;1138;1824;2504;1726
63945;2390;1140;1825;2509;1733
63985;2390;1140;1825;2500;1725
64025;2390;1141;1824;2497;1726
64055;2390;1140;1825;2504;1729
64095;2390;1139;1825;2500;1730
64135;2390;1139;1826;2503;1739
64175;2391;1140;1825;2507;1746
64205;2391;1139;1826;2512;1754
64245;2390;1139;1825;2508;1745
64285;2390;1139;1825;2510;1747
64315;2390;1139;1825;2511;1751
64355;2391;1140;1826;2520;1754
64395;2392;1139;1826;2522;1757
64435;2391;1141;1825;2520;1753
64475;2391;1142;1826;2523;1763
64505;2390;1142;1826;2521;1759
64545;2390;1141;1825;2515;1755
64585;2390;1140;1825;2515;1755
64625;2389;1140;1824;2518;1758
64655;2390;1141;1824;2522;1756
64695;2390;1141;1824;2519;1752
64735;2391;1141;1826;2527;1760
64775;2390;1140;1825;2520;1754
64805;2391;1142;1825;2521;1757
64845;2390;1141;1825;2514;1756
64885;2390;1140;1824;2512;1756
64925;2391;1140;1826;2513;1757
64955;2391;1141;1825;2517;1755
64995;2393;1142;1826;2527;1762
65035;2391;1141;1825;2519;1753
65075;2390;1141;1824;2518;1753
65105;2390;1141;1824;2520;1754
65145;2390;1141;1824;2514;1754
65185;2390;1143;1825;2519;1759
65195;2392;1143;1826;2516;1756
65245;2390;1142;1826;2521;1757
65285;2389;1142;1825;2524;1762
65325;2392;1145;1826;2533;1770
65365;2391;1145;1826;2534;1760
65405;2390;1143;1826;2535;1757
65445;2391;1143;1827;2537;1762
65485;2391;1142;1826;2476;1790
65525;2389;1141;1825;2455;1850
19;2390;1141;1825;2451;1883
59;2390;1141;1826;2444;1909
109;2391;1143;1827;2453;1911
149;2389;1144;1826;2447;1910
209;2389;1143;1826;2447;1883
249;2389;1143;1826;2444;1887
289;2389;1142;1825;2443;1892
369;2389;1142;1826;2447;1903
409;2388;1141;1825;2443;1904
449;2388;1141;1825;2437;1895
489;2388;1141;1825;2438;1895
529;2388;1141;1825;2427;1890
569;2390;1141;1827;2428;1886
609;2389;1141;1826;2422;1883
649;2388;1143;1825;2423;1884
689;2388;1142;1825;2416;1880
719;2388;1142;1825;2408;1879
759;2388;1142;1826;2419;1883
799;2388;1141;1825;2418;1877
829;2389;1143;1826;2421;1878
869;2389;1142;1825;2418;1878
909;2388;1142;1825;2419;1880
949;2388;1142;1825;2412;1877
989;2388;1142;1825;2405;1879
1019;2388;1142;1825;2410;1882
1059;2388;1144;1825;2410;1878
1099;2390;1144;1826;2415;1879
1139;2389;1143;1826;2419;1883
1169;2390;1143;1826;2421;1880
1209;2391;1144;1826;2415;1878
1219;2392;1145;1827;2414;1880
1269;2391;1145;1826;2418;1880
1309;2390;1145;1826;2417;1883
1349;2391;1144;1827;2423;1884
1389;2390;1142;1827;2420;1888
1429;2389;1143;1826;2420;1885
1469;2389;1142;1826;2422;1892
1509;2389;1142;1826;2428;1887
1549;2390;1143;1827;2430;1892
1589;2390;1143;1826;2426;1894
1619;2391;1144;1826;2430;1892
1659;2390;1143;1826;2425;1890
1699;2389;1142;1826;2427;1893
1739;2390;1143;1827;2432;1893
1769;2389;1142;1826;2424;1890
1809;2390;1143;1827;2431;1895
1859;2389;1142;1826;2427;1891
1899;2388;1142;1825;2423;1886
1939;2389;1143;1826;2428;1892
1969;2388;1143;1826;2424;1891
2009;2390;1144;1827;2427;1890
2049;2389;1142;1826;2425;1890
2089;2388;1142;1825;2427;1890
2119;2388;1142;1825;2427;1892
2159;2388;1141;1825;2427;1893
2199;2390;1142;1826;2433;1894
2239;2389;1141;1825;2424;1892
2249;2388;1142;1825;2424;1891
2299;2387;1141;1825;2424;1892
2309;2387;1141;1825;2425;1893
2349;2387;1140;1825;2426;1893
2359;2387;1140;1825;2425;1893
2399;2389;1141;1826;2429;1892
2459;2389;1141;1826;2429;1897
2499;2388;1141;1825;2422;1892
2539;2388;1141;1824;2422;1887
2569;2388;1142;1824;2419;1894
2609;2388;1142;1824;2423;1891
2649;2388;1143;1824;2422;1892
2689;2388;1143;1824;2426;1894
2719;2389;1143;1826;2430;1897
2759;2388;1143;1825;2427;1885
2799;2387;1142;1825;2452;1816
2829;2387;1141;1825;2474;1775
2859;2389;1143;1826;2493;1712
2899;2390;1143;1826;2513;1680
2939;2389;1142;1826;2501;1689
2979;2389;1143;1826;2504;1693
3019;2389;1142;1825;2496;1687
3059;2389;1142;1825;2499;1698
3099;2388;1142;1825;2495;1698
3139;2387;1142;1825;2491;1692
3169;2387;1141;1825;2495;1693
3209;2388;1142;1825;2496;1697
3249;2390;1143;1827;2495;1685
3289;2389;1142;1825;2480;1673
3319;2389;1142;1825;2485;1674
3359;2389;1141;1825;2486;1699
3399;2389;1141;1825;2491;1687
3439;2390;1142;1826;2491;1698
3469;2389;1143;1826;2492;1701
3509;2389;1143;1827;2495;1703
3549;2388;1143;1826;2490;1689
3589;2388;1142;1825;2491;1703
3619;2388;1142;1825;2492;1700
3659;2388;1143;1825;2488;1696
3699;2389;1143;1826;2494;1703
3739;2387;1143;1825;2486;1696
3769;2390;1144;1827;2494;1696
3809;2390;1142;1826;2490;1696
3839;2390;1144;1826;2493;1699
3879;2389;1143;1825;2490;1688
3919;2388;1142;1825;2493;1689
3959;2388;1142;1826;2495;1695
3999;2388;1143;1825;2488;1685
4039;2388;1143;1824;2474;1684
4069;2387;1142;1825;2475;1701
4109;2387;1141;1826;2419;1803
4149;2387;1141;1825;2395;1870
4189;2387;1141;1825;2383;1894
4219;2387;1141;1825;2375;1905
4259;2387;1141;1825;2322;1946
4299;2387;1142;1826;2288;2001
4339;2386;1142;1825;2263;2026
4369;2386;1142;1825;2239;2046
4409;2386;1142;1825;2232;2077
4449;2386;1141;1825;2224;2071
4489;2388;1142;1826;2226;2072
4519;2387;1142;1825;2225;2077
4559;2386;1143;1825;2225;2080
4599;2387;1143;1825;2222;2081
4639;2386;1142;1824;2216;2086
4669;2386;1141;1824;2216;2092
4709;2386;1141;1825;2215;2102
4749;2389;1142;1827;2221;2119
4789;2388;1141;1826;2213;2118
4819;2387;1142;1826;2215;2122
4859;2382;1142;1825;2213;2132
4899;2375;1141;1825;2212;2144
4929;2371;1141;1825;2211;2146
4969;2366;1142;1825;2213;2151
5029;2360;1142;1825;2211;2152
5069;2359;1142;1826;2215;2143
5119;2349;1142;1826;2212;2141
5159;2340;1142;1825;2212;2145
5199;2336;1142;1826;2216;2148
5239;2333;1142;1825;2210;2149
5269;2336;1142;1827;2218;2162
5309;2333;1142;1826;2213;2180
5349;2322;1141;1826;2214;2202
5389;2312;1141;1826;2219;2203
5479;2302;1141;1825;2222;2191
5529;2293;1141;1827;2227;2208
5559;2285;1140;1826;2221;2207
5599;2279;1141;1827;2224;2218
5639;2271;1141;1826;2218;2222
5679;2263;1141;1826;2219;2227
5719;2256;1141;1826;2228;2233
5759;2246;1141;1827;2218;2225
5799;2240;1143;1826;2214;2224
5839;2235;1142;1825;2212;2223
5919;2218;1141;1826;2214;2238
5959;2207;1141;1825;2207;2236
5999;2201;1141;1825;2208;2237
6039;2197;1142;1826;2212;2235
6079;2189;1142;1826;2204;2230
6119;2180;1142;1827;2208;2231
6149;2168;1141;1827;2201;2226
6199;2158;1140;1828;2196;2225
6239;2146;1140;1828;2203;2239
6269;2078;1140;1826;2197;2235
6309;2043;1140;1827;2195;2238
6349;2017;1141;1826;2196;2235
6389;2002;1141;1826;2197;2233
6419;1991;1140;1826;2192;2230
6459;1983;1139;1825;2189;2228
6499;1972;1139;1825;2189;2229
6539;1952;1138;1825;2189;2227
6569;1953;1139;1825;2192;2227
6609;1942;1130;1826;2195;2205
6649;1938;1125;1825;2188;2217
6689;1931;1119;1825;2189;2206
6719;1921;1116;1825;2186;2218
6759;1912;1114;1824;2185;2220
6799;1906;1109;1824;2187;2221
6839;1898;1107;1826;2190;2221
6869;1885;1106;1827;2184;2226
6909;1877;1106;1827;2189;2224
6949;1865;1104;1826;2183;2217
6989;1854;1104;1825;2180;2220
7029;1844;1104;1825;2185;2223
7069;1834;1103;1825;2166;2212
7109;1821;1103;1825;2165;2210
7149;1812;1103;1825;2155;2219
7179;1799;1103;1825;2154;2219
7219;1791;1102;1826;2144;2214
7259;1782;1102;1825;2134;2210
7299;1779;1103;1826;2142;2217
7339;1771;1102;1825;2142;2205
7369;1765;1102;1825;2137;2217
7409;1753;1102;1824;2141;2217
7439;1728;1101;1824;2143;2227
7489;1702;1102;1826;2148;2234
7519;1670;1102;1826;2142;2235
7559;1639;1104;1827;2136;2234
7599;1599;1103;1826;2125;2241
7669;1565;1099;1826;2143;2245
7709;1540;1096;1824;2145;2242
7749;1527;1096;1821;2139;2239
7789;1520;1095;1815;2148;2241
7819;1509;1095;1813;2148;2257
7859;1500;1094;1805;2140;2243
7899;1490;1094;1798;2117;2253
7939;1483;1094;1794;2129;2252
7969;1471;1094;1791;2124;2255
8009;1464;1094;1789;2122;2270
8049;1456;1094;1783;2114;2266
8089;1442;1094;1777;2116;2281
8119;1432;1094;1774;2121;2281
8159;1422;1094;1769;2120;2279
8199;1415;1094;1765;2119;2287
8239;1405;1092;1760;2120;2300
8319;1392;1086;1754;2122;2294
8359;1372;1079;1748;2128;2307
8399;1360;1075;1743;2129;2324
8439;1351;1072;1738;2124;2318
8439;1347;1070;1736;2124;2318
8479;1341;1069;1734;2124;2314
8519;1334;1070;1728;2125;2327
8559;1323;1070;1724;2122;2329
8599;1315;1070;1720;2124;2334
8639;1309;1070;1712;2121;2325
8669;1302;1072;1708;2122;2331
8709;1290;1072;1701;2111;2330
8749;1279;1072;1694;2101;2330
8789;1269;1072;1686;2102;2335
8819;1262;1071;1678;2094;2328
8819;1258;1071;1674;2094;2328
8859;1249;1072;1672;2049;2321
8909;1243;1073;1663;1987;2307
8979;1232;1068;1653;1962;2284
9009;1219;1066;1647;1953;2266
9049;1211;1065;1642;1946;2274
9089;1203;1064;1637;1942;2269
9129;1197;1064;1633;1941;2276
9159;1187;1062;1628;1931;2264
9199;1178;1060;1626;1932;2248
9239;1169;1059;1623;1936;2265
9279;1161;1059;1616;1935;2266
9319;1152;1060;1606;1938;2275
9349;1144;1059;1599;1931;2270
9359;1140;1059;1595;1927;2270
9399;1136;1056;1590;1929;2272
9439;1129;1054;1586;1932;2278
9469;1123;1054;1583;1926;2277
9509;1116;1055;1577;1912;2284
9549;1110;1054;1573;1906;2316
9589;1104;1051;1569;1912;2305
9629;1093;1050;1566;1898;2306
9669;1086;1050;1560;1871;2272
9709;1080;1051;1555;1870;2289
9749;1075;1051;1545;1867;2304
9789;1068;1050;1538;1848;2295
9829;1060;1042;1534;1842;2283
9869;1052;1037;1531;1839;2283
9909;1044;1036;1531;1824;2267
9949;1037;1034;1527;1801;2248
9989;1033;1033;1523;1803;2264
10019;1029;1034;1520;1803;2277
10059;1022;1033;1516;1802;2279
10099;1018;1030;1515;1815;2296
10139;1012;1025;1513;1778;2274
10169;1007;1024;1513;1742;2201
10209;1001;1022;1510;1713;2194
10249;994;1020;1507;1716;2232
10289;988;1016;1503;1715;2255
10319;985;1014;1501;1707;2265
10359;984;1013;1499;1702;2266
10399;981;1011;1497;1667;2187
10439;976;1010;1494;1652;2187
10469;970;1009;1492;1654;2209
10509;966;1005;1491;1642;2232
10549;964;1000;1490;1636;2251
10589;960;997;1489;1637;2258
10619;956;996;1489;1637;2258
10659;950;996;1485;1620;2268
10699;947;996;1481;1609;2247
10739;944;995;1477;1601;2281
10769;941;991;1475;1603;2299
10809;937;987;1475;1603;2299
10849;933;983;1474;1604;2296
10889;932;982;1474;1618;2325
10919;931;981;1473;1618;2318
10959;929;981;1471;1625;2316
10999;927;981;1469;1621;2329
11039;923;980;1467;1616;2331
11079;921;981;1467;1612;2364
11119;919;980;1467;1612;2369
11159;918;980;1467;1620;2359
11199;916;979;1467;1616;2373
11239;915;979;1466;1605;2367
11269;915;978;1467;1603;2372
11309;914;977;1466;1601;2375
11349;913;978;1466;1602;2380
11389;912;977;1465;1590;2380
11419;911;976;1465;1590;2381
11449;910;975;1465;1590;2384
11499;909;975;1464;1594;2387
11529;908;976;1465;1595;2395
11569;907;976;1463;1591;2377
11609;907;976;1461;1589;2406
11649;905;975;1459;1594;2390
11689;904;974;1458;1593;2374
11719;903;974;1457;1588;2368
11759;903;973;1457;1597;2364
11799;903;974;1458;1591;2386
11839;903;974;1458;1587;2381
11919;903;974;1457;1578;2364
11959;903;974;1457;1582;2361
11999;904;975;1458;1591;2365
12039;904;974;1458;1585;2362
12089;904;975;1457;1589;2357
12129;904;975;1459;1600;2361
12169;904;975;1458;1598;2353
12209;904;975;1458;1589;2337
12249;904;974;1458;1593;2349
12289;904;974;1457;1583;2345
12319;904;975;1458;1585;2333
12359;904;975;1457;1578;2339
12399;903;974;1457;1578;2339
12439;903;974;1457;1574;2312
12469;903;974;1457;1575;2292
12509;903;974;1458;1578;2275
12549;903;974;1458;1582;2213
12589;904;975;1458;1616;2138
12619;904;974;1458;1643;2085
12659;903;974;1458;1673;2032
12699;903;974;1458;1714;1999
12739;903;973;1458;1752;2007
12769;903;974;1458;1792;2038
12809;902;974;1458;1852;2082
12849;903;975;1459;1915;2095
12889;903;974;1458;1972;2074
12969;904;974;1459;2050;2082
13019;906;974;1458;2092;2074
13059;909;974;1458;2121;2078
13109;913;975;1459;2131;2037
13149;919;974;1458;2145;2034
13189;923;973;1458;2144;2020
13219;928;974;1457;2141;2015
13259;933;974;1458;2138;2013
13299;936;974;1459;2161;2028
13339;942;974;1458;2173;2012
13369;952;975;1459;2187;2023
13419;957;974;1459;2214;2023
13459;962;974;1458;2237;2018
13519;971;973;1458;2259;2015
13559;977;974;1458;2269;2002
13599;980;974;1458;2266;2009
13639;988;974;1458;2290;2001
13679;996;973;1458;2295;1996
13719;1004;974;1458;2298;1976
13759;1011;975;1460;2318;1977
13799;1018;974;1462;2321;1968
13839;1023;974;1465;2339;1976
13879;1029;974;1469;2361;1984
13919;1036;974;1474;2385;1998
13959;1044;975;1479;2381;1975
14009;1054;974;1483;2397;1968
14049;1063;974;1487;2408;1969
14089;1070;975;1491;2415;1967
14109;1074;974;1493;2415;1960
14159;1082;974;1496;2441;1963
14199;1091;974;1501;2440;1963
14239;1099;974;1504;2455;1961
14269;1105;974;1507;2479;1962
14309;1111;974;1510;2503;1976
14349;1118;975;1516;2488;1982
14389;1126;974;1518;2481;1965
14419;1132;975;1522;2471;1987
14459;1138;974;1524;2453;1953
14499;1146;974;1527;2420;1930
14549;1156;975;1532;2415;1944
14589;1168;974;1537;2414;1929
14639;1176;974;1541;2409;1930
14679;1186;975;1546;2396;1923
14719;1195;975;1551;2406;1919
14759;1204;975;1555;2404;1909
14799;1215;975;1560;2405;1915
14839;1224;974;1563;2394;1911
14869;1233;975;1567;2397;1890
14909;1233;974;1573;2378;1877
14949;1240;974;1578;2387;1877
14989;1251;975;1583;2377;1870
15019;1261;975;1587;2375;1879
15059;1271;974;1591;2387;1881
15099;1279;974;1597;2366;1871
15139;1290;974;1603;2369;1869
15169;1298;974;1608;2379;1850
15209;1305;974;1615;2373;1848
15249;1315;974;1620;2369;1859
15289;1327;974;1623;2346;1865
15319;1335;974;1625;2365;1862
15359;1340;974;1627;2365;1858
15399;1354;974;1632;2365;1853
15439;1362;974;1636;2343;1852
15469;1370;974;1638;2355;1853
15509;1380;974;1641;2365;1853
15539;1391;974;1644;2355;1853
15589;1401;975;1656;2347;1860
15619;1410;975;1661;2360;1854
15669;1418;975;1665;2363;1855
15709;1430;975;1668;2360;1852
15769;1442;974;1673;2385;1851
15809;1456;974;1681;2388;1866
15849;1471;975;1690;2388;1863
15889;1476;975;1695;2399;1865
15919;1484;976;1700;2407;1870
15959;1494;976;1703;2410;1876
16029;1504;975;1708;2410;1880
16069;1517;975;1714;2405;1866
16109;1531;975;1721;2403;1865
16149;1539;975;1726;2405;1889
16189;1575;975;1732;2425;1891
16219;1595;975;1734;2435;1911
16259;1623;974;1736;2439;1911
16299;1669;974;1736;2459;1914
16339;1698;974;1741;2440;1934
16419;1727;974;1751;2477;1970
16459;1744;974;1757;2499;2004
16499;1765;975;1765;2519;2005
16539;1770;974;1770;2516;2027
16569;1781;976;1776;2550;2037
16579;1788;975;1777;2546;2034
16619;1795;974;1779;2548;2035
16659;1807;974;1782;2538;2032
16699;1817;975;1788;2552;2024
16739;1820;974;1788;2540;2022
16769;1834;975;1790;2551;2021
16789;1841;975;1791;2553;2015
16839;1849;975;1795;2537;2007
16879;1858;974;1799;2542;1985
16919;1870;975;1804;2541;1977
16959;1886;976;1811;2537;1984
16999;1891;974;1814;2524;1959
17039;1898;974;1815;2532;1964
17069;1911;973;1816;2528;1973
17109;1919;974;1817;2533;1970
17149;1927;974;1819;2538;1983
17189;1935;974;1819;2538;1976
17219;1941;974;1820;2552;1982
17259;1949;974;1820;2549;1981
17279;1957;973;1821;2557;1976
17329;1967;974;1821;2553;1985
17369;1970;974;1821;2557;1988
17409;1980;975;1822;2561;1964
17449;1994;975;1821;2548;1958
17489;2004;975;1822;2543;1964
17519;2009;976;1823;2543;1963
17559;2072;977;1823;2555;1969
17599;2108;978;1824;2548;1948
17639;2134;981;1824;2546;1954
17669;2150;982;1825;2549;1933
17709;2160;988;1824;2544;1922
17749;2169;993;1824;2532;1906
17789;2179;996;1823;2529;1901
17819;2187;1002;1823;2525;1912
17859;2193;1006;1824;2523;1901
17899;2196;1008;1824;2498;1873
17939;2209;1015;1826;2491;1880
17969;2218;1019;1826;2499;1871
18009;2230;1023;1826;2455;1884
18049;2234;1027;1825;2459;1855
18089;2244;1029;1825;2482;1847
18119;2248;1031;1825;2464;1844
18159;2254;1035;1825;2450;1838
18199;2260;1039;1826;2466;1845
18239;2263;1045;1825;2433;1845
18269;2268;1049;1827;2442;1838
18309;2273;1049;1826;2459;1840
18359;2283;1055;1825;2451;1847
18399;2290;1059;1826;2452;1828
18439;2289;1060;1824;2459;1829
18469;2296;1060;1824;2455;1840
18509;2300;1063;1824;2454;1810
18549;2308;1066;1824;2412;1803
18589;2313;1070;1825;2469;1830
18619;2319;1070;1824;2504;1842
18659;2324;1072;1826;2488;1825
18689;2326;1081;1825;2439;1801
18729;2327;1087;1825;2429;1783
18769;2329;1090;1825;2455;1800
18809;2330;1092;1824;2456;1787
18849;2333;1092;1825;2454;1786
18879;2333;1093;1824;2448;1786
18919;2335;1094;1825;2470;1785
18959;2334;1095;1824;2501;1798
18999;2333;1094;1824;2493;1788
19039;2332;1093;1823;2498;1781
19069;2333;1093;1823;2500;1781
19109;2336;1092;1824;2502;1783
19149;2341;1093;1824;2429;1761
19189;2347;1096;1824;2428;1734
19229;2349;1100;1825;2452;1734
19269;2353;1103;1826;2465;1748
19309;2358;1106;1827;2478;1736
19349;2359;1106;1826;2474;1742
19399;2362;1107;1825;2477;1737
19419;2365;1109;1825;2473;1753
19469;2365;1109;1825;2483;1770
19509;2368;1109;1827;2493;1775
19559;2367;1109;1827;2477;1765
19599;2366;1109;1827;2478;1771
19639;2367;1110;1828;2478;1770
19669;2366;1111;1827;2468;1740
19709;2367;1111;1827;2473;1728
19749;2368;1111;1826;2490;1724
19789;2369;1111;1826;2472;1726
19819;2371;1110;1826;2472;1728
19859;2375;1110;1826;2473;1706
19899;2382;1117;1828;2438;1723
19939;2386;1120;1827;2441;1701
19969;2389;1124;1827;2446;1702
20009;2389;1123;1826;2445;1706
20049;2389;1123;1826;2464;1721
20079;2388;1123;1826;2473;1732
20119;2388;1124;1826;2470;1725
20159;2389;1124;1827;2468;1727
20199;2387;1124;1827;2464;1722
20239;2386;1125;1826;2470;1729
20279;2386;1124;1826;2469;1729
20319;2386;1123;1826;2470;1726
20359;2388;1124;1828;2473;1728
20399;2387;1125;1827;2469;1731
20439;2386;1125;1826;2465;1723
20479;2386;1126;1827;2472;1724
20519;2387;1125;1827;2472;1733
20559;2386;1124;1827;2470;1727
20599;2385;1124;1827;2457;1724
20639;2385;1124;1826;2452;1720
20669;2385;1124;1826;2453;1722
20709;2385;1125;1826;2450;1719
20749;2388;1125;1828;2451;1722
20789;2387;1126;1827;2446;1720
20819;2387;1125;1827;2448;1721
20859;2387;1124;1826;2444;1725
20899;2386;1124;1826;2443;1720
20939;2387;1125;1828;2443;1722
20969;2386;1124;1827;2438;1719
21009;2388;1125;1828;2452;1724
21049;2387;1124;1827;2453;1729
21089;2386;1128;1827;2458;1721
21119;2388;1126;1827;2460;1721
21159;2387;1125;1827;2468;1722
21199;2387;1126;1828;2480;1739
21239;2387;1125;1827;2473;1729
21269;2388;1125;1828;2481;1734
21309;2387;1129;1827;2491;1748
21349;2386;1127;1827;2491;1747
21389;2387;1130;1827;2499;1743
21419;2386;1126;1827;2496;1743
21459;2387;1125;1828;2493;1749
21499;2386;1126;1827;2484;1750
21539;2386;1127;1827;2479;1751
21569;2385;1128;1827;2477;1749
21609;2385;1125;1827;2476;1753
21649;2385;1124;1827;2479;1753
21689;2386;1124;1827;2477;1754
21719;2386;1125;1828;2483;1754
21759;2385;1123;1827;2462;1767
21799;2385;1124;1827;2453;1803
21839;2385;1123;1827;2428;1835
21869;2385;1126;1827;2419;1863
21909;2385;1124;1827;2405;1903
21949;2385;1124;1827;2394;1916
21989;2387;1127;1829;2396;1925
22019;2385;1125;1828;2377;1916
22059;2386;1128;1828;2378;1911
22099;2386;1125;1827;2369;1911
22139;2386;1125;1827;2369;1909
22169;2385;1124;1828;2361;1905
22209;2385;1123;1827;2362;1904
22249;2387;1124;1829;2365;1909
22289;2386;1125;1828;2357;1905
22319;2386;1125;1827;2360;1900
22359;2386;1127;1827;2358;1899
22399;2385;1126;1826;2356;1891
22439;2385;1126;1828;2362;1900
22469;2386;1126;1827;2363;1900
22509;2387;1126;1828;2370;1906
22529;2385;1125;1827;2371;1905
22579;2387;1125;1829;2361;1898
22619;2386;1127;1828;2353;1895
22659;2385;1126;1828;2357;1898
22699;2386;1125;1828;2365;1903
22739;2386;1126;1827;2355;1891
22769;2387;1126;1828;2354;1893
22809;2386;1125;1827;2359;1899
22849;2385;1127;1827;2357;1897
22889;2385;1128;1828;2355;1895
22919;2385;1125;1827;2359;1891
22959;2385;1125;1827;2362;1899
22999;2385;1125;1827;2349;1889
23039;2385;1126;1827;2339;1888
23069;2385;1124;1827;2340;1879
23109;2385;1123;1827;2339;1885
23149;2386;1124;1828;2322;1875
23189;2386;1124;1828;2323;1866
23219;2387;1127;1829;2336;1871
23259;2386;1126;1828;2338;1878
23299;2387;1125;1829;2337;1876
23339;2387;1125;1829;2326;1872
23369;2387;1128;1829;2339;1881
23409;2388;1129;1829;2339;1878
23449;2388;1129;1828;2337;1878
23489;2389;1129;1829;2330;1878
23519;2388;1128;1828;2330;1875
23559;2388;1127;1829;2337;1875
23599;2387;1126;1828;2336;1875
23639;2386;1125;1827;2325;1870
23649;2386;1125;1827;2324;1869
23699;2385;1125;1827;2332;1877
23769;2385;1124;1828;2333;1875
23779;2385;1124;1827;2333;1875
23819;2387;1126;1828;2338;1875
23859;2386;1125;1828;2339;1880
23899;2385;1124;1828;2357;1889
23939;2386;1124;1829;2343;1886
23969;2385;1126;1828;2352;1891
24009;2387;1126;1828;2360;1895
24049;2386;1126;1827;2357;1894
24089;2386;1126;1827;2359;1890
24119;2386;1125;1827;2362;1898
24159;2386;1124;1827;2368;1903
24199;2386;1125;1827;2366;1904
24239;2386;1125;1828;2365;1900
24269;2387;1126;1829;2366;1903
24309;2386;1125;1829;2369;1901
24349;2385;1124;1828;2369;1904
24389;2385;1124;1827;2370;1901
24419;2385;1125;1827;2369;1906
24459;2386;1126;1828;2386;1910
24499;2385;1127;1827;2384;1912
24539;2387;1126;1828;2389;1919
24569;2386;1125;1827;2389;1922
24609;2386;1124;1827;2394;1921
24649;2385;1125;1827;2391;1921
24689;2384;1126;1827;2390;1919
24719;2384;1126;1827;2389;1915
24759;2384;1126;1827;2387;1912
24779;2384;1126;1826;2394;1893
24829;2384;1126;1826;2417;1804
24869;2385;1126;1826;2434;1752
24909;2385;1125;1826;2450;1728
24949;2385;1125;1826;2450;1729
24989;2386;1125;1828;2453;1733
25019;2386;1125;1827;2453;1731
25059;2387;1127;1828;2455;1737
25099;2386;1125;1828;2450;1734
25139;2386;1125;1827;2439;1720
25169;2385;1125;1826;2438;1723
25259;2385;1125;1827;2442;1724
25299;2384;1124;1827;2440;1725
25339;2384;1124;1826;2436;1724
25369;2384;1124;1827;2438;1727
25409;2384;1124;1827;2428;1718
25449;2386;1125;1829;2436;1724
25489;2385;1125;1827;2430;1723
25529;2384;1125;1827;2427;1720
25569;2385;1124;1828;2413;1716
25609;2385;1125;1827;2412;1717
25649;2386;1126;1827;2411;1718
25689;2386;1125;1827;2412;1715
25729;2385;1125;1827;2411;1714
25769;2386;1125;1829;2414;1720
25809;2385;1124;1828;2414;1717
25849;2385;1125;1827;2414;1717
25889;2385;1124;1827;2423;1721
25919;2385;1125;1827;2422;1722
25959;2385;1125;1827;2420;1724
25999;2384;1124;1827;2412;1717
26039;2387;1125;1829;2411;1719
26069;2387;1126;1828;2407;1715
26109;2388;1127;1829;2351;1799
26149;2386;1127;1828;2324;1875
26189;2385;1127;1827;2314;1923
26219;2385;1130;1827;2314;1923
26259;2385;1127;1827;2272;1998
26299;2387;1128;1828;2256;2062
26339;2386;1127;1827;2241;2093
26369;2387;1127;1827;2200;2102
26409;2386;1126;1827;2161;2119
26449;2385;1126;1827;2156;2132
26489;2387;1128;1828;2163;2146
26519;2385;1127;1827;2159;2145
26559;2387;1127;1829;2164;2144
26599;2386;1126;1828;2160;2144
26639;2385;1125;1828;2156;2146
26669;2384;1127;1827;2163;2152
26709;2387;1126;1827;2171;2165
26749;2389;1125;1828;2192;2178
26789;2389;1127;1828;2180;2176
26819;2388;1126;1829;2174;2170
26859;2383;1126;1828;2163;2171
26899;2377;1128;1827;2172;2174
26939;2372;1126;1827;2170;2178
26969;2366;1126;1827;2164;2176
27009;2363;1125;1829;2166;2181
27049;2359;1125;1828;2168;2185
27089;2356;1126;1828;2170;2189
27119;2348;1125;1828;2175;2192
27159;2343;1125;1828;2174;2198
27199;2335;1125;1827;2179;2202
27239;2334;1126;1828;2183;2210
27269;2338;1126;1829;2195;2217
27309;2333;1125;1828;2187;2211
27349;2323;1125;1828;2186;2211
27389;2313;1123;1828;2183;2206
27419;2306;1124;1827;2182;2209
27489;2297;1124;1827;2183;2203
27529;2289;1124;1828;2189;2214
27569;2283;1125;1827;2180;2210
27609;2276;1126;1827;2190;2212
27649;2270;1125;1827;2184;2214
27689;2261;1124;1827;2188;2222
27719;2255;1124;1827;2190;2226
27759;2245;1124;1827;2189;2229
27799;2241;1126;1829;2195;2235
27839;2233;1125;1829;2189;2245
27889;2218;1124;1827;2188;2248
27929;2210;1125;1829;2190;2255
27989;2205;1124;1829;2190;2256
28029;2199;1124;1827;2186;2258
28069;2194;1125;1826;2183;2255
28109;2182;1125;1826;2180;2260
28149;2169;1125;1826;2178;2253
28189;2159;1127;1828;2180;2252
28219;2147;1126;1827;2168;2244
28259;2141;1126;1828;2167;2243
28299;2075;1125;1827;2162;2245
28339;2033;1125;1826;2160;2247
28369;2013;1125;1826;2158;2243
28409;1996;1125;1826;2158;2229
28449;1987;1125;1828;2136;2222
28489;1975;1124;1826;2137;2221
28569;1962;1124;1826;2141;2229
28609;1950;1125;1828;2141;2227
28689;1938;1126;1829;2136;2230
28729;1926;1126;1829;2138;2232
28769;1916;1126;1829;2132;2214
28809;1907;1125;1828;2136;2197
28849;1893;1126;1828;2123;2208
28889;1881;1125;1827;2132;2214
28919;1872;1125;1827;2130;2211
28959;1861;1125;1827;2132;2220
28999;1852;1124;1826;2119;2218
29039;1843;1124;1828;2127;2231
29069;1835;1125;1828;2120;2226
29109;1825;1126;1828;2122;2223
29149;1801;1125;1827;2132;2227
29189;1794;1125;1827;2133;2239
29219;1789;1125;1826;2128;2246
29259;1780;1125;1826;2131;2241
29299;1777;1126;1828;2140;2259
29339;1773;1125;1827;2122;2248
29369;1767;1126;1828;2126;2265
29409;1754;1125;1827;2111;2277
29449;1738;1125;1827;2107;2291
29489;1693;1124;1826;2108;2279
29519;1666;1125;1826;2125;2285
29559;1638;1125;1826;2122;2308
29599;1599;1124;1823;2102;2315
29639;1571;1124;1818;2110;2317
29669;1550;1124;1811;2110;2310
29709;1538;1124;1807;2119;2323
29749;1525;1124;1801;2119;2322
29789;1521;1124;1795;2122;2337
29819;1510;1125;1794;2131;2346
29859;1501;1125;1789;2124;2352
29899;1491;1125;1784;2122;2345
29939;1483;1125;1781;2109;2351
29969;1472;1123;1778;2115;2336
30009;1464;1115;1777;2101;2312
30049;1457;1112;1771;2099;2326
30089;1443;1109;1769;2076;2332
30109;1435;1107;1766;2070;2335
30159;1423;1106;1762;2046;2339
30199;1416;1105;1759;2066;2358
30239;1405;1103;1755;2053;2352
30269;1393;1101;1751;2068;2332
30309;1385;1100;1744;2051;2330
30349;1374;1100;1742;2065;2344
30389;1360;1099;1737;2053;2353
30419;1353;1099;1731;2064;2361
30459;1345;1098;1726;2045;2344
30499;1334;1097;1718;2048;2338
30539;1327;1098;1713;2051;2349
30569;1318;1097;1708;2047;2361
30609;1313;1098;1702;2046;2345
30659;1302;1094;1695;2042;2324
30699;1291;1091;1690;2044;2343
30729;1281;1084;1687;2044;2353
30769;1271;1079;1680;2039;2344
30809;1264;1078;1674;2038;2338
30849;1252;1077;1668;2035;2357
30889;1246;1076;1659;2023;2356
30969;1233;1073;1650;2017;2370
31009;1219;1070;1644;2007;2349
31049;1210;1068;1638;2012;2353
31089;1201;1064;1634;2005;2351
31129;1194;1064;1633;2005;2367
31169;1184;1062;1628;2003;2361
31209;1174;1046;1625;1997;2366
31239;1166;1045;1614;1966;2350
31289;1156;1045;1605;1929;2320
31319;1146;1046;1601;1913;2316
31359;1141;1048;1596;1911;2314
31399;1135;1048;1591;1900;2331
31439;1127;1048;1586;1872;2296
31469;1121;1048;1582;1876;2298
31509;1113;1048;1576;1877;2322
31549;1108;1048;1571;1869;2318
31589;1100;1049;1567;1871;2311
31619;1092;1047;1560;1864;2315
31659;1086;1046;1555;1850;2321
31699;1079;1043;1549;1850;2333
31739;1073;1041;1545;1848;2344
31769;1068;1039;1541;1851;2362
31809;1062;1036;1538;1854;2355
31849;1056;1035;1539;1857;2393
31889;1046;1035;1536;1850;2390
31919;1040;1036;1534;1850;2397
31959;1035;1034;1530;1849;2400
31999;1031;1030;1527;1844;2404
32039;1025;1026;1526;1847;2409
32069;1021;1024;1523;1842;2409
32109;1016;1023;1522;1844;2414
32149;1010;1022;1517;1830;2405
32189;1005;1021;1513;1818;2399
32219;999;1020;1511;1812;2403
32259;991;1016;1510;1813;2418
32299;987;1013;1510;1795;2410
32339;984;1010;1508;1786;2423
32369;983;1009;1505;1783;2426
32409;979;1007;1500;1772;2444
32449;974;1006;1496;1769;2447
32489;968;1001;1494;1769;2444
32519;964;999;1492;1763;2448
32559;963;997;1491;1764;2445
32599;958;994;1489;1751;2456
32639;951;991;1486;1729;2454
32669;947;989;1479;1717;2446
32709;945;987;1475;1708;2452
32749;942;986;1472;1709;2452
32759;940;986;1472;1708;2446
32809;936;984;1470;1688;2438
32849;933;982;1469;1680;2424
32889;932;982;1469;1686;2447
32929;930;981;1467;1656;2411
32969;928;980;1466;1634;2401
33009;925;978;1465;1639;2406
33049;922;977;1465;1631;2422
33089;921;978;1466;1623;2426
33119;919;978;1465;1611;2417
33159;918;978;1466;1602;2396
33209;916;976;1466;1595;2405
33249;914;974;1465;1592;2402
33289;913;974;1464;1589;2397
33329;911;973;1463;1589;2399
33369;910;973;1462;1590;2399
33409;911;973;1463;1588;2412
33449;909;972;1461;1579;2411
33489;907;971;1459;1576;2399
33529;905;967;1458;1574;2398
33569;903;963;1457;1571;2392
33609;903;961;1459;1563;2411
33649;901;958;1457;1559;2381
33689;900;957;1456;1560;2373
33719;900;956;1456;1562;2370
33759;899;956;1456;1554;2370
33799;899;955;1457;1554;2372
33839;899;955;1456;1551;2362
33869;900;955;1458;1553;2364
33909;899;954;1457;1539;2361
33949;899;955;1457;1541;2362
33989;899;954;1458;1546;2368
34019;899;954;1457;1548;2365
34059;899;954;1457;1553;2367
34099;898;955;1457;1552;2365
34139;898;956;1457;1554;2360
34169;898;955;1458;1552;2366
34209;898;955;1457;1550;2366
34249;898;954;1457;1547;2363
34289;898;954;1457;1550;2367
34339;897;954;1456;1542;2365
34369;897;954;1456;1543;2371
34409;897;954;1456;1544;2352
34449;897;954;1456;1554;2349
34489;897;954;1456;1556;2324
34529;898;955;1457;1581;2264
34569;898;955;1456;1618;2205
34609;897;955;1456;1660;2130
34649;898;955;1458;1699;2108
34689;898;955;1457;1723;2099
34729;898;955;1457;1794;2128
34769;898;955;1457;1868;2145
34809;898;955;1457;1929;2147
34849;900;956;1458;2006;2167
34889;900;955;1457;2043;2151
34919;901;956;1458;2086;2172
34959;902;956;1457;2112;2152
34999;905;955;1457;2144;2178
35039;909;955;1458;2167;2188
35069;912;955;1457;2181;2185
35109;916;955;1459;2226;2203
35149;921;955;1458;2243;2212
35189;925;955;1458;2242;2203
35219;929;955;1458;2242;2190
35259;934;955;1458;2252;2180
35299;937;956;1458;2263;2165
35339;944;956;1457;2264;2135
35369;953;956;1458;2273;2138
35409;957;956;1458;2284;2136
35419;960;956;1457;2284;2137
35469;968;956;1457;2290;2117
35509;975;957;1458;2298;2121
35549;978;956;1457;2306;2113
35589;982;956;1457;2292;2093
35629;990;956;1458;2309;2100
35669;998;956;1458;2322;2099
35709;1005;956;1457;2332;2096
35749;1011;956;1457;2353;2096
35789;1019;956;1457;2373;2089
35819;1024;956;1458;2386;2089
35859;1029;956;1461;2399;2094
35899;1036;957;1465;2407;2088
35939;1042;956;1467;2415;2077
35969;1050;956;1471;2421;2076
36009;1059;956;1475;2428;2072
36049;1066;956;1479;2431;2068
36089;1072;957;1484;2442;2051
36119;1075;957;1487;2440;2030
36159;1084;958;1491;2447;2025
36199;1094;957;1493;2439;2027
36239;1101;956;1496;2447;2019
36269;1107;956;1496;2449;2010
36309;1112;956;1502;2453;2004
36349;1119;956;1507;2461;2011
36389;1128;956;1509;2450;2063
36419;1135;958;1515;2459;2036
36459;1143;958;1518;2440;2014
36499;1150;958;1523;2432;2009
36539;1159;959;1527;2448;2015
36569;1168;958;1529;2442;2006
36609;1176;958;1534;2458;2009
36649;1180;957;1538;2441;1997
36689;1191;957;1541;2447;2006
36719;1198;957;1545;2456;1999
36759;1207;957;1549;2456;1994
36799;1217;958;1554;2454;1991
36839;1227;958;1560;2459;1994
36869;1234;957;1565;2456;1994
36909;1239;957;1568;2456;1981
36949;1243;958;1576;2450;1983
36959;1244;958;1581;2451;1976
37009;1259;958;1588;2462;1979
37049;1269;957;1591;2456;1975
37089;1278;957;1596;2447;1972
37129;1290;957;1600;2461;1973
37169;1299;957;1612;2451;1968
37209;1308;957;1619;2449;1966
37249;1317;957;1623;2445;1968
37289;1327;957;1626;2451;1968
37319;1335;957;1628;2448;1963
37359;1339;957;1629;2454;1970
37399;1354;958;1633;2456;1983
37439;1361;958;1636;2446;1975
37469;1372;959;1642;2457;1976
37509;1384;958;1649;2442;1963
37549;1396;958;1657;2442;1968
37589;1403;958;1664;2449;1974
37619;1415;957;1668;2441;1963
37659;1421;959;1675;2450;1963
37699;1430;958;1679;2443;1961
37739;1440;957;1684;2441;1968
37769;1444;957;1687;2431;1958
37809;1458;957;1690;2443;1963
37849;1471;957;1699;2440;1964
37889;1475;957;1705;2429;1952
37919;1484;957;1711;2429;1957
37959;1496;957;1714;2432;1943
37999;1504;957;1718;2423;1942
38039;1514;957;1724;2412;1939
38069;1525;957;1728;2414;1933
38149;1542;957;1731;2408;1926
38189;1572;958;1733;2397;1927
38219;1582;958;1734;2409;1931
38259;1621;958;1742;2401;1929
38299;1649;958;1748;2402;1931
38339;1691;957;1753;2408;1952
38369;1714;957;1756;2427;1954
38409;1729;957;1759;2428;1959
38459;1742;957;1765;2431;1967
38499;1764;957;1770;2440;1980
38539;1767;957;1773;2450;1986
38579;1784;958;1776;2463;1985
38619;1795;958;1781;2456;1994
38659;1808;958;1785;2480;1995
38699;1818;958;1788;2485;2009
38739;1818;958;1790;2498;1997
38779;1833;958;1795;2494;1994
38819;1840;957;1800;2530;2007
38859;1853;957;1804;2531;1998
38899;1865;959;1811;2547;2005
38939;1882;958;1813;2561;2000
38969;1893;959;1815;2581;2015
39009;1895;958;1814;2579;2001
39049;1907;957;1814;2581;2007
39089;1918;957;1816;2590;2015
39119;1926;958;1816;2592;2017
39159;1932;958;1818;2595;2032
39199;1937;957;1818;2581;2017
39229;1945;958;1820;2601;2028
39269;1953;958;1819;2597;2023
39309;1959;958;1819;2602;2023
39349;1969;957;1820;2608;2031
39389;1979;957;1820;2628;2036
39419;1986;958;1823;2635;2060
39459;1998;957;1822;2630;2022
39499;2003;957;1822;2621;2019
39539;2013;957;1823;2619;2011
39569;2075;957;1822;2618;2010
39609;2110;957;1823;2624;2004
39649;2136;957;1823;2601;1975
39689;2152;960;1824;2602;1990
39719;2164;960;1823;2594;1968
39759;2171;961;1824;2592;1968
39799;2180;967;1825;2570;1969
39839;2187;972;1825;2581;1956
39869;2193;974;1826;2580;1950
39909;2196;976;1825;2573;1937
39949;2209;979;1826;2567;1933
39989;2217;980;1824;2559;1908
40019;2228;987;1824;2557;1920
40059;2233;991;1823;2556;1894
40099;2243;994;1822;2529;1905
40139;2250;1000;1824;2525;1894
40169;2256;1002;1824;2543;1891
40209;2261;1009;1826;2531;1873
40249;2262;1012;1825;2533;1865
40289;2266;1019;1825;2498;1881
40319;2272;1023;1825;2512;1877
40359;2279;1026;1824;2518;1861
40399;2287;1030;1826;2516;1896
40439;2291;1032;1827;2498;1829
40469;2295;1035;1828;2508;1840
40509;2300;1044;1826;2523;1844
40549;2306;1049;1825;2498;1826
40589;2313;1050;1826;2450;1828
40619;2319;1053;1827;2464;1777
40659;2325;1054;1827;2487;1795
40699;2328;1055;1828;2471;1780
40739;2329;1055;1828;2471;1793
40749;2327;1056;1826;2467;1801
40799;2329;1056;1827;2482;1799
40839;2327;1056;1826;2483;1794
40879;2328;1055;1825;2475;1780
40919;2329;1055;1826;2486;1781
40959;2328;1054;1826;2490;1788
40999;2329;1052;1826;2487;1765
41039;2330;1058;1826;2481;1801
41069;2331;1062;1826;2467;1762
41109;2335;1064;1828;2472;1772
41149;2341;1068;1828;2459;1769
41189;2348;1071;1830;2478;1772
41219;2351;1073;1829;2472;1759
41259;2357;1075;1829;2458;1767
41299;2359;1078;1830;2477;1746
41339;2359;1080;1829;2491;1745
41369;2361;1086;1829;2505;1786
41409;2365;1090;1830;2508;1780
41449;2367;1093;1831;2516;1796
41489;2366;1094;1830;2508;1783
41519;2365;1093;1829;2505;1780
41559;2365;1093;1829;2506;1779
41599;2365;1093;1828;2513;1787
41639;2367;1094;1830;2524;1792
41669;2365;1093;1829;2528;1789
41709;2366;1095;1830;2527;1773
41749;2365;1094;1829;2535;1764
41789;2368;1093;1828;2545;1756
41819;2369;1094;1828;2549;1773
41859;2372;1094;1828;2555;1778
41899;2380;1094;1830;2495;1767
41939;2382;1096;1829;2536;1771
41969;2387;1099;1830;2560;1773
42009;2388;1099;1829;2549;1765
42049;2388;1100;1829;2550;1772
42089;2388;1100;1829;2551;1781
42119;2388;1100;1829;2544;1778
42159;2388;1100;1829;2547;1787
42199;2388;1101;1829;2537;1782
42239;2388;1101;1829;2521;1762
42269;2387;1101;1829;2503;1749
42309;2387;1101;1829;2513;1753
42349;2388;1101;1829;2520;1766
42389;2388;1102;1829;2518;1758
42419;2389;1101;1830;2524;1760
42459;2388;1102;1829;2515;1758
42499;2387;1103;1829;2515;1768
42539;2387;1103;1829;2514;1775
42569;2387;1102;1829;2510;1768
42609;2387;1102;1829;2514;1774
42649;2387;1101;1829;2498;1759
42689;2389;1103;1831;2504;1763
42719;2388;1103;1830;2496;1752
42759;2390;1104;1830;2502;1754
42799;2389;1103;1829;2500;1753
42839;2388;1102;1829;2509;1780
42869;2388;1101;1829;2507;1783
42909;2387;1102;1829;2508;1781
42949;2389;1102;1831;2515;1783
42989;2387;1103;1830;2497;1775
43019;2389;1104;1831;2509;1783
43059;2387;1103;1830;2507;1763
43099;2386;1101;1829;2509;1754
43139;2386;1102;1831;2515;1758
43169;2386;1102;1830;2509;1752
43209;2388;1103;1831;2506;1749
43249;2387;1102;1830;2507;1738
43289;2387;1101;1829;2520;1748
43319;2386;1102;1829;2516;1745
43359;2386;1102;1829;2511;1746
43399;2386;1103;1830;2501;1739
43409;2388;1104;1831;2498;1741
43459;2386;1103;1831;2497;1747
43499;2385;1102;1830;2490;1744
43539;2388;1105;1831;2481;1733
43579;2386;1105;1830;2472;1736
43619;2385;1103;1829;2479;1739
43659;2386;1104;1830;2475;1745
43699;2386;1103;1830;2457;1736
43739;2386;1105;1829;2449;1738
43769;2386;1105;1829;2458;1734
43809;2386;1105;1828;2457;1732
43849;2386;1105;1829;2466;1751
43889;2386;1103;1829;2460;1791
43919;2387;1102;1830;2461;1858
43959;2386;1102;1829;2437;1909
43989;2387;1103;1831;2440;1955
44029;2387;1102;1830;2439;1958
44069;2387;1103;1829;2439;1964
44109;2386;1104;1829;2420;1959
44149;2386;1104;1829;2423;1963
44189;2388;1105;1831;2411;1961
44219;2387;1103;1830;2403;1961
44259;2389;1104;1831;2394;1956
44299;2388;1103;1830;2405;1960
44339;2387;1102;1829;2408;1955
44369;2386;1102;1829;2410;1964
44399;2386;1102;1829;2412;1967
44409;2386;1102;1829;2410;1964
44449;2388;1103;1831;2409;1958
44489;2387;1102;1830;2409;1962
44519;2389;1103;1831;2417;1961
44549;2387;1102;1830;2389;1952
44599;2386;1102;1830;2417;1959
44639;2386;1102;1831;2424;1979
44669;2386;1102;1830;2418;1983
44709;2388;1103;1832;2408;1947
44749;2387;1104;1831;2393;1943
44789;2386;1102;1830;2411;1947
44819;2387;1102;1829;2399;1946
44859;2386;1103;1829;2419;1957
44899;2388;1105;1831;2422;1963
44939;2387;1105;1830;2417;1953
44969;2388;1104;1831;2420;1955
45009;2387;1104;1830;2419;1946
45049;2386;1102;1829;2418;1945
45089;2386;1102;1829;2416;1951
45119;2386;1104;1829;2419;1956
45159;2386;1104;1829;2429;1961
45199;2386;1103;1829;2420;1950
45239;2389;1105;1830;2404;1949
45269;2387;1104;1830;2393;1943
45309;2386;1104;1829;2392;1950
45349;2385;1103;1829;2414;1956
45389;2385;1104;1829;2420;1955
45419;2386;1104;1829;2438;1973
45459;2386;1103;1829;2454;1974
45499;2388;1103;1831;2434;1964
45539;2386;1103;1829;2391;1932
45569;2386;1103;1830;2389;1941
45609;2386;1103;1829;2410;1950
45649;2386;1103;1829;2394;1947
45689;2388;1104;1831;2400;1949
45719;2387;1102;1830;2388;1944
45759;2388;1103;1831;2391;1945
45799;2387;1103;1830;2379;1941
45839;2386;1103;1830;2380;1944
45869;2386;1102;1830;2366;1938
45909;2386;1102;1830;2364;1940
45949;2387;1103;1831;2371;1944
45989;2386;1103;1830;2361;1943
46019;2388;1104;1831;2367;1941
46059;2387;1103;1830;2361;1938
46109;2386;1102;1830;2374;1947
46149;2388;1104;1832;2369;1945
46189;2386;1104;1831;2364;1937
46269;2386;1104;1831;2372;1943
46309;2386;1103;1830;2363;1934
46349;2388;1104;1831;2364;1933
46389;2386;1103;1830;2362;1928
46429;2385;1102;1829;2365;1931
46469;2386;1102;1831;2367;1932
46509;2386;1102;1830;2366;1933
46549;2386;1103;1830;2365;1934
46589;2386;1102;1830;2373;1944
46619;2386;1101;1830;2364;1935
46659;2386;1102;1829;2364;1943
46699;2386;1102;1829;2362;1932
46739;2388;1104;1831;2364;1943
46769;2387;1102;1830;2370;1896
46809;2387;1102;1830;2386;1788
46849;2388;1103;1831;2417;1734
46889;2387;1103;1832;2450;1718
46919;2388;1103;1833;2461;1720
46959;2389;1102;1833;2460;1718
46999;2390;1103;1833;2460;1720
47039;2390;1104;1832;2461;1718
47069;2391;1104;1833;2461;1719
47109;2390;1104;1832;2457;1717
47149;2388;1103;1831;2458;1717
47189;2390;1105;1832;2460;1721
47219;2390;1104;1833;2461;1721
47259;2391;1105;1833;2457;1718
47299;2390;1103;1831;2457;1715
47339;2390;1103;1831;2454;1715
47369;2388;1103;1831;2451;1718
47409;2388;1103;1832;2454;1717
47449;2389;1103;1832;2458;1720
47489;2388;1103;1831;2456;1718
47519;2390;1104;1832;2455;1717
47559;2388;1102;1831;2453;1715
47599;2388;1101;1830;2451;1715
47639;2388;1102;1830;2449;1717
47669;2387;1102;1830;2449;1716
47709;2389;1103;1831;2455;1720
47749;2388;1101;1830;2447;1714
47789;2387;1102;1830;2434;1708
47819;2387;1102;1830;2437;1713
47859;2388;1101;1831;2449;1716
47899;2387;1103;1831;2454;1717
47939;2388;1104;1831;2456;1718
47969;2388;1103;1832;2438;1711
48009;2387;1102;1830;2433;1714
48049;2387;1103;1830;2453;1721
48089;2386;1103;1830;2406;1819
48119;2387;1101;1830;2385;1914
48159;2387;1101;1830;2368;1974
48199;2387;1102;1830;2348;2019
48239;2389;1104;1832;2355;2066
48269;2388;1102;1833;2323;2103
48309;2389;1102;1833;2308;2149
48349;2388;1103;1833;2258;2190
48389;2387;1102;1831;2229;2213
48419;2386;1101;1830;2192;2212
48459;2386;1102;1829;2189;2212
48499;2388;1103;1831;2191;2219
48539;2387;1102;1830;2186;2216
48579;2386;1102;1829;2185;2212
48619;2387;1102;1830;2191;2230
48659;2387;1102;1830;2184;2222
48699;2389;1103;1832;2194;2235
48789;2388;1102;1830;2184;2238
48839;2384;1102;1829;2178;2238
48879;2381;1102;1829;2172;2245
48919;2376;1102;1830;2170;2236
48959;2372;1103;1831;2171;2248
48999;2366;1102;1830;2166;2243
49029;2361;1102;1830;2166;2244
49069;2357;1102;1830;2166;2249
49109;2350;1101;1829;2165;2251
49159;2344;1102;1829;2171;2253
49199;2337;1102;1829;2176;2254
49259;2334;1102;1829;2182;2261
49299;2333;1102;1829;2182;2262
49329;2323;1101;1829;2179;2268
49359;2315;1101;1829;2180;2262
49399;2306;1101;1829;2184;2277
49439;2301;1101;1829;2187;2264
49479;2297;1103;1831;2193;2280
49519;2289;1102;1830;2188;2276
49559;2281;1102;1830;2197;2284
49599;2274;1102;1830;2195;2280
49639;2268;1101;1829;2189;2274
49679;2262;1102;1829;2203;2283
49719;2254;1101;1828;2208;2295
49759;2245;1101;1829;2208;2294
49799;2238;1101;1830;2216;2311
49839;2230;1101;1829;2216;2316
49879;2219;1102;1829;2223;2327
49919;2209;1102;1828;2226;2329
49959;2201;1102;1828;2231;2342
49999;2197;1102;1830;2233;2346
50039;2194;1102;1829;2229;2337
50069;2190;1103;1831;2233;2343
50109;2178;1102;1829;2226;2337
50149;2166;1101;1829;2219;2331
50189;2156;1101;1830;2220;2333
50219;2145;1101;1829;2215;2333
50259;2139;1101;1830;2214;2336
50299;2073;1101;1829;2204;2328
50339;2035;1101;1829;2205;2330
50369;2013;1101;1829;2199;2335
50409;1996;1101;1829;2199;2333
50449;1985;1101;1829;2207;2341
50489;1974;1101;1826;2196;2334
50519;1964;1102;1829;2202;2339
50569;1956;1101;1828;2198;2335
50609;1945;1100;1828;2194;2335
50649;1936;1100;1830;2190;2334
50679;1930;1101;1829;2198;2335
50719;1924;1102;1830;2198;2337
50749;1915;1101;1829;2186;2334
50789;1909;1102;1831;2192;2330
50829;1900;1101;1830;2190;2336
50869;1886;1101;1829;2185;2334
50909;1878;1101;1830;2187;2338
50949;1868;1101;1828;2180;2327
50979;1861;1102;1830;2186;2339
51019;1852;1101;1828;2184;2337
51059;1839;1101;1828;2179;2335
51099;1829;1102;1830;2183;2336
51139;1819;1102;1830;2185;2338
51179;1803;1103;1830;2192;2344
51219;1794;1102;1829;2191;2339
51259;1785;1102;1828;2188;2337
51339;1778;1102;1830;2200;2348
51379;1770;1103;1830;2197;2352
51429;1736;1103;1831;2205;2366
51469;1733;1103;1830;2195;2372
51509;1691;1103;1831;2195;2363
51549;1671;1102;1829;2197;2368
51579;1637;1102;1828;2200;2366
51619;1587;1102;1824;2190;2368
51659;1563;1102;1820;2194;2383
51699;1549;1103;1818;2200;2387
51729;1526;1102;1814;2193;2390
51759;1519;1102;1810;2201;2403
51799;1515;1102;1802;2194;2401
51839;1502;1101;1795;2203;2400
51879;1496;1101;1791;2203;2404
51909;1487;1101;1787;2207;2408
51949;1478;1102;1783;2204;2415
51989;1466;1102;1777;2209;2431
52029;1462;1103;1774;2208;2422
52069;1452;1102;1768;2200;2421
52109;1439;1101;1764;2188;2422
52149;1424;1101;1761;2195;2421
52179;1416;1101;1757;2177;2405
52219;1410;1102;1752;2178;2415
52259;1396;1102;1744;2177;2412
52299;1386;1098;1740;2213;2361
52329;1378;1094;1738;2189;2398
52369;1364;1085;1737;2181;2413
52409;1356;1079;1737;2169;2419
52449;1347;1076;1734;2148;2401
52479;1338;1075;1728;2149;2407
52549;1327;1071;1724;2132;2409
52589;1316;1069;1717;2125;2397
52629;1309;1067;1710;2121;2398
52669;1301;1067;1702;2126;2412
52709;1289;1067;1696;2118;2408
52749;1278;1068;1691;2116;2414
52779;1269;1067;1683;2115;2412
52819;1261;1066;1676;2109;2418
52859;1249;1065;1671;2102;2417
52899;1243;1065;1662;2093;2425
52929;1237;1065;1655;2079;2424
52969;1229;1061;1649;2047;2389
53009;1218;1048;1646;2040;2403
53049;1209;1048;1640;2035;2401
53139;1196;1051;1636;1977;2365
53189;1182;1051;1629;1963;2352
53229;1171;1051;1617;1964;2367
53269;1164;1052;1610;1974;2385
53309;1154;1050;1602;1972;2380
53349;1144;1050;1598;1962;2386
53379;1137;1049;1594;1951;2385
53419;1131;1048;1588;1933;2388
53459;1125;1046;1586;1924;2383
53499;1117;1044;1580;1916;2384
53529;1111;1042;1577;1908;2384
53569;1105;1037;1573;1889;2364
53609;1097;1035;1570;1884;2384
53649;1088;1034;1567;1886;2398
53679;1083;1033;1563;1877;2403
53719;1078;1033;1559;1886;2412
53759;1071;1033;1550;1917;2432
53799;1064;1033;1546;1957;2476
53829;1056;1029;1544;1976;2490
53869;1047;1024;1543;1971;2503
53909;1040;1018;1540;1956;2512
53949;1035;1014;1539;1942;2500
53979;1032;1013;1537;1938;2500
54019;1026;1011;1532;1914;2486
54049;1021;1011;1528;1908;2484
54099;1015;1010;1519;1882;2479
54129;1010;1009;1513;1880;2486
54169;1004;1004;1511;1878;2474
54209;999;1000;1511;1880;2480
54249;991;999;1511;1881;2489
54279;987;998;1507;1878;2502
54319;984;997;1503;1856;2493
54359;982;997;1498;1826;2500
54399;979;996;1495;1805;2491
54429;974;994;1494;1794;2479
54459;969;990;1492;1797;2497
54499;966;989;1493;1788;2509
54539;965;986;1492;1777;2494
54579;961;984;1492;1734;2475
54619;955;983;1488;1718;2471
54659;949;983;1485;1684;2455
54699;947;982;1483;1672;2424
54729;943;980;1480;1659;2396
54769;941;979;1479;1662;2417
54809;937;978;1477;1650;2413
54849;934;977;1474;1643;2414
54879;932;977;1472;1628;2405
54919;930;976;1470;1629;2408
54959;929;976;1469;1617;2398
54999;927;976;1467;1615;2402
55029;925;976;1467;1612;2399
55069;922;972;1466;1604;2401
55109;920;969;1466;1600;2404
55149;917;968;1466;1595;2416
55179;916;965;1465;1588;2409
55219;915;963;1465;1593;2399
55259;914;962;1465;1591;2411
55299;912;961;1465;1589;2405
55329;910;960;1465;1582;2405
55369;909;960;1464;1586;2401
55409;909;959;1465;1563;2394
55449;909;960;1465;1542;2368
55479;909;960;1466;1539;2371
55519;907;960;1465;1530;2377
55559;906;960;1465;1531;2381
55609;904;960;1462;1528;2404
55649;903;959;1458;1530;2390
55709;903;958;1456;1533;2372
55749;903;958;1457;1538;2371
55779;902;958;1456;1541;2365
55819;902;959;1456;1544;2364
55859;902;958;1455;1544;2360
55899;902;957;1454;1547;2362
55929;902;957;1454;1551;2362
55969;902;957;1454;1549;2361
56009;903;958;1456;1549;2369
56049;902;957;1455;1544;2360
56079;903;958;1455;1544;2359
56119;902;958;1455;1543;2349
56149;902;958;1456;1542;2346
56189;902;958;1455;1544;2349
56229;902;958;1455;1545;2347
56269;903;958;1457;1547;2351
56339;903;960;1458;1547;2346
56379;902;959;1457;1544;2344
56419;902;958;1456;1549;2337
56459;903;958;1457;1558;2316
56499;903;958;1456;1561;2304
56529;903;959;1457;1567;2289
56569;902;958;1456;1595;2207
56609;902;958;1457;1637;2164
56649;902;958;1456;1660;2100
56679;902;958;1456;1682;2087
56719;902;958;1456;1728;2079
56759;901;958;1455;1800;2096
56799;902;959;1455;1860;2089
56829;902;959;1455;1906;2097
56869;902;959;1455;1954;2114
56909;902;959;1455;1998;2115
56949;902;959;1455;2025;2110
56979;904;959;1455;2044;2103
57019;908;959;1455;2076;2093
57059;912;960;1456;2090;2100
57099;916;960;1457;2115;2097
57129;921;959;1457;2118;2100
57169;924;959;1456;2150;2114
57209;929;959;1456;2156;2120
57249;935;960;1457;2173;2128
57279;937;959;1456;2174;2115
57319;944;960;1457;2181;2111
57359;953;959;1456;2178;2078
57399;957;959;1456;2176;2061
57429;961;959;1455;2187;2067
57469;969;959;1455;2198;2062
57509;976;960;1457;2194;2045
57549;979;959;1456;2196;2029
57579;981;960;1457;2203;2012
57619;988;959;1456;2201;2009
57659;996;959;1456;2207;2008
57699;1002;959;1457;2217;2016
57729;1009;959;1457;2218;1996
57769;1017;960;1458;2240;2002
57809;1022;960;1457;2247;1980
57849;1028;960;1460;2257;1988
57879;1032;960;1462;2263;1979
57919;1039;960;1464;2272;1984
57959;1046;959;1469;2274;1968
57999;1056;959;1474;2267;1963
58029;1065;960;1479;2279;1948
58069;1070;959;1482;2273;1944
58109;1074;959;1486;2278;1932
58149;1082;959;1489;2280;1922
58179;1091;959;1492;2289;1927
58219;1098;959;1495;2292;1929
58259;1105;959;1498;2299;1931
58299;1111;960;1504;2326;1933
58329;1115;959;1506;2344;1935
58369;1125;959;1508;2352;1996
58409;1131;959;1512;2341;1951
58449;1138;959;1516;2329;1923
58479;1146;959;1520;2341;1940
58519;1154;959;1523;2342;1929
58559;1164;960;1529;2347;1934
58599;1172;959;1532;2361;1921
58629;1178;959;1536;2359;1912
58679;1189;960;1541;2371;1926
58719;1197;959;1545;2355;1896
58779;1208;960;1551;2373;1913
58819;1220;961;1560;2379;1915
58859;1230;960;1564;2367;1905
58899;1234;959;1568;2343;1881
58929;1241;959;1574;2343;1880
58969;1245;959;1578;2351;1885
59009;1260;959;1584;2356;1894
59049;1269;959;1588;2353;1880
59079;1279;960;1591;2355;1878
59119;1290;959;1595;2335;1874
59159;1298;960;1602;2338;1864
59199;1304;960;1608;2341;1869
59229;1310;959;1614;2344;1856
59269;1320;959;1620;2358;1863
59309;1332;959;1623;2351;1862
59349;1336;959;1625;2360;1870
59379;1349;959;1627;2357;1874
59419;1360;959;1633;2372;1874
59459;1368;959;1637;2367;1864
59499;1377;959;1641;2361;1876
59529;1389;960;1652;2373;1893
59569;1398;959;1659;2365;1874
59609;1408;959;1663;2362;1875
59649;1415;960;1666;2370;1882
59679;1419;959;1670;2380;1891
59719;1435;959;1679;2387;1886
59759;1443;960;1685;2367;1870
59799;1456;960;1691;2380;1880
59829;1469;959;1693;2383;1881
59869;1475;960;1698;2385;1866
59909;1482;959;1701;2380;1876
59949;1493;959;1707;2371;1866
59979;1491;959;1710;2363;1857
60019;1501;959;1714;2389;1862
60059;1517;960;1718;2386;1865
60099;1530;959;1725;2379;1875
60129;1534;960;1730;2394;1877
60169;1569;959;1733;2386;1874
60209;1584;959;1734;2382;1877
60249;1614;959;1734;2402;1884
60279;1659;960;1735;2395;1890
60319;1683;960;1746;2409;1893
60359;1708;960;1750;2412;1892
60399;1725;959;1753;2427;1904
60429;1737;959;1756;2412;1904
60469;1732;958;1759;2443;1927
60489;1756;959;1761;2439;1940
60539;1767;959;1766;2457;1941
60579;1785;960;1771;2452;1939
60619;1795;959;1775;2459;1927
60659;1808;959;1780;2462;1927
60699;1820;960;1783;2477;1921
60729;1827;960;1787;2457;1910
60769;1837;959;1788;2481;1923
60809;1841;958;1790;2471;1903
60849;1852;958;1795;2447;1898
60879;1861;958;1800;2454;1884
60929;1876;958;1804;2460;1874
60969;1891;959;1811;2462;1874
61029;1895;960;1814;2470;1874
61069;1909;959;1815;2468;1865
61109;1919;960;1817;2476;1873
61149;1926;959;1816;2482;1873
61179;1935;959;1817;2478;1875
61209;1939;960;1818;2472;1871
61259;1949;960;1819;2480;1881
61299;1960;960;1821;2496;1878
61369;1969;961;1823;2475;1878
61409;1979;960;1822;2480;1871
61449;1991;958;1822;2460;1872
61479;2001;959;1823;2469;1867
61509;2006;961;1823;2462;1861
61549;2054;958;1825;2474;1866
61589;2097;957;1825;2468;1837
61629;2126;959;1826;2469;1826
61669;2144;960;1825;2471;1820
61709;2159;964;1824;2453;1820
61749;2172;965;1825;2451;1813
61779;2178;968;1824;2456;1808
61819;2188;974;1825;2438;1815
61849;2192;977;1825;2452;1806
61889;2197;979;1826;2454;1801
61929;2200;982;1825;2421;1794
61969;2210;984;1825;2415;1786
62009;2222;991;1826;2416;1777
62049;2230;996;1825;2416;1751
62079;2239;999;1827;2416;1747
62119;2246;1004;1826;2378;1731
62159;2253;1009;1825;2388;1734
62199;2256;1015;1825;2370;1731
62229;2260;1017;1825;2373;1721
62269;2263;1019;1826;2378;1721
62309;2269;1027;1825;2365;1730
62349;2276;1030;1825;2372;1713
62369;2282;1034;1827;2369;1717
62419;2287;1034;1826;2364;1715
62459;2290;1036;1827;2367;1707
62499;2297;1044;1826;2331;1715
62529;2301;1048;1827;2355;1707
62569;2306;1053;1827;2363;1701
62609;2312;1054;1827;2335;1703
62649;2317;1054;1825;2340;1683
62679;2323;1055;1826;2356;1686
62719;2327;1051;1826;2366;1691
62759;2326;1056;1825;2337;1697
62799;2328;1061;1827;2354;1698
62829;2328;1067;1825;2352;1693
62869;2329;1068;1826;2356;1702
62909;2328;1066;1825;2360;1705
62949;2326;1066;1825;2371;1710
62979;2326;1065;1825;2374;1704
63009;2327;1064;1825;2380;1689
63049;2332;1064;1825;2384;1699
63089;2333;1064;1825;2395;1695
63129;2335;1065;1826;2393;1689
63229;2345;1070;1825;2373;1680
63279;2351;1073;1824;2382;1681
63319;2356;1075;1825;2402;1684
63359;2357;1082;1824;2385;1688
63399;2358;1086;1824;2386;1669
63429;2358;1089;1824;2379;1667
63469;2359;1091;1824;2381;1675
63509;2362;1096;1826;2388;1682
63549;2361;1094;1825;2381;1683
63579;2362;1094;1826;2389;1684
63619;2361;1093;1825;2379;1680
63659;2362;1093;1825;2377;1678
63699;2361;1092;1825;2389;1670
63729;2361;1093;1825;2392;1654
63769;2365;1092;1825;2389;1665
63809;2369;1092;1826;2385;1656
63849;2374;1093;1827;2393;1656
63879;2376;1093;1825;2386;1651
63919;2379;1097;1825;2336;1671
63959;2383;1098;1825;2362;1651
63999;2385;1099;1825;2365;1657
64029;2388;1099;1826;2358;1661
64069;2389;1099;1825;2361;1659
64109;2391;1105;1827;2375;1669
64149;2391;1103;1827;2372;1662
64179;2390;1102;1828;2371;1664
64219;2389;1103;1828;2363;1663
64259;2388;1107;1827;2359;1662
64289;2388;1104;1828;2358;1666
64299;2389;1108;1828;2358;1665
64329;2388;1109;1827;2353;1663
64369;2390;1106;1828;2354;1666
64409;2391;1104;1828;2351;1665
64449;2389;1102;1826;2347;1660
64479;2388;1102;1826;2350;1662
64509;2390;1102;1827;2351;1665
64549;2390;1101;1828;2350;1660
64589;2389;1105;1827;2347;1657
64629;2391;1104;1828;2353;1661
64669;2388;1104;1827;2344;1658
64719;2387;1102;1826;2342;1657
64759;2388;1103;1828;2346;1663
64819;2390;1103;1829;2350;1665
64849;2388;1102;1827;2346;1660
64859;2388;1102;1828;2348;1662
64899;2389;1107;1828;2348;1663
64929;2388;1104;1827;2342;1660
64969;2388;1104;1828;2344;1662
65009;2389;1104;1829;2348;1664
65019;2389;1104;1829;2347;1666