
14165;1169;882;890;2496;2107
14235;1754;1323;1336;2505;2113
14265;2047;1544;1560;2504;2116
14275;2193;1655;1670;2498;2110
14315;2267;1709;1726;2506;2116
14325;2304;1737;1755;2506;2116
14355;2322;1750;1769;2505;2117
14385;2331;1757;1776;2508;2115
14405;2335;1761;1779;2502;2113
14425;2336;1761;1779;2502;2112
14465;2338;1763;1781;2506;2116
14505;2338;1762;1782;2505;2117
14535;2340;1763;1782;2502;2112
14575;2340;1763;1783;2501;2116
14615;2338;1762;1781;2498;2116
14655;2339;1764;1782;2507;2119
14685;2339;1763;1782;2506;2118
14725;2340;1764;1783;2506;2119
14765;2340;1764;1783;2506;2118
14805;2340;1764;1782;2503;2115
14835;2340;1764;1783;2508;2120
14875;2339;1763;1782;2507;2118
14915;2340;1764;1783;2511;2122
14955;2339;1763;1782;2509;2123
14985;2340;1764;1783;2507;2122
15025;2340;1763;1782;2507;2121
15065;2340;1764;1782;2504;2121
15105;2341;1765;1782;2509;2124
15135;2339;1763;1781;2504;2121
15175;2340;1764;1782;2508;2125
15215;2339;1763;1781;2506;2122
15255;2339;1764;1781;2507;2125
15285;2338;1763;1781;2505;2121
15325;2337;1762;1780;2490;2117
15365;2340;1763;1782;2461;2124
15405;2355;1774;1781;2422;2110
15435;2386;1798;1783;2388;2067
15475;2417;1826;1781;2343;2021
15515;2432;1847;1781;2338;2004
15555;2437;1858;1773;2356;2001
15585;2394;1864;1742;2408;2039
15625;2280;2013;1608;2960;2795
15665;2101;2109;1450;3083;2852
15705;1983;2160;1343;3235;2989
15735;1900;2182;1276;3293;3031
15775;1836;2196;1219;3357;3089
15815;1722;2199;1172;3322;3014
15855;1545;2041;1143;3456;3200
15885;1358;1840;1130;3521;3246
15925;1144;1581;1122;3524;3234
15965;961;1352;1154;3555;3226
16005;838;1201;1223;3565;3211
16035;745;1090;1290;3523;3132
16075;673;995;1342;3507;3118
16115;616;927;1393;3538;3138
16155;568;881;1441;3514;3114
16185;484;844;1470;3512;3103
16225;434;822;1493;3541;3114
16265;401;797;1504;3490;3065
16305;383;784;1511;3499;3073
16335;375;778;1515;3530;3096
16375;372;775;1505;3499;3086
16415;428;774;1473;3499;3075
16455;524;773;1455;3524;3088
16485;601;773;1448;3530;3106
16525;778;773;1540;3608;3201
16565;1016;808;1638;3818;3384
16605;1165;852;1690;3825;3380
16635;1308;944;1727;3822;3358
16675;1621;1146;1761;3887;3448
16715;1903;1319;1779;4095;3643
16755;2056;1424;1790;4095;4036
16785;2130;1489;1794;4095;4095
16825;2166;1517;1796;4095;4095
16855;2185;1532;1798;4095;4095
16905;2200;1540;1797;4095;4095
16935;2206;1545;1798;4095;4095
16975;2192;1547;1798;4095;4095
17015;1948;1548;1745;4095;4095
17055;1580;1494;1621;4095;4095
17085;1313;1413;1559;4095;4095
17125;1086;1275;1529;4095;4095
17165;931;1186;1512;4095;4095
17205;798;1090;1510;4095;4095
17235;697;1000;1513;4095;4095
17245;642;946;1520;4095;4095
17295;581;889;1564;4095;4095
17335;485;845;1596;4095;4095
17375;436;817;1613;4095;4095
17415;411;797;1626;4095;4095
17495;399;787;1632;4095;4095
17535;393;782;1637;4095;4095
17575;389;780;1615;4095;4095
17615;392;778;1545;4095;4095
17655;480;779;1502;4095;4095
17685;555;779;1479;4095;4095
17725;684;779;1485;4095;4095
17755;809;779;1516;4095;4095
17765;881;779;1536;4095;4095
17805;943;779;1559;4095;4095
17835;1009;778;1582;4095;4095
17875;1062;778;1602;4095;4095
17915;1158;779;1638;4095;4095
17955;1314;804;1685;4095;4095
17985;1425;843;1711;4095;4095
18025;1624;946;1724;4095;4095
18065;1905;1111;1733;4095;4095
18105;2053;1210;1740;4095;4095
18145;2125;1259;1742;4095;4095
18175;2163;1285;1744;4095;4095
18185;2182;1298;1746;4095;4095
18225;2194;1303;1746;4095;4095
18265;2194;1305;1746;4095;4095
18305;2073;1308;1747;4095;4095
18335;1940;1307;1746;4095;4095
18375;1680;1309;1709;4095;4095
18415;1429;1303;1625;4095;4095
18445;1265;1291;1563;4095;4095
18485;1128;1266;1507;4095;4095
18525;1009;1202;1469;4095;4095
18565;905;1148;1451;4095;4095
18605;810;1099;1441;4095;4095
18635;744;1054;1455;4095;4095
18675;676;985;1491;4095;4095
18715;620;928;1536;4095;4095
18755;545;876;1567;4095;4095
18785;469;837;1595;4095;4095
18825;420;797;1615;4095;4095
18865;394;776;1649;4095;4095
18905;381;766;1692;4095;4095
18985;371;761;1727;4095;4095
19025;366;759;1747;4095;4095
19065;362;757;1755;4095;4095
19105;363;757;1756;4095;4095
19145;363;757;1647;4095;4095
19185;373;757;1566;4095;4095
19225;470;757;1518;4095;4095
19265;570;757;1492;4095;4095
19305;690;757;1509;4095;4095
19335;796;757;1548;4095;4095
19375;911;756;1596;4095;4095
19415;1029;757;1647;4095;4095
19455;1168;756;1690;4095;4095
19485;1290;778;1717;4095;4095
19505;1400;820;1737;4095;4095
19555;1602;935;1751;4095;4095
19595;1781;1063;1758;4095;4095
19635;1887;1140;1762;4095;4095
19675;1947;1184;1766;4095;4095
19715;1975;1205;1767;4095;4095
19755;1988;1217;1768;4095;4095
19785;1962;1222;1767;4095;4095
19825;1867;1226;1767;4095;4095
19865;1578;1223;1753;4095;4043
19905;1300;1170;1691;4095;4057
19935;1125;1140;1658;4095;4051
19975;997;1116;1640;4095;4025
20015;900;1086;1633;4095;4033
20055;821;1062;1629;4095;4059
20085;750;1032;1627;4095;4077
20125;682;978;1626;4095;4091
20165;637;938;1640;4095;4095
20205;587;896;1661;4095;4095
20235;553;866;1677;4095;4095
20275;477;847;1690;4095;4095
20315;433;836;1696;4095;4095
20355;402;817;1698;4095;4095
20385;383;805;1701;4095;4095
20425;373;799;1701;4095;4095
20465;369;797;1703;4095;4095
20505;366;795;1670;4095;4095
20535;367;795;1619;4095;4095
20575;421;794;1564;4095;4076
20615;486;794;1520;4095;4094
20655;561;794;1498;4095;4094
20685;653;794;1494;4095;4095
20725;761;794;1539;4095;4095
20765;861;793;1585;4095;4095
20805;950;794;1620;4095;4095
20835;1027;794;1646;4095;4095
20875;1105;794;1674;4095;4095
20915;1243;817;1708;4095;4095
20955;1448;920;1731;4095;4095
20985;1655;1031;1747;4095;4095
21025;1804;1130;1756;4095;4095
21065;1899;1188;1763;4095;4095
21105;1966;1233;1766;4095;4095
21135;2067;1263;1766;4095;4095
21175;2127;1284;1768;4095;4095
21215;2155;1294;1768;4095;4095
21255;2172;1300;1769;4095;4095
21285;2175;1302;1769;4095;4095
21325;2152;1304;1770;4095;4095
21365;1988;1301;1770;4095;4095
21385;1866;1298;1770;4095;4074
21405;1688;1294;1769;4095;4053
21435;1552;1294;1757;4095;4051
21475;1404;1269;1739;4095;4006
21515;1240;1176;1731;4095;4000
21555;1109;1115;1727;4095;4005
21585;1012;1084;1725;4095;4025
21625;912;1052;1724;4095;4026
21665;827;1034;1718;4095;4016
21705;766;1023;1713;4095;4022
21735;717;1005;1708;4095;4018
21775;678;979;1706;4095;4027
21815;651;963;1703;4095;4035
21855;617;932;1701;4095;4039
21885;577;900;1701;4095;4061
21925;485;864;1696;4095;4048
21965;425;832;1683;4095;4076
22005;394;815;1675;4095;4079
22035;378;808;1674;4095;4095
22075;369;803;1671;4095;4093
22115;364;801;1670;4095;4094
22155;362;800;1670;4095;4086
22185;362;799;1660;4095;4066
22225;362;800;1636;4095;4042
22265;363;799;1566;4095;3994
22305;369;800;1504;4095;3997
22335;454;799;1469;4095;3974
22375;550;799;1452;4095;3989
22415;639;800;1456;4095;4028
22455;722;800;1484;4095;4018
22485;797;801;1521;4095;4016
22525;899;800;1580;4095;4011
22565;1001;800;1634;4095;4061
22605;1116;800;1678;4095;4024
22635;1273;841;1717;4095;4069
22675;1495;930;1744;4095;4069
22715;1682;1028;1758;4095;4073
22755;1846;1142;1767;4095;4082
22785;2024;1228;1770;4095;3907
22825;2148;1298;1774;4095;3791
22865;2270;1387;1776;4095;3394
22905;2343;1429;1777;4095;3309
22935;2383;1460;1780;4095;3297
22975;2402;1477;1780;4095;3305
23015;2414;1487;1784;4095;3350
23055;2415;1490;1785;4095;3426
23085;2342;1484;1788;4095;3724
23125;2084;1426;1790;4095;3782
23165;1736;1274;1789;4095;3827
23205;1452;1157;1789;4095;3846
23235;1247;1098;1774;4095;3810
23275;1087;1067;1743;4095;3822
23315;969;1044;1724;4095;3847
23355;873;1028;1714;4095;3862
23375;807;1017;1707;4095;3872
23385;767;1008;1704;4095;3877
23425;724;1004;1700;4095;3887
23465;680;976;1699;4095;3928
23505;638;939;1699;4095;3962
23535;600;905;1702;4095;3985
23575;546;867;1701;4095;4025
23615;464;828;1701;4095;4095
23655;417;794;1702;4095;4095
23685;393;776;1701;4095;4095
23725;378;770;1703;4095;4095
23765;371;766;1703;4095;4095
23805;368;765;1705;4095;4095
23835;367;764;1706;4095;4095
23875;365;765;1706;4095;4095
23915;364;764;1708;4095;4095
23955;366;763;1686;4095;4095
23985;368;763;1647;4095;4095
24025;445;763;1589;4095;4095
24065;504;764;1557;4095;4095
24105;555;763;1540;4095;4095
24135;603;763;1532;4095;4095
24175;678;763;1535;4095;4095
24215;754;763;1563;4095;4095
24255;824;764;1598;4095;4095
24285;880;764;1621;4095;4095
24325;933;765;1648;4095;4095
24365;988;764;1675;4095;4095
24405;1051;764;1697;4095;4095
24435;1100;765;1710;4095;4095
24475;1170;765;1723;4095;4095
24515;1257;798;1741;4095;4095
24555;1357;853;1751;4095;4095
24585;1537;945;1763;4095;4095
24625;1705;1045;1771;4095;4095
24665;1830;1138;1775;4095;4095
24705;1996;1216;1778;4095;4095
24735;2102;1269;1778;4095;4095
24775;2192;1323;1781;4095;3967
24815;2248;1357;1781;4095;3917
24855;2305;1400;1780;4095;3775
24885;2363;1446;1782;4095;3621
24925;2397;1456;1781;4095;3603
24965;2417;1470;1782;4095;3584
25005;2433;1497;1781;4095;3505
25035;2445;1524;1782;4095;3511
25075;2451;1538;1782;4095;3510
25115;2455;1544;1782;4095;3507
25155;2458;1551;1783;4065;3497
25185;2457;1553;1782;4026;3465
25225;2459;1557;1786;3954;3368
25315;2460;1559;1789;3873;3206
25355;2462;1559;1793;3862;3198
25385;2460;1558;1794;3845;3178
25425;2461;1559;1797;3841;3178
25465;2459;1558;1796;3803;3157
25505;2461;1559;1797;3812;3159
25535;2458;1558;1797;3828;3163
25575;2458;1558;1797;3843;3169
25615;2460;1559;1799;3875;3193
25635;2462;1559;1800;3880;3191
25655;2460;1558;1798;3875;3194
25685;2461;1559;1799;3890;3205
25695;2460;1559;1799;3891;3211
25725;2459;1558;1798;3884;3204
25745;2460;1559;1799;3877;3213
25775;2458;1557;1798;3824;3188
25785;2457;1557;1797;3824;3186
25805;2457;1557;1799;3824;3189