
28526;725;683;810;1840;1776
28536;1087;1024;1215;1845;1775
28556;1268;1195;1418;1847;1777
28596;1358;1281;1519;1830;1814
28616;1403;1324;1570;1814;1837
28636;1425;1345;1595;1813;1857
28676;1436;1356;1608;1814;1897
28706;1443;1361;1614;1806;1932
28746;1447;1363;1617;1781;1978
28776;1450;1365;1619;1782;2007
28786;1452;1367;1620;1782;2012
28826;1453;1365;1620;1792;2005
28856;1453;1351;1620;1800;2001
28896;1453;1334;1620;1812;1986
28936;1453;1328;1620;1825;1978
28976;1453;1324;1621;1820;1972
29006;1453;1323;1621;1831;1941
29046;1453;1327;1621;1836;1892
29086;1453;1331;1621;1843;1880
29126;1453;1334;1621;1835;1880
29156;1452;1336;1620;1837;1865
29196;1450;1336;1621;1847;1836
29236;1449;1337;1620;1856;1819
29276;1447;1338;1620;1871;1788
29306;1446;1352;1621;1874;1703
29346;1447;1365;1621;1879;1673
29386;1448;1372;1621;1875;1670
29426;1434;1376;1621;1875;1669
29456;1403;1369;1621;1868;1670
29496;1369;1354;1621;1857;1671
29536;1349;1327;1621;1847;1680
29576;1325;1332;1621;1831;1689
29606;1307;1327;1621;1825;1687
29646;1294;1327;1622;1825;1693
29686;1279;1324;1622;1821;1725
29726;1262;1319;1622;1820;1741
29756;1248;1315;1621;1817;1739
29796;1225;1310;1621;1818;1745
29836;1213;1304;1621;1820;1761
29876;1195;1287;1620;1830;1762
29906;1176;1278;1621;1830;1742
29946;1156;1270;1621;1846;1748
29986;1145;1266;1621;1857;1759
30026;1136;1262;1621;1851;1752
30056;1124;1257;1621;1848;1752
30096;1113;1242;1620;1857;1757
30136;1097;1238;1619;1856;1760
30176;1081;1229;1614;1834;1750
30206;1072;1225;1612;1817;1743
30246;1068;1223;1612;1811;1745
30286;1059;1147;1612;1838;1740
30326;1054;1141;1612;1796;1712
30356;1050;1129;1611;1766;1708
30396;1046;1164;1611;1801;1710
30436;1043;1183;1611;1807;1715
30476;1038;1195;1611;1812;1718
30506;1034;1202;1611;1812;1717
30546;1032;1204;1611;1810;1720
30586;1029;1203;1612;1808;1724
30626;1028;1202;1612;1795;1723
30656;1026;1200;1612;1798;1726
30696;1023;1194;1611;1802;1725
30736;1022;1188;1611;1804;1715
30776;1021;1186;1611;1801;1720
30806;1022;1186;1611;1805;1729
30846;1022;1186;1612;1801;1721
30886;1022;1186;1612;1802;1731
30926;1022;1186;1612;1809;1732
30956;1022;1186;1611;1816;1729
30996;1023;1186;1611;1827;1732
31036;1023;1186;1611;1816;1736
31076;1022;1185;1611;1810;1744
31106;1023;1186;1612;1809;1751
31146;1023;1187;1612;1797;1735
31186;1023;1187;1612;1803;1732
31226;1024;1188;1612;1829;1734
31256;1030;1189;1611;1817;1735
31296;1038;1192;1611;1822;1749
31336;1045;1197;1611;1819;1737
31376;1063;1200;1611;1829;1733
31406;1087;1091;1611;1857;1735
31446;1099;1139;1611;1873;1727
31486;1106;1165;1611;1830;1719
31526;1116;1177;1611;1843;1722
31556;1129;1021;1611;1872;1721
31596;1152;1103;1611;1874;1730
31636;1193;1162;1611;1871;1739
31676;1231;1197;1611;1889;1730
31706;1265;1214;1614;1900;1724
31746;1319;1235;1623;1912;1719
31786;1369;1254;1635;1935;1720
31826;1407;1264;1643;1918;1761
31856;1426;1280;1647;1899;1793
31896;1436;1295;1648;1875;1842
31936;1441;1302;1649;1879;1881
31976;1448;1307;1649;1858;2037
32006;1448;1310;1650;1867;2137
32046;1455;1312;1650;1861;2182
32086;1461;1310;1650;1844;2232
32126;1464;1306;1650;1857;2264
32156;1466;1289;1650;1870;2223
32196;1466;1280;1650;1885;2168
32236;1463;1276;1650;1897;2089
32276;1458;1275;1650;1892;2074
32306;1456;1275;1650;1888;2080
32346;1456;1276;1650;1876;2123
32386;1457;1276;1650;1877;2132
32426;1459;1276;1650;1871;2156
32456;1460;1276;1650;1876;2169
32496;1461;1276;1650;1875;2159
32536;1461;1275;1650;1876;2149
32576;1461;1276;1651;1864;2168
32606;1461;1277;1652;1856;2182
32646;1461;1277;1652;1868;2161
32686;1460;1278;1652;1881;2121
32726;1459;1277;1651;1881;2117
32756;1454;1275;1650;1877;2121
32796;1452;1275;1651;1877;2099
32836;1451;1280;1651;1873;2054
32876;1451;1288;1651;1872;2025
32906;1452;1294;1651;1874;2012
32946;1452;1297;1651;1881;2011
32986;1451;1299;1651;1875;2037
33026;1452;1300;1651;1881;2035
33056;1452;1300;1651;1889;2008
33096;1450;1301;1651;1897;1970
33206;1452;1312;1651;1905;1917
33246;1453;1318;1651;1895;1945
33286;1454;1323;1651;1877;1969
33326;1453;1330;1651;1882;1940
33356;1453;1335;1650;1891;1924
33396;1453;1349;1650;1896;1908
33436;1453;1362;1650;1906;1878
33476;1452;1378;1650;1940;1785
33506;1447;1388;1651;1932;1786
33546;1433;1393;1651;1919;1795
33586;1417;1395;1652;1893;1810
33626;1395;1384;1652;1887;1778
33656;1374;1381;1652;1897;1778
33696;1367;1372;1651;1934;1768
33736;1363;1368;1651;1955;1781
33776;1362;1366;1651;1961;1807
33806;1362;1365;1651;1996;1853
33836;1363;1364;1651;2034;1839
33846;1364;1364;1651;2038;1845
33886;1364;1365;1651;2039;1847
33926;1364;1364;1651;2018;1850
33956;1349;1364;1651;2003;1835
33996;1329;1352;1651;1980;1820
34036;1317;1318;1651;1991;1844
34076;1305;1326;1651;2061;1924
34106;1285;1325;1651;2211;2123
34146;1262;1315;1651;2247;2136
34186;1235;1301;1651;2264;2154
34226;1214;1293;1651;2239;2074
34256;1207;1283;1651;2233;2066
34296;1193;1275;1651;2230;2079
34336;1178;1273;1647;2147;2000
34366;1167;1271;1643;2138;2013
34376;1158;1270;1640;2139;2013
34406;1154;1269;1638;2137;2010
34446;1147;1267;1635;2115;2042
34486;1135;1261;1628;2125;2077
34526;1123;1253;1623;2123;2048
34556;1112;1247;1619;2188;2150
34596;1097;1242;1615;2169;2144
34636;1089;1239;1613;2206;2218
34676;1082;1235;1611;2224;2130
34706;1075;1223;1611;2209;2078
34746;1071;1215;1612;2202;2083
34786;1067;1175;1612;2198;2101
34826;1057;1190;1612;2187;2127
34856;1053;1198;1612;2170;2097
34886;1049;1202;1611;2218;2198
34896;1046;1205;1611;2204;2151
34936;1039;1201;1608;2142;2004
34976;1030;1193;1604;2159;2021
35006;1024;1189;1599;2130;1963
35046;1021;1186;1597;2135;1965
35086;1017;1180;1596;2055;1950
35126;1012;1179;1593;2024;1944
35156;1007;1178;1591;2102;1987
35196;1000;1178;1587;2114;1975
35236;990;1178;1584;2099;1936
35276;985;1177;1583;2139;1934
35306;983;1174;1582;2169;1886
35346;982;1168;1582;2136;1858
35386;982;1167;1582;2131;1882
35426;982;1167;1582;2144;1911
35456;981;1166;1582;2121;1892
35496;981;1165;1582;2112;1907
35536;980;1165;1582;2188;1954
35576;977;1163;1582;2107;1933
35606;973;1161;1581;2114;1895
35646;969;1158;1581;2149;1914
35686;967;1158;1581;2152;1917
35726;965;1156;1581;2116;1866
35756;963;1156;1581;2124;1870
35796;963;1156;1581;2158;1881
35836;962;1155;1580;2169;1878
35876;961;1155;1579;2158;1882
35906;961;1153;1579;2169;1885
35946;958;1148;1579;2184;1895
35986;954;1135;1578;2177;1890
36026;948;1128;1578;2187;1883
36056;945;1125;1577;2187;1881
36096;943;1124;1577;2216;1882
36136;942;1122;1576;2229;1888
36176;941;1128;1576;2198;1869
36206;941;1132;1577;2195;1855
36246;945;1134;1577;2390;2023
36286;947;1135;1577;2242;1910
36326;952;1135;1577;2158;1842
36356;954;1136;1577;2294;1938
36396;955;1137;1576;2232;1901
36436;956;1137;1576;2155;1861
36476;955;1136;1576;2245;1910
36506;955;1136;1576;2229;1914
36546;956;1136;1576;2226;1911
36586;958;1136;1576;2300;1944
36626;959;1136;1576;2289;1940
36656;961;1136;1576;2289;1939
36696;972;1136;1577;2276;1943
36736;999;1137;1576;2346;1992
36776;1034;1138;1576;2343;1973
36806;1054;1138;1576;2361;1970
36846;1078;1138;1576;2360;1989
36886;1127;1147;1577;2371;2087
36926;1162;1155;1583;2367;2087
36956;1197;1167;1597;2376;2042
36996;1281;1197;1614;2407;2023
37036;1368;1249;1629;2345;2155
37076;1409;1280;1637;2269;2294
37106;1429;1296;1640;2243;2394
37146;1442;1306;1642;2403;2373
37186;1641;1409;1657;2097;1808
37226;1766;1424;1665;2204;1831
37256;1829;1463;1670;2163;1831
37296;1860;1484;1672;2196;1826
37336;1859;1489;1673;2152;1812
37376;1849;1464;1676;2095;1791
37406;1845;1471;1678;2107;1810
37446;1845;1496;1679;2130;1819
37486;1851;1512;1679;2147;1827
37526;1849;1512;1679;2170;1824
37556;1836;1491;1680;2195;1822
37596;1829;1485;1680;2228;1829
37636;1826;1479;1679;2210;1824
37676;1823;1489;1680;2178;1819
37706;1824;1493;1680;2160;1814
37746;1823;1496;1680;2168;1814
37786;1822;1497;1680;2179;1815
37826;1822;1498;1680;2178;1815
37856;1794;1498;1680;2171;1814
37896;1753;1490;1680;2169;1829
37936;1610;1470;1680;2243;1935
37976;1508;1443;1680;2272;1963
38006;1432;1402;1678;2239;1951
38046;1373;1391;1670;2224;1968
38086;1326;1361;1662;2284;2079
38126;1292;1348;1658;2252;2064
38156;1269;1341;1656;2260;2072
38196;1251;1339;1649;2356;2179
38236;1228;1335;1640;2342;2182
38276;1211;1332;1634;2324;2169
38306;1201;1326;1630;2362;2213
38346;1181;1294;1628;2336;2168
38386;1157;1284;1626;2310;2120
38426;1138;1273;1623;2329;2163
38456;1117;1252;1618;2329;2187
38496;1092;1216;1615;2153;2010
38536;1077;1212;1614;2156;1927
38576;1067;1210;1613;2251;1989
38606;1056;1210;1612;2247;1975
38646;1039;1206;1608;2186;1976
38686;1029;1204;1606;2194;2008
38726;1013;1188;1598;2251;2031
38756;1005;1184;1594;2151;1939
38796;1002;1183;1592;2191;1948
38836;1000;1183;1591;2207;1966
38876;1008;1183;1591;2173;1892
38906;1039;1179;1591;2259;1922
38946;1119;1207;1591;2810;2480
38986;1241;1267;1591;2731;2321
39026;1359;1335;1600;2668;2284
39056;1426;1374;1606;2666;2329
39096;1518;1403;1612;2673;2299
39136;1564;1419;1617;2690;2310
39176;1589;1427;1620;2601;2290
39206;1602;1431;1623;2550;2262
39246;1601;1433;1624;2554;2290
39286;1600;1434;1624;2646;2431
39326;1597;1435;1625;2758;2589
39356;1594;1437;1625;2769;2594
39396;1561;1439;1625;2765;2539
39436;1547;1439;1625;2786;2556
39476;1540;1438;1625;2802;2563
39506;1536;1438;1625;2799;2507
39546;1535;1437;1625;2847;2574
39586;1535;1436;1625;2889;2613
39626;1534;1436;1625;2823;2571
39656;1535;1435;1625;2809;2574
39696;1535;1435;1625;2852;2571
39736;1536;1435;1625;2925;2569
39776;1534;1435;1625;2976;2596
39806;1531;1435;1625;3004;2625
39846;1532;1435;1625;2985;2597
39886;1535;1435;1625;2988;2617
39926;1537;1435;1625;2989;2587
39956;1538;1435;1625;2982;2579
39996;1539;1435;1625;2932;2550
40036;1539;1436;1625;2916;2553
40076;1575;1436;1625;2911;2567
40106;1592;1435;1625;2926;2569
40146;1599;1436;1625;2951;2556
40186;1597;1436;1625;2947;2543
40226;1597;1436;1625;2985;2592
40256;1596;1436;1625;2998;2586
40296;1601;1436;1625;3006;2593
40336;1604;1437;1625;2977;2546
40376;1606;1437;1625;2942;2552
40406;1607;1437;1625;2917;2539
40446;1607;1437;1625;2791;2432
40486;1609;1437;1625;2743;2429
40526;1610;1437;1625;2673;2387
40556;1611;1437;1625;2489;2218
40596;1611;1437;1625;2483;2248
40636;1611;1437;1625;2530;2285
40676;1611;1437;1625;2540;2275
40706;1611;1437;1625;2593;2295
40746;1611;1437;1625;2660;2309
40786;1608;1436;1625;2685;2338
40826;1605;1435;1625;2666;2326
40856;1603;1435;1625;2660;2341
40896;1603;1436;1625;2680;2351
40936;1604;1436;1625;2699;2360
40976;1601;1436;1625;2710;2373
41006;1592;1436;1625;2714;2370
41046;1591;1436;1625;2706;2365
41086;1593;1436;1625;2697;2371
41126;1592;1436;1625;2729;2384
41156;1592;1436;1625;2715;2375
41196;1591;1436;1625;2699;2381
41236;1589;1437;1625;2623;2340
41276;1592;1435;1625;2589;2305
41306;1597;1437;1625;2601;2344
41346;1602;1438;1625;2571;2337
41386;1606;1439;1625;2620;2363
41426;1601;1440;1625;2636;2350
41456;1600;1441;1625;2604;2333
41496;1603;1442;1625;2599;2315
41536;1604;1442;1625;2588;2298
41576;1603;1443;1625;2570;2263
41606;1602;1443;1625;2594;2268
41646;1603;1443;1625;2612;2279
41686;1600;1443;1625;2598;2273
41726;1600;1443;1625;2598;2272
41756;1600;1443;1625;2596;2270
41796;1601;1439;1626;2606;2277
41836;1596;1438;1625;2603;2283
41876;1593;1438;1626;2595;2285
41906;1589;1438;1626;2598;2289
41946;1588;1437;1626;2597;2287
41986;1589;1437;1626;2599;2284
42026;1589;1437;1626;2588;2276
42056;1596;1438;1626;2578;2258
42096;1601;1438;1626;2571;2253
42136;1602;1438;1626;2566;2249
42176;1601;1438;1626;2550;2248
42206;1600;1438;1626;2555;2248
42246;1597;1439;1625;2540;2251
42286;1593;1439;1625;2528;2250
42326;1595;1439;1625;2522;2247
42356;1596;1439;1625;2503;2245
42396;1595;1440;1625;2488;2234
42436;1594;1440;1625;2484;2228
42476;1599;1440;1625;2471;2217
42566;1594;1441;1625;2440;2205
42626;1589;1438;1625;2425;2198
42656;1587;1438;1625;2435;2189
42696;1571;1439;1626;2423;2188
42736;1553;1438;1626;2390;2170
42776;1547;1439;1626;2366;2145
42806;1568;1448;1626;2335;2106
42846;1590;1452;1626;2330;2095
42886;1588;1455;1626;2351;2093
42926;1603;1463;1626;2330;2094
42956;1666;1399;1626;2328;2093
42996;1692;1437;1626;2306;2073
43036;1705;1458;1626;2301;2042
43076;1711;1468;1626;2286;2008
43106;1711;1469;1626;2273;1999
43146;1714;1472;1626;2271;2007
43186;1710;1471;1626;2277;2020
43226;1714;1473;1625;2289;2023
43256;1714;1475;1626;2274;2026
43296;1612;1477;1626;2240;2010
43336;1532;1447;1625;2283;2086
43376;1425;1330;1625;2273;2135
43406;1332;1311;1624;2274;2130
43446;1270;1292;1624;2265;2116
43486;1234;1280;1624;2289;2116
43526;1211;1271;1624;2284;2120
43556;1193;1266;1624;2261;2116
43596;1182;1264;1624;2236;2119
43636;1166;1261;1625;2268;2151
43676;1153;1260;1625;2264;2141
43706;1142;1253;1625;2274;2135
43746;1129;1246;1624;2264;2167
43786;1116;1239;1621;2257;2146
43826;1099;1236;1618;2257;2178
43856;1088;1235;1615;2293;2206
43896;1080;1232;1614;2196;2058
43936;1068;1206;1613;2229;2066
43976;1056;1207;1612;2272;2098
44006;1043;1203;1604;2282;2116
44046;1034;1195;1599;2258;2086
44086;1025;1183;1595;2313;2160
44126;1014;1181;1589;2362;2202
44156;1006;1181;1585;2241;2087
44196;1000;1181;1583;2235;2089
44236;996;1182;1582;2268;2109
44276;990;1182;1581;2268;2107
44306;987;1182;1580;2247;2086
44346;983;1177;1579;2253;2095
44386;980;1172;1579;2256;2069
44426;979;1170;1579;2298;2086
44456;975;1167;1579;2275;2035
44496;973;1166;1579;2265;2029
44536;972;1166;1579;2282;2066
44576;972;1166;1579;2272;2058
44606;972;1165;1578;2259;2076
44646;971;1165;1578;2293;2101
44686;971;1166;1578;2301;2092
44726;973;1167;1578;2304;2108
44756;976;1165;1578;2321;2143
44796;980;1165;1579;2292;2131
44836;989;1172;1579;2293;2123
44876;1003;1173;1579;2324;2128
44906;1014;1176;1579;2346;2155
44946;1024;1178;1578;2328;2142
44986;1043;1175;1578;2308;2136
45026;1070;1183;1578;2325;2133
45056;1096;1189;1578;2336;2134
45096;1123;1191;1579;2326;2117
45136;1170;1188;1579;2335;2113
45176;1215;1205;1587;2337;2098
45206;1248;1216;1598;2339;2099
45246;1291;1224;1607;2345;2105
45286;1343;1242;1616;2362;2109
45326;1395;1261;1624;2326;2155
45356;1421;1278;1628;2335;2213
45396;1437;1308;1630;2275;2408
45476;1452;1325;1631;2305;2751
45506;1459;1334;1631;2282;2765
45546;1463;1339;1631;2271;2754
45586;1466;1340;1631;2311;2594
45626;1466;1338;1631;2315;2439
45656;1466;1338;1632;2295;2380
45696;1468;1339;1632;2231;2436
45736;1469;1342;1632;2186;2479
45776;1469;1343;1632;2248;2407
45806;1460;1344;1632;2286;2262
45846;1457;1345;1632;2311;2163
45886;1456;1345;1632;2310;2114
45926;1456;1345;1632;2285;2097
45956;1456;1345;1632;2294;2035
45996;1426;1340;1632;2259;2032
46036;1334;1298;1632;2231;2029
46076;1265;1217;1632;2268;2026
46106;1223;1210;1632;2280;2025
46146;1230;1218;1632;2316;2074
46186;1255;1236;1632;2301;2054
46226;1309;1272;1631;2295;2061
46256;1379;1316;1632;2206;2149
46296;1415;1344;1632;2154;2292
46336;1435;1359;1632;2183;2447
46376;1452;1362;1632;2231;2611
46406;1460;1362;1632;2249;2630
46446;1464;1356;1632;2307;2549
46486;1465;1347;1632;2343;2476
46526;1467;1342;1632;2277;2500
46556;1468;1340;1633;2261;2510
46596;1468;1339;1633;2280;2475
46636;1469;1348;1633;2279;2498
46676;1468;1355;1633;2263;2626
46706;1468;1360;1633;2296;2611
46746;1466;1368;1632;2380;2292
46786;1399;1372;1632;2284;2047
46826;1299;1313;1632;2256;2034
46856;1260;1289;1632;2243;2069
46896;1255;1291;1632;2239;2073
46936;1269;1293;1632;2264;2082
46976;1303;1308;1632;2275;2070
47006;1366;1339;1632;2286;2070
47046;1407;1363;1632;2192;2220
47086;1428;1370;1632;2169;2402
47126;1440;1368;1632;2180;2476
47156;1446;1373;1632;2205;2453
47196;1450;1369;1633;2213;2483
47236;1452;1367;1633;2248;2461
47276;1452;1366;1633;2275;2211
47306;1449;1373;1633;2329;2039
47346;1405;1367;1633;2312;2041
47386;1351;1351;1633;2316;2041
47426;1296;1335;1631;2289;2055
47456;1254;1317;1628;2282;2051
47496;1235;1308;1627;2272;2044
47536;1223;1298;1627;2259;2069
47576;1213;1285;1627;2235;2059
47606;1223;1291;1626;2245;2073
47646;1292;1335;1627;2293;2136
47686;1374;1381;1627;2261;2392
47726;1414;1400;1627;2246;2499
47756;1434;1404;1627;2263;2502
47796;1445;1399;1628;2306;2407
47836;1450;1389;1628;2259;2321
47876;1452;1381;1628;2260;2262
47906;1453;1381;1628;2272;2252
47946;1453;1377;1628;2290;2252
47986;1454;1382;1628;2270;2268
48026;1455;1385;1628;2278;2274
48056;1456;1387;1628;2297;2254
48096;1457;1387;1628;2292;2255
48136;1457;1392;1628;2262;2277
48176;1457;1394;1628;2272;2276
48206;1456;1396;1628;2264;2288
48246;1456;1425;1628;2258;2295
48286;1452;1465;1628;2318;2261
48326;1449;1482;1625;2400;2277
48356;1449;1503;1622;2463;2322
48396;1436;1514;1620;2493;2365
48436;1421;1518;1616;2462;2306
48476;1412;1520;1612;2448;2306
48506;1414;1553;1607;2444;2328
48546;1429;1585;1601;2420;2404
48586;1439;1605;1596;2416;2467
48626;1445;1617;1593;2391;2675
48656;1449;1623;1591;2342;2813
48696;1455;1562;1591;2373;3095
48736;1463;1573;1591;2369;3139
48776;1466;1546;1591;2366;3199
48806;1468;1531;1591;2352;3197
48846;1469;1509;1591;2381;3030
48886;1467;1501;1591;2368;2743
48926;1461;1499;1591;2366;2516
48956;1459;1509;1591;2344;2363
48996;1459;1550;1591;2363;2339
49036;1457;1574;1592;2394;2318
49076;1451;1596;1588;2438;2212
49116;1434;1607;1583;2383;2138
49186;1391;1612;1573;2403;2163
49226;1383;1615;1565;2361;2155
49256;1372;1617;1562;2369;2167
49296;1369;1618;1560;2398;2229
49336;1370;1619;1559;2390;2237
49376;1369;1619;1559;2399;2255
49406;1373;1619;1558;2428;2275
49446;1391;1618;1558;2380;2191
49486;1420;1623;1558;2338;2356
49526;1435;1609;1558;2316;2421
49556;1442;1597;1558;2336;2386
49596;1447;1585;1558;2283;2412
49636;1451;1580;1558;2283;2402
49676;1450;1578;1558;2330;2279
49706;1449;1580;1558;2326;2301
49746;1448;1584;1558;2358;2271
49786;1446;1591;1558;2370;2187
49816;1443;1595;1559;2351;2166
49856;1440;1601;1558;2353;2154
49896;1438;1614;1559;2396;2162
49936;1424;1621;1559;2417;2182
49976;1423;1627;1559;2442;2246
50006;1419;1632;1559;2520;2338
50046;1420;1635;1559;2516;2318
50086;1421;1636;1558;2463;2242
50126;1420;1637;1559;2477;2275
50166;1426;1642;1559;2464;2248
50196;1435;1645;1559;2386;2248
50236;1444;1626;1559;2321;2425
50276;1486;1613;1559;2287;2129
50316;1652;1656;1568;2220;1958
50346;1735;1669;1574;2219;1966
50386;1755;1658;1577;2229;1973
50426;1749;1649;1579;2236;1968
50456;1731;1644;1579;2225;1979
50496;1683;1629;1580;2247;1988
50536;1593;1627;1580;2287;2025
50576;1538;1621;1580;2334;2075
50606;1506;1619;1580;2323;2099
50646;1485;1623;1580;2325;2120
50686;1474;1625;1581;2312;2109
50726;1476;1637;1581;2346;2160
50756;1470;1644;1581;2344;2149
50796;1461;1648;1581;2338;2144
50836;1459;1649;1581;2357;2155
50876;1461;1651;1581;2369;2167
50906;1462;1653;1581;2351;2152
50946;1468;1656;1581;2387;2156
50986;1471;1660;1581;2374;2163
51026;1475;1663;1581;2366;2161
51056;1476;1664;1581;2363;2174
51096;1474;1665;1581;2333;2155
51136;1502;1665;1581;2266;2025
51176;1622;1673;1581;2245;1968
51216;1689;1685;1581;2242;1968
51256;1726;1692;1581;2242;1973
51296;1670;1688;1581;2255;1972
51326;1599;1684;1581;2273;1999
51366;1522;1676;1581;2309;2050
51396;1464;1661;1578;2328;2072
51436;1417;1638;1574;2312;2067
51476;1393;1622;1571;2296;2080
51516;1370;1624;1565;2388;2217
51556;1351;1625;1561;2362;2202
51596;1340;1616;1560;2410;2228
51626;1328;1605;1559;2455;2264
51656;1314;1602;1557;2442;2268
51696;1308;1599;1554;2452;2327
51736;1295;1585;1552;2415;2256
51776;1284;1575;1548;2407;2187
51816;1271;1542;1546;2427;2237
51856;1252;1527;1543;2416;2244
51896;1225;1508;1540;2340;2110
51926;1198;1484;1539;2326;2108
51966;1167;1450;1538;2287;2094
52006;1147;1427;1537;2244;2068
52046;1132;1415;1537;2260;2105
52076;1123;1399;1537;2262;2102
52116;1111;1383;1538;2285;2096
52156;1096;1367;1538;2348;2125
52196;1087;1352;1538;2338;2109
52226;1082;1344;1538;2337;2125
52266;1078;1340;1538;2338;2126
52296;1074;1328;1538;2349;2130
52336;1070;1322;1538;2369;2140
52376;1065;1320;1537;2378;2151
52416;1063;1320;1537;2367;2163
52446;1062;1321;1538;2382;2180
52486;1060;1323;1538;2382;2154
52526;1058;1325;1538;2371;2142
52556;1056;1326;1538;2402;2184
52596;1053;1327;1538;2366;2161
52636;1052;1327;1538;2370;2177
52676;1051;1324;1537;2378;2159
52706;1049;1321;1538;2374;2144
52746;1048;1319;1538;2392;2154
52786;1047;1314;1538;2392;2156
52826;1046;1312;1538;2395;2162
52856;1045;1310;1538;2400;2175
52896;1045;1309;1538;2418;2202
52936;1045;1309;1538;2400;2176
52976;1045;1314;1538;2420;2230
53006;1045;1320;1539;2454;2270
53046;1046;1322;1539;2401;2265
53086;1045;1325;1538;2388;2227
53126;1041;1318;1538;2392;2195
53156;1038;1311;1538;2379;2169
53196;1034;1308;1538;2393;2174
53236;1030;1304;1538;2382;2176
53276;1027;1300;1538;2382;2193
53306;1026;1298;1538;2397;2214
53346;1026;1298;1538;2367;2198
53386;1026;1298;1538;2385;2219
53426;1023;1283;1538;2375;2205
53456;1021;1272;1538;2375;2205
53496;1020;1274;1538;2407;2230
53536;1019;1276;1538;2389;2212
53576;1019;1277;1538;2399;2219
53606;1019;1278;1538;2411;2236
53646;1019;1280;1538;2378;2192
53656;1019;1280;1538;2378;2184
53696;1018;1281;1538;2400;2196
53736;1019;1279;1538;2406;2211
53796;1030;1287;1538;2423;2249
53836;1078;1306;1538;2522;2300
53876;1167;1335;1538;2553;2307
53906;1247;1356;1539;2561;2290
53946;1297;1359;1547;2534;2256
53986;1317;1343;1552;2568;2262
54026;1339;1336;1561;2616;2253
54056;1356;1331;1570;2558;2157
54096;1364;1319;1578;2574;2207
54136;1369;1312;1588;2593;2217
54176;1392;1310;1602;2600;2197
54206;1419;1314;1610;2604;2205
54246;1434;1316;1616;2638;2236
54286;1455;1318;1622;2633;2229
54326;1464;1320;1625;2605;2229
54356;1474;1322;1626;2635;2240
54396;1482;1323;1628;2646;2247
54436;1486;1327;1629;2649;2253
54476;1508;1335;1631;2563;2213
54506;1546;1356;1634;2530;2181
54546;1632;1377;1640;2538;2187
54586;1689;1402;1646;2525;2170
54626;1730;1422;1650;2520;2170
54656;1759;1433;1652;2542;2156
54696;1774;1439;1653;2549;2164
54736;1789;1442;1654;2524;2163
54776;1804;1444;1655;2563;2163
54816;1813;1445;1657;2549;2168
54856;1818;1446;1659;2543;2167
54896;1821;1446;1662;2574;2170
54926;1823;1446;1665;2576;2165
54966;1830;1447;1667;2570;2165
55006;1836;1447;1669;2590;2174
55046;1846;1447;1670;2590;2168
55076;1853;1447;1673;2605;2178
55116;1856;1447;1676;2593;2169
55156;1858;1447;1677;2591;2159
55196;1860;1447;1678;2601;2165
55226;1860;1448;1679;2621;2162
55266;1861;1448;1680;2626;2175
55306;1861;1448;1680;2619;2177
55346;1862;1447;1681;2648;2185
55376;1864;1447;1681;2628;2184
55416;1868;1446;1682;2637;2173
55456;1870;1446;1682;2627;2165
55496;1871;1446;1683;2614;2160
55526;1873;1447;1683;2612;2158
55566;1873;1447;1683;2585;2153
55606;1874;1447;1683;2577;2149
55646;1874;1447;1683;2563;2131
55676;1874;1447;1683;2567;2134
55716;1874;1446;1683;2553;2148
55756;1874;1446;1683;2546;2150
55796;1874;1446;1684;2550;2150
55826;1874;1445;1686;2529;2141
55866;1875;1444;1688;2500;2112
55906;1874;1444;1689;2505;2120
55946;1874;1444;1689;2520;2124
55976;1873;1444;1688;2517;2125
56016;1873;1444;1689;2520;2132
56056;1871;1444;1689;2517;2134
56096;1872;1444;1689;2495;2127
56126;1879;1444;1689;2436;2096
56166;1890;1445;1689;2396;2104
56206;1906;1446;1689;2336;2054
56246;1918;1447;1689;2338;2046
56276;1923;1447;1689;2332;2043
56316;1925;1444;1689;2339;2037
56356;1927;1446;1688;2359;2028
56396;1929;1447;1688;2358;2029
56426;1930;1449;1688;2347;2026
56466;1931;1449;1688;2351;2024
56506;1931;1449;1688;2360;2026
56546;1931;1450;1688;2350;2027
56576;1931;1457;1688;2356;2033
56616;1933;1461;1688;2358;2038
56656;1933;1463;1688;2353;2039
56696;1934;1464;1688;2362;2037
56726;1935;1464;1688;2352;2039
56766;1935;1464;1688;2344;2060
56806;1942;1471;1688;2347;2070
56846;1951;1449;1688;2349;2082
56876;1959;1471;1689;2344;2085
56916;1962;1487;1689;2335;2060
56956;1966;1500;1689;2359;2067
56996;1967;1508;1689;2332;2066
57026;1971;1516;1689;2334;2059
57066;1978;1525;1689;2367;2069
57106;1982;1531;1689;2364;2068
57146;1990;1529;1689;2377;2056
57176;2004;1563;1689;2372;2035
57216;2013;1571;1689;2367;2037
57256;2017;1581;1689;2371;2041
57296;2019;1587;1689;2357;2066
57326;2017;1590;1689;2340;2072
57366;2012;1595;1689;2321;2076
57406;2010;1597;1689;2335;2084
57446;2010;1598;1689;2317;2080
57476;2010;1598;1688;2331;2089
57516;2009;1600;1688;2342;2109
57556;2010;1601;1688;2336;2103
57596;2011;1597;1689;2337;2095
57626;2015;1590;1689;2353;2100
57666;2018;1587;1689;2360;2125
57706;2020;1586;1689;2362;2109
57746;2021;1585;1689;2375;2124
57776;2022;1584;1689;2364;2116
57816;2022;1584;1688;2361;2123
57856;2022;1585;1688;2361;2120
57896;2022;1585;1688;2364;2120
57926;2022;1585;1689;2362;2127
57966;2022;1585;1689;2361;2117
58006;2022;1586;1689;2367;2129
58046;2022;1591;1689;2366;2124
58076;2022;1595;1689;2368;2136
58116;2022;1596;1689;2375;2145
58156;2022;1597;1689;2383;2143
58196;2022;1598;1689;2383;2123
58226;2020;1598;1689;2379;2132
58266;2019;1599;1690;2379;2136
58306;2016;1599;1690;2387;2140
58346;2010;1600;1690;2367;2128
58376;2008;1601;1689;2363;2132
58416;2005;1599;1689;2371;2146
58456;2002;1599;1689;2366;2144
58496;2002;1599;1689;2362;2139
58526;2000;1599;1689;2361;2136
58566;1997;1599;1689;2359;2128
58606;1995;1600;1689;2354;2125
58646;1994;1600;1689;2366;2136
58676;1994;1598;1689;2374;2149
58716;1994;1594;1689;2370;2148
58756;1994;1592;1689;2379;2155
58796;1994;1591;1689;2374;2153
58826;1994;1590;1689;2368;2146
58866;1994;1590;1689;2370;2146
58906;1994;1590;1689;2362;2148
58946;1994;1588;1689;2360;2147
58976;1991;1579;1689;2365;2149
59016;1983;1558;1689;2326;2133
59056;1979;1550;1689;2330;2130
59096;1977;1546;1689;2337;2092
59126;1977;1545;1689;2343;2110
59166;1977;1545;1689;2341;2127
59206;1976;1545;1689;2351;2143
59246;1976;1544;1689;2354;2134
59276;1976;1544;1689;2342;2130
59316;1975;1544;1689;2331;2131
59356;1974;1503;1689;2322;2118
59396;1974;1516;1689;2317;2118
59426;1975;1522;1689;2328;2116
59466;1975;1525;1689;2335;2109
59506;1973;1525;1690;2333;2129
59546;1973;1524;1690;2342;2138
59576;1972;1525;1689;2351;2107
59606;1971;1526;1689;2330;2088
59646;1972;1526;1689;2323;2108
59686;1971;1526;1689;2324;2116
59726;1971;1517;1689;2325;2127
59756;1968;1522;1689;2317;2121
59796;1968;1519;1689;2323;2125
59836;1965;1521;1689;2338;2127
59876;1965;1512;1689;2337;2131
59906;1966;1509;1689;2364;2157
59946;1967;1506;1689;2336;2134
59986;1967;1508;1689;2329;2118
60026;1967;1511;1689;2330;2105
60056;1967;1513;1689;2314;2106
60096;1967;1512;1689;2307;2106
60136;1967;1514;1689;2310;2113
60176;1967;1515;1689;2313;2112
60206;1967;1516;1689;2314;2112
60246;1967;1515;1689;2325;2107
60286;1968;1514;1689;2323;2111
60326;1968;1514;1689;2325;2119
60356;1968;1515;1689;2331;2125
60396;1968;1516;1688;2328;2126
60436;1968;1517;1689;2327;2132
60476;1968;1518;1689;2330;2132
60506;1968;1518;1689;2334;2133
60546;1967;1519;1689;2333;2134
60586;1967;1518;1689;2334;2137
60626;1967;1515;1689;2337;2137
60656;1967;1513;1689;2339;2135
60696;1968;1513;1689;2340;2131
60736;1968;1515;1689;2338;2134
60776;1968;1516;1689;2342;2144
60806;1967;1516;1689;2338;2142
60846;1965;1517;1690;2344;2144
60886;1962;1522;1690;2346;2137
60926;1960;1524;1690;2341;2133
60956;1960;1526;1690;2336;2130
60996;1960;1527;1690;2337;2131
61036;1958;1526;1690;2336;2137
61076;1953;1526;1689;2343;2145
61106;1950;1526;1690;2348;2146
61146;1949;1526;1690;2338;2137
61186;1948;1526;1689;2339;2136
61226;1945;1518;1689;2333;2131
61256;1944;1516;1689;2328;2128
61296;1944;1515;1689;2322;2126
61336;1944;1515;1689;2305;2119
61376;1944;1515;1689;2309;2118
61406;1944;1514;1689;2309;2120
61446;1945;1514;1689;2312;2120
61486;1945;1514;1689;2308;2116
61526;1944;1514;1689;2311;2108
61556;1940;1515;1689;2305;2105
61596;1934;1516;1689;2302;2087
61636;1931;1516;1689;2303;2088
61676;1930;1519;1689;2312;2099
61706;1929;1519;1689;2308;2091
61746;1928;1520;1689;2305;2089
61786;1926;1520;1689;2293;2081
61826;1926;1520;1689;2290;2085
61856;1926;1521;1689;2289;2087
61896;1926;1521;1689;2297;2092
61936;1926;1522;1689;2309;2103
61976;1926;1522;1689;2316;2100
62006;1925;1522;1689;2308;2090
62046;1924;1522;1689;2301;2083
62086;1917;1522;1689;2296;2090
62126;1911;1518;1689;2298;2088
62156;1901;1515;1689;2306;2101
62196;1896;1510;1689;2322;2110
62236;1892;1510;1689;2288;2104
62276;1909;1526;1689;2290;2100
62306;1924;1547;1689;2296;2093
62346;1941;1558;1689;2286;2089
62386;1951;1563;1689;2272;2070
62426;1959;1565;1689;2246;2026
62456;1971;1566;1689;2186;2024
62496;1985;1567;1689;2091;1994
62536;1994;1568;1689;2089;1989
62576;1999;1568;1690;2116;1984
62606;1997;1569;1690;2147;1956
62646;1998;1568;1689;2125;1937
62686;1990;1555;1689;2074;1954
62726;1985;1551;1689;2084;1950
62756;1984;1550;1689;2070;1944
62796;1983;1550;1689;2069;1958
62836;1981;1546;1689;2051;1953
62876;1980;1539;1689;2036;1955
62906;1977;1526;1689;1921;1869
62946;1977;1518;1689;1880;1865
62986;1976;1513;1689;1836;1735
63026;1975;1512;1690;1842;1749
63066;1976;1512;1690;1803;1742
63106;1976;1512;1690;1817;1745
63146;1976;1512;1690;1832;1746
63176;1975;1512;1690;1832;1747
63216;1975;1512;1690;1843;1750
63256;1972;1515;1690;1848;1764
63296;1968;1519;1690;1837;1759
63326;1965;1521;1689;1831;1760
63366;1964;1523;1689;1852;1763
63406;1963;1524;1690;1854;1758
63446;1964;1520;1690;1879;1765
63476;1964;1520;1690;1884;1771
63516;1963;1515;1690;1881;1773
63556;1964;1513;1690;1877;1761
63596;1964;1512;1690;1875;1768
63626;1963;1510;1690;1862;1797
63666;1954;1513;1690;1842;1813
63706;1950;1514;1690;1842;1814
63746;1947;1514;1690;1845;1815
63776;1946;1509;1690;1852;1819
63816;1946;1508;1690;1864;1807
63856;1944;1510;1690;1867;1815
63896;1937;1511;1690;1865;1815
63926;1932;1512;1690;1856;1816
63966;1915;1512;1690;1846;1784
64006;1882;1514;1689;1869;1737
64046;1828;1502;1689;1863;1735
64076;1716;1454;1689;1857;1759
64116;1580;1456;1689;1877;1769
64156;1478;1438;1677;2164;2043
64196;1376;1407;1663;2131;2124
64226;1299;1377;1648;2083;2123
64266;1240;1357;1633;2086;2185
64306;1200;1347;1623;2089;2222
64346;1175;1342;1617;2092;2175
64376;1160;1336;1614;2108;2180
64416;1153;1329;1612;2126;2194
64456;1146;1325;1612;2134;2196
64496;1137;1314;1612;2157;2221
64526;1126;1308;1611;2148;2199
64566;1112;1294;1610;2163;2201
64606;1094;1283;1611;2148;2178
64646;1081;1277;1611;2143;2181
64676;1066;1269;1609;2153;2158
64716;1051;1259;1605;2125;2086
64746;1042;1256;1602;2141;2103
64786;1038;1256;1600;2147;2093
64826;1036;1255;1598;2178;2108
64866;1035;1255;1597;2198;2117
64906;1035;1255;1597;2226;2111
64946;1034;1255;1596;2252;2087
64976;1034;1255;1595;2239;2057
65016;1032;1254;1595;2297;2094
65056;1031;1254;1594;2287;2073
65096;1030;1254;1594;2297;2080
65126;1029;1253;1593;2300;2076
65166;1029;1253;1592;2296;2076
65206;1029;1253;1592;2320;2090
65246;1029;1253;1592;2328;2099
65276;1029;1254;1592;2325;2074
65316;1029;1254;1592;2343;2071
65356;1029;1255;1592;2360;2080
65396;1029;1255;1592;2390;2108
65456;1028;1253;1593;2391;2089
65496;1026;1249;1593;2408;2102
65526;1022;1244;1587;2350;1991
0;1020;1242;1584;2331;1979
40;1020;1242;1583;2313;1988
70;1020;1242;1582;2395;2098
110;1020;1242;1581;2374;2026
150;1020;1241;1581;2358;2009
190;1020;1239;1581;2383;2027
220;1019;1237;1581;2373;2029
260;1018;1235;1582;2380;2020
300;1018;1233;1582;2387;2024
340;1017;1231;1582;2392;2040
380;1013;1232;1582;2393;2040
420;1011;1235;1581;2378;2037
460;1011;1237;1580;2362;2072
490;1011;1238;1579;2379;2136
530;1023;1238;1579;2599;2408
570;1084;1247;1579;2965;2815
610;1222;1281;1584;3091;2879
640;1339;1320;1601;2983;3067
680;1397;1339;1609;2962;3048
720;1427;1348;1614;2829;3093
760;1441;1336;1616;2784;3118
790;1447;1321;1617;2850;3095
830;1451;1308;1617;2877;3144
870;1453;1296;1618;2865;3158
910;1454;1289;1618;2838;3155
940;1455;1285;1618;2843;3135
980;1456;1283;1619;2820;3116
1020;1455;1282;1619;2709;3143
1060;1456;1280;1619;2690;3140
1090;1456;1277;1619;2675;3115
1130;1456;1271;1619;2671;3136
1170;1456;1268;1619;2691;3158
1210;1456;1267;1619;2680;3182
1240;1457;1266;1619;2660;3175
1280;1457;1265;1619;2671;3115
1320;1457;1259;1620;2701;2994
1360;1453;1250;1620;2753;2912
1390;1451;1243;1619;2758;2899
1420;1453;1241;1619;2742;2938
1460;1454;1243;1619;2633;2971
1500;1454;1243;1619;2649;2987
1540;1455;1244;1619;2633;3011
1570;1455;1244;1619;2551;3141
1610;1455;1244;1619;2536;3376
1650;1454;1244;1619;2552;3434
1690;1454;1244;1618;2594;3422
1720;1455;1244;1619;2594;3391
1760;1455;1244;1619;2563;3410
1800;1455;1245;1619;2543;3451
1840;1456;1245;1619;2517;3509
1880;1456;1245;1624;2519;3629
1920;1456;1245;1626;2546;3628
1960;1457;1245;1628;2553;3462
1990;1457;1245;1628;2599;3346
2030;1458;1241;1628;2540;3128
2070;1458;1241;1628;2565;3072
2110;1458;1241;1628;2615;2973
2140;1457;1241;1629;2697;2845
2180;1455;1241;1629;2818;2811
2220;1454;1240;1629;2823;2648
2260;1452;1275;1629;2694;2567
2290;1430;1320;1629;2621;2473
2330;1405;1350;1629;2658;2628
2370;1391;1365;1628;2555;2501
2410;1399;1372;1629;2258;2082
2440;1426;1385;1630;2067;2109
2480;1440;1392;1630;2018;2380
2520;1447;1395;1630;2072;2571
2560;1454;1384;1630;2113;2896
2590;1459;1382;1630;2194;2866
2630;1462;1373;1630;2190;2818
2670;1463;1366;1630;2160;2742
2710;1456;1351;1629;2105;2383
2740;1454;1340;1630;2097;2113
2780;1450;1333;1631;2105;1958
2820;1408;1301;1631;2084;1920
2860;1397;1307;1631;2225;2004
2890;1426;1344;1631;2207;2186
2930;1440;1364;1630;2183;2331
2970;1447;1374;1629;2145;2450
3010;1449;1378;1629;2118;2363
3040;1450;1380;1630;2089;2298
3080;1451;1379;1630;2015;2288
3120;1449;1373;1630;2040;2096
3160;1446;1369;1631;2140;2064
3190;1446;1367;1631;2165;2108
3230;1446;1367;1631;2037;2139
3270;1451;1367;1631;2010;2357
3310;1454;1366;1631;2017;2407
3340;1456;1366;1631;2037;2314
3380;1452;1351;1631;2128;2148
3420;1387;1292;1631;2113;2007
3460;1311;1227;1631;2126;2094
3490;1278;1203;1631;2232;2096
3530;1364;1265;1630;1966;2429
3570;1407;1316;1630;1957;2226
3610;1428;1341;1630;2010;2392
3640;1440;1353;1630;2011;2400
3680;1446;1360;1631;2025;2345
3720;1446;1363;1631;1993;2206
3760;1446;1364;1631;1993;2232
3790;1446;1364;1630;1974;2304
3830;1448;1363;1630;1958;2408
3870;1450;1364;1631;1987;2398
3910;1449;1362;1631;2013;2273
3940;1449;1360;1631;2018;2282
3980;1449;1359;1631;2016;2317
4020;1449;1358;1631;2015;2340
4060;1449;1358;1631;2021;2377
4090;1450;1358;1631;2015;2434
4130;1451;1358;1631;2011;2417
4170;1451;1358;1631;2020;2371
4210;1451;1358;1631;2025;2408
4240;1451;1358;1631;2019;2418
4280;1451;1358;1631;2019;2422
4320;1450;1358;1631;2008;2500
4360;1450;1358;1631;2001;2517
4390;1450;1358;1631;1999;2535
4430;1450;1358;1631;2005;2543
4470;1450;1358;1631;2009;2481
4510;1449;1357;1631;2040;2187
4540;1425;1360;1631;2251;2133
4580;1346;1250;1631;2290;2180
4620;1298;1211;1631;2375;2201
4660;1330;1242;1631;2371;2205
4690;1367;1285;1631;2327;2137
4730;1412;1333;1631;2316;2132
4770;1435;1356;1631;2311;2120
4810;1444;1370;1631;2319;2084
4840;1420;1384;1632;2343;2093
4880;1391;1380;1632;2420;2159
4920;1378;1378;1632;2310;2094
4960;1397;1380;1632;2308;2132
4990;1425;1382;1632;2317;2205
5030;1439;1384;1632;2263;2224
5070;1445;1385;1631;2156;2267
5110;1448;1382;1631;2154;2276
5140;1450;1374;1631;2164;2231
5180;1449;1373;1631;2168;2119
5220;1449;1367;1631;2202;2174
5260;1450;1362;1631;2188;2228
5290;1450;1360;1631;2185;2222
5330;1450;1358;1632;2191;2205
5370;1451;1358;1632;2177;2174
5410;1450;1357;1632;2141;2155
5440;1450;1357;1632;2151;2157
5480;1450;1357;1632;2162;2176
5520;1449;1356;1632;2173;2171
5560;1451;1351;1631;2166;2167
5590;1452;1315;1632;2170;2171
5630;1454;1268;1631;2178;2178
5670;1455;1257;1631;2189;2172
5710;1454;1257;1631;2193;2180
5740;1454;1253;1632;2198;2189
5780;1454;1252;1631;2205;2198
5820;1454;1248;1632;2214;2212
5860;1454;1243;1632;2218;2217
5890;1454;1246;1632;2224;2220
5930;1454;1252;1632;2239;2211
5970;1454;1219;1633;2239;2189
6010;1454;1234;1633;2240;2199
6040;1454;1244;1632;2231;2216
6080;1454;1251;1632;2230;2236
6120;1454;1249;1632;2236;2235
6160;1454;1280;1632;2231;2219
6190;1454;1297;1632;2209;2221
6230;1454;1291;1632;2206;2218
6270;1455;1278;1632;2206;2211
6310;1455;1279;1632;2196;2189
6340;1455;1288;1632;2169;2207
6380;1452;1291;1632;2157;2179
6420;1462;1326;1632;2170;2086
6460;1473;1352;1632;2126;1929
6490;1481;1365;1632;2003;1886
6530;1485;1368;1632;2069;1849
6570;1488;1369;1632;1827;1734
6610;1491;1369;1632;2001;1987
6640;1484;1365;1631;2016;1957
6680;1448;1334;1631;2017;1918
6720;1403;1282;1631;1931;1781
6760;1370;1233;1631;1903;1761
6790;1354;1213;1631;1877;1778
6830;1348;1222;1631;1818;1719
6870;1355;1225;1631;1713;1647
6910;1358;1229;1632;1733;1711
6940;1359;1236;1631;1908;2120
6980;1361;1239;1631;1814;1895
7020;1363;1242;1631;1811;1666
7060;1364;1243;1631;1778;1677
7090;1365;1244;1631;1755;1677
7130;1365;1249;1631;1739;1688
7170;1364;1255;1632;1739;1699
7210;1367;1262;1632;1751;1729
7240;1371;1267;1631;1809;1920
7280;1380;1267;1631;1814;1795
7320;1396;1285;1631;1937;1912
7360;1403;1291;1631;2216;2387
7390;1409;1296;1631;2496;2713
7430;1413;1308;1631;1658;1637
7470;1415;1318;1631;1851;1687
7510;1417;1320;1632;2229;2467
7540;1417;1320;1631;2134;2318
7580;1417;1315;1631;1679;1714
7620;1415;1309;1631;1638;1745
7660;1415;1307;1631;1635;1788
7690;1416;1308;1632;1653;1809
7730;1416;1308;1632;1631;1764
7770;1413;1312;1632;3541;3674
7810;1411;1315;1632;4095;4009
7850;1410;1317;1632;3986;3850
7920;1409;1317;1632;3252;3367
7960;1409;1316;1632;2435;2305
7990;1410;1317;1632;2503;2290
8030;1410;1317;1632;2486;2249
8070;1410;1318;1633;2518;2301
8110;1409;1321;1633;2166;2155
8140;1409;1324;1633;2204;2182
8180;1408;1326;1632;2325;2237
8220;1408;1328;1632;2337;2281
8260;1408;1329;1632;2265;2206
8290;1408;1330;1632;2183;2141
8320;1408;1329;1632;2174;1969
8360;1407;1326;1632;2232;2001
8400;1412;1328;1632;2162;2230
8440;1415;1328;1632;2465;2713
8480;1417;1330;1632;2124;2295
8520;1418;1339;1632;1921;2038
8560;1417;1343;1632;1914;1968
8590;1417;1348;1633;1879;2015
8630;1417;1352;1633;1867;2030
8670;1418;1355;1633;1870;2044
8710;1419;1357;1633;1871;2040
8740;1418;1358;1632;1874;2019
8780;1417;1343;1632;1853;1935
8820;1418;1337;1632;1899;1972
8860;1419;1339;1632;2010;2011
8890;1419;1350;1632;2016;2104
8930;1418;1356;1632;2025;2101
8970;1418;1358;1632;1995;1840
9010;1419;1360;1632;1943;1814
9040;1419;1361;1632;1947;1808
9080;1419;1360;1632;1882;1742
9120;1419;1356;1632;1862;1738
9160;1419;1353;1631;1863;1759
9190;1419;1352;1632;1858;1762
9230;1419;1351;1632;1853;1747
9270;1418;1341;1632;1837;1740
9310;1418;1334;1632;1807;1722
9340;1418;1330;1631;1815;1748
9380;1415;1333;1631;1822;1752
9420;1425;1348;1632;1799;1831
9460;1438;1356;1631;1775;1928
9490;1446;1368;1631;1785;1913
9530;1451;1375;1632;1801;1921
9570;1452;1378;1632;1809;1989
9610;1451;1380;1632;1934;1897
9640;1530;1415;1632;1977;1992
9680;1629;1491;1632;2001;2004
9720;1707;1530;1632;1996;1927
9760;1783;1571;1632;1990;1923
9790;1841;1606;1632;1961;1882
9830;1884;1645;1633;1929;1908
9870;1920;1657;1633;1928;1936
9910;1936;1671;1633;1942;1951
9940;1944;1663;1634;1945;1962
9980;1950;1660;1636;1957;1961
10020;1957;1675;1637;1964;1961
10060;1961;1668;1638;1962;1979
10090;1963;1670;1639;1967;1972
10130;1962;1663;1639;1966;2021
10170;1940;1660;1639;1977;2101
10210;1918;1659;1639;1974;2081
10240;1886;1654;1639;1980;2086
10280;1852;1649;1639;1996;2093
10320;1730;1623;1639;1993;2065
10360;1564;1568;1635;1983;1985
10390;1450;1512;1630;1991;1965
10430;1386;1467;1625;1969;1916
10470;1353;1447;1623;1958;1905
10510;1375;1451;1622;1962;1897
10540;1412;1463;1620;1976;1914
10580;1512;1487;1620;1992;1919
10620;1701;1578;1621;1997;1923
10660;1815;1630;1626;1994;1907
10690;1889;1666;1631;1992;1913
10730;1926;1685;1635;1997;1902
10770;1947;1694;1638;1996;1914
10810;1958;1689;1641;1992;1931
10840;1964;1690;1644;2005;1941
10880;1968;1690;1646;1999;1940
10920;1974;1686;1649;2006;1948
10960;1979;1686;1652;2008;1975
10990;1988;1683;1654;2013;1979
11030;1995;1682;1655;2010;1992
11070;1998;1681;1656;2012;1995
11110;2000;1680;1656;2015;1994
11140;2001;1678;1656;2019;2007
11180;2002;1677;1656;2016;1985
11220;2002;1677;1656;2016;1973
11260;2002;1676;1656;2010;1970
11290;2004;1677;1657;2008;1942
11330;2014;1680;1657;1991;1946
11370;2020;1681;1657;1973;1909
11410;2086;1702;1657;1954;1902
11440;2126;1715;1657;1943;1906
11480;2146;1727;1656;1923;1923
11520;2155;1739;1656;1951;1875
11560;2160;1751;1656;1988;1872
11590;2164;1758;1656;1973;1920
11630;2161;1761;1657;1993;1922
11670;2155;1757;1656;1998;1898
11710;2151;1754;1656;1989;1926
11750;2145;1753;1656;1998;1899
11780;2136;1751;1655;1998;1900
11820;2071;1734;1655;1975;1949
11860;2039;1732;1655;1995;1933
11900;2023;1731;1656;2007;1905
11930;2015;1731;1656;2011;1894
11970;2010;1727;1656;2010;1912
12010;1997;1710;1656;2009;1927
12040;1989;1700;1656;2011;1938
12080;1980;1699;1656;2016;1936
12120;1951;1688;1656;2015;1917
12160;1862;1655;1656;2013;1904
12190;1688;1570;1656;2006;1856
12220;1550;1542;1652;1989;1860
12260;1411;1484;1631;1946;1863
12300;1302;1424;1620;1912;1853
12340;1219;1375;1610;1892;1849
12380;1166;1338;1604;1873;1838
12420;1134;1316;1599;1868;1821
12460;1117;1304;1594;1871;1826
12490;1100;1288;1593;1878;1831
12530;1084;1279;1588;1881;1819
12570;1068;1273;1585;1893;1803
12610;1051;1264;1582;1882;1809
12640;1039;1259;1581;1867;1820
12680;1027;1248;1580;1854;1817
12720;1016;1241;1578;1868;1822
12760;1006;1232;1577;1892;1874
12800;992;1218;1575;1916;1878
12830;984;1204;1573;1926;1841
12870;980;1197;1573;1903;1836
12910;978;1193;1573;1902;1841
12940;975;1186;1572;1876;1850
12980;973;1183;1571;1832;1843
13020;970;1182;1570;1823;1867
13060;966;1182;1567;1837;1855
13100;964;1183;1563;1862;1851
13130;964;1184;1560;1873;1880
13170;963;1185;1558;1862;1899
13210;962;1184;1557;1913;1941
13240;962;1184;1557;2137;2041
13270;962;1185;1557;2378;2253
13310;962;1185;1557;2522;2434
13350;962;1186;1557;2538;2456
13390;962;1186;1557;2536;2385
13430;962;1185;1557;2551;2374
13470;961;1183;1557;2488;2201
13510;961;1183;1558;2390;2122
13540;961;1182;1558;2398;2162
13580;961;1178;1558;2419;2197
13620;961;1177;1558;2409;2165
13660;961;1177;1558;2401;2181
13700;961;1176;1557;2286;2090
13730;961;1176;1557;2256;2078
13770;957;1173;1557;2249;2083
13810;955;1176;1557;2243;2084
13850;955;1178;1557;2255;2067
13880;953;1178;1557;2248;2072
13920;952;1179;1557;2246;2068
13960;950;1180;1556;2263;2059
13990;950;1180;1557;2270;2055
14030;953;1180;1557;2315;2013
14070;968;1181;1557;2336;2002
14110;1004;1182;1557;2337;2007
14140;1064;1182;1558;2310;2014
14180;1149;1189;1558;2303;2009
14220;1244;1219;1576;2304;2012
14260;1362;1279;1596;2335;2033
14290;1539;1353;1609;2338;2040
14330;1678;1434;1620;2313;2030
14370;1769;1486;1627;2314;2024
14410;1829;1537;1631;2323;2032
14450;1860;1562;1636;2339;2054
14480;1881;1575;1640;2348;2078
14520;1897;1581;1643;2362;2107
14560;1912;1584;1646;2364;2076
14590;1922;1585;1648;2356;2045
14620;1931;1589;1649;2343;2044
14660;1949;1594;1650;2323;2067
14700;1958;1593;1652;2275;2039
14740;1972;1611;1653;2244;2035
14780;1983;1619;1653;2238;2037
14820;1993;1623;1653;2228;2027
14860;2001;1626;1654;2209;2020
14890;2010;1627;1655;2213;2022
14930;2016;1628;1655;2235;2030
14970;2020;1628;1656;2208;2017
15010;2022;1627;1656;2175;1986
15040;2023;1648;1656;2175;1989
15080;2023;1668;1656;2131;1986
15120;2023;1678;1656;2095;1990
15160;2022;1684;1656;2079;1979
15190;2024;1686;1656;2057;1963
15230;2026;1686;1656;2041;1959
15270;2029;1686;1656;2095;1975
15310;2083;1685;1656;2107;1978
15340;2110;1682;1656;2099;1989
15380;2125;1681;1655;2095;1983
15420;2131;1680;1655;2114;2001
15460;2135;1680;1656;2122;2017
15490;2137;1680;1656;2137;2009
15520;2139;1679;1656;2143;2010
15560;2136;1677;1657;2153;2021
15600;2134;1677;1657;2171;2040
15640;2133;1677;1657;2169;2065
15670;2132;1677;1658;2159;2071
15710;2132;1677;1658;2163;2063
15750;2132;1678;1658;2175;2040
15790;2133;1678;1658;2226;2018
15830;2133;1677;1658;2235;2008
15870;2133;1674;1658;2223;2003
15910;2132;1672;1657;2223;1997
15940;2132;1671;1658;2214;1997
15980;2132;1670;1657;2221;2002
16020;2131;1670;1657;2256;1992
16060;2131;1670;1657;2235;2008
16090;2130;1670;1658;2236;1993
16130;2127;1670;1658;2273;1964
16170;2054;1670;1658;2276;1927
16210;2012;1670;1658;2259;1925
16240;1987;1671;1658;2248;1924
16280;1961;1671;1657;2256;1925
16320;1934;1666;1657;2262;1921
16360;1886;1638;1657;2256;1921
16390;1818;1613;1657;2238;1909
16430;1656;1564;1657;2212;1903
16470;1551;1539;1650;2184;1897
16510;1465;1528;1634;2572;2353
16540;1413;1520;1622;2569;2365
16580;1358;1477;1608;2532;2340
16620;1312;1477;1594;2556;2352
16660;1276;1478;1583;2582;2373
16690;1263;1479;1577;2572;2369
16730;1239;1474;1568;2571;2385
16770;1215;1451;1563;2564;2356
16810;1189;1431;1561;2583;2355
16840;1166;1405;1560;2569;2343
16880;1141;1385;1559;2479;2298
16920;1120;1361;1559;2436;2274
16960;1097;1332;1559;2467;2286
16990;1071;1303;1559;2436;2188
17020;1052;1286;1559;2444;2170
17060;1041;1272;1559;2465;2184
17100;1035;1264;1559;2454;2166
17140;1030;1259;1560;2457;2169
17180;1023;1247;1560;2426;2182
17220;1009;1222;1560;2372;2178
17260;1001;1208;1560;2359;2163
17290;992;1186;1559;2357;2173
17320;988;1160;1559;2356;2183
17360;985;1182;1559;2354;2193
17400;984;1194;1559;2356;2211
17440;984;1200;1559;2413;2254
17480;983;1193;1558;2361;2180
17520;982;1190;1557;2353;2184
17560;981;1190;1556;2374;2255
17590;981;1190;1555;2353;2192
17630;980;1191;1555;2360;2204
17670;980;1192;1555;2388;2231
17710;980;1192;1555;2392;2210
17740;980;1192;1555;2409;2219
17780;980;1194;1555;2414;2246
17820;980;1195;1555;2399;2223
17860;980;1196;1555;2427;2267
17890;980;1197;1555;2438;2251
17930;980;1197;1555;2414;2215
17970;980;1191;1555;2450;2233
18010;980;1190;1555;2461;2235
18040;980;1190;1555;2447;2221
18080;980;1190;1555;2464;2239
18120;980;1190;1555;2453;2210
18160;980;1194;1555;2466;2245
18190;979;1201;1555;2468;2247
18230;979;1206;1555;2469;2244
18270;978;1208;1555;2472;2258
18310;978;1209;1555;2473;2244
18340;979;1210;1555;2479;2248
18380;979;1211;1555;2484;2241
18420;980;1211;1555;2520;2268
18460;980;1211;1555;2526;2272
18490;979;1211;1555;2533;2258
18530;980;1210;1555;2553;2271
18570;981;1209;1555;2571;2286
18610;989;1209;1555;2543;2267
18640;993;1209;1555;2518;2263
18680;1000;1209;1555;2543;2324
18720;1008;1208;1555;2531;2298
18760;1028;1207;1556;2563;2329
18790;1056;1207;1556;2551;2326
18830;1090;1207;1556;2546;2317
18870;1135;1206;1556;2554;2288
18910;1208;1219;1556;2534;2191
18950;1327;1270;1584;2327;2444
18980;1388;1301;1598;2375;2394
19020;1417;1316;1606;2311;2436
19060;1432;1324;1610;2286;2407
19090;1440;1326;1611;2270;2347
19130;1444;1327;1611;2312;2332
19170;1448;1324;1612;2310;2393
19210;1450;1321;1612;2278;2372
19240;1488;1348;1620;2066;1900
19280;1569;1365;1624;2128;1934
19320;1674;1400;1628;2226;1915
19360;1747;1395;1631;2206;1914
19390;1796;1454;1633;2187;1925
19430;1831;1480;1634;2203;1933
19470;1863;1511;1635;2212;1931
19510;1884;1519;1636;2211;1929
19540;1896;1526;1637;2235;1928
19580;1903;1539;1638;2215;1958
19620;1913;1557;1638;2181;1936
19660;1925;1578;1639;2177;1918
19690;1945;1600;1639;2173;1912
19730;1974;1640;1640;2168;1873
19770;1990;1666;1640;2124;1835
19810;1998;1679;1641;2136;1855
19850;2003;1687;1642;2147;1884
19880;2006;1691;1642;2142;1884
19920;2008;1695;1642;2162;1829
19960;2014;1697;1642;2137;1799
19990;2018;1699;1642;2120;1792
20030;2023;1709;1642;2098;1790
20070;2027;1716;1642;2082;1812
20110;2082;1719;1642;2072;1848
20140;2110;1721;1643;2068;1870
20170;2124;1722;1642;2085;1855
20210;2130;1723;1643;2092;1877
20250;2133;1723;1643;2054;1909
20290;2134;1723;1642;2034;1923
20330;2143;1723;1642;2083;1879
20370;2146;1723;1642;2140;1839
20410;2153;1723;1643;2282;2088
20440;2156;1724;1644;2363;2404
20480;2158;1726;1645;2387;2528
20520;2159;1730;1646;2378;2495
20560;2157;1732;1646;2305;2344
20600;2156;1733;1646;2217;2169
20630;2155;1733;1646;2114;2045
20670;2153;1733;1646;2189;2070
20710;2151;1734;1645;2251;2134
20740;2150;1734;1646;2231;2132
20780;2149;1735;1646;2204;2114
20820;2148;1735;1647;2162;2093
20860;2147;1735;1647;2163;2026
20890;2148;1735;1646;2158;2021
20930;2147;1732;1646;2113;1938
20970;2150;1733;1646;2250;2110
21010;2152;1733;1646;2263;2104
21040;2144;1734;1647;2230;2148
21080;2061;1735;1646;2744;2751
21120;1995;1727;1646;2950;3092
21160;1938;1712;1646;3341;3490
21200;1847;1697;1646;3037;3170
21230;1695;1660;1639;2801;2822
21270;1592;1629;1629;2573;2514
21310;1521;1614;1620;2411;2326
21340;1470;1608;1605;2083;1948
21380;1414;1593;1592;1943;1796
21420;1360;1564;1582;2103;2047
21460;1332;1549;1573;2219;2243
21500;1302;1532;1566;1957;1867
21530;1270;1518;1561;1914;1798
21570;1250;1428;1557;1901;1771
21610;1225;1452;1550;1898;1752
21650;1202;1437;1545;1927;1741
21680;1187;1432;1540;1935;1757
21720;1170;1426;1537;1939;1769
21760;1148;1400;1535;1957;1788
21800;1123;1369;1534;1964;1841
21830;1101;1348;1533;1951;1912
21870;1088;1329;1533;2025;2099
21910;1077;1316;1532;2025;2180
21950;1065;1293;1532;2029;2154
22030;1051;1283;1532;2041;2208
22070;1045;1278;1532;2028;2172
22110;1039;1272;1532;2032;2143
22190;1034;1265;1532;2000;2096
22230;1030;1261;1531;1988;2085
22270;1028;1259;1531;1987;2088
22310;1028;1258;1531;1949;1994
22350;1028;1258;1531;1836;1907
22380;1028;1258;1531;1843;1944
22420;1028;1259;1532;1892;2062
22460;1028;1260;1532;1908;2072
22500;1028;1261;1532;1907;2033
22530;1028;1260;1532;1951;2020
22570;1027;1258;1531;1920;1904
22610;1026;1257;1531;1889;1880
22650;1025;1256;1531;1990;2041
22680;1025;1256;1532;2031;2166
22710;1024;1256;1531;2096;2247
22750;1024;1256;1531;2002;2024
22790;1025;1256;1531;1891;1801
22830;1025;1256;1532;1908;1869
22870;1024;1256;1532;1913;1839
22910;1024;1256;1532;1908;1804
22950;1025;1258;1531;1906;1801
22980;1026;1261;1532;1917;1753
23020;1026;1261;1532;1932;1702
23060;1026;1265;1532;1945;1711
23100;1027;1267;1532;1932;1719
23130;1027;1268;1531;1924;1745
23170;1026;1269;1531;1920;1776
23210;1026;1269;1531;1924;1789
23250;1025;1267;1531;1918;1807
23280;1025;1263;1532;1906;1826
23320;1024;1259;1533;1893;1878
23360;1023;1258;1533;1884;1972
23400;1022;1259;1533;1874;1953
23430;1021;1260;1532;1881;1928
23470;1021;1260;1532;1885;1882
23510;1021;1260;1532;1860;1877
23550;1021;1260;1532;1852;1930
23580;1022;1260;1532;1853;1932
23620;1023;1260;1532;1852;1831
23660;1023;1260;1532;1869;1792
23700;1023;1261;1532;1877;1803
23730;1023;1259;1532;1879;1813
23770;1024;1259;1532;1880;1838
23810;1025;1260;1531;1886;1800
23850;1024;1260;1531;1886;1792
23880;1025;1260;1532;1881;1799
23920;1025;1261;1532;1872;1834
23960;1025;1261;1532;1871;1833
24000;1025;1261;1532;1875;1807
24030;1025;1261;1532;1878;1791
24070;1025;1261;1532;1879;1783
24110;1026;1261;1532;1887;1777
24150;1025;1259;1531;1890;1774
24180;1025;1259;1532;1891;1775
24220;1025;1259;1532;1882;1787
24260;1026;1259;1533;1888;1814
24300;1027;1259;1533;1889;1826
24330;1027;1259;1532;1901;1817
24370;1027;1258;1531;1906;1767
24410;1028;1258;1531;1891;1739
24450;1031;1258;1531;1843;1761
24480;1034;1259;1532;1846;1789
24510;1035;1260;1531;1868;1810
24550;1036;1260;1531;1912;1803
24560;1037;1260;1531;1913;1799
24600;1039;1261;1532;1882;1817
24640;1041;1263;1532;1848;1851
24670;1044;1265;1532;1834;1864
24710;1047;1266;1531;1841;1861
24750;1050;1267;1531;1857;1847
24790;1057;1268;1531;1870;1811
24820;1064;1268;1532;1857;1803
24860;1069;1269;1532;1841;1826
24900;1075;1268;1531;1839;1856
24940;1078;1267;1532;1847;1861
24970;1080;1265;1532;1859;1856
25010;1080;1265;1532;1865;1861
25050;1080;1265;1532;1863;1875
25090;1081;1265;1531;1865;1877
25120;1082;1266;1532;1868;1873
25160;1083;1266;1532;1871;1862
25200;1083;1267;1532;1873;1853
25240;1082;1267;1532;1873;1847
25270;1090;1268;1531;1872;1847
25310;1109;1270;1530;1855;1820
25350;1144;1272;1531;1839;1788
25390;1225;1284;1541;1829;1811
25420;1326;1324;1566;1832;1830
25460;1425;1371;1590;1837;1852
25500;1595;1398;1603;1845;1873
25540;1706;1455;1613;1843;1952
25570;1771;1487;1618;1848;1971
25610;1807;1503;1622;1891;1918
25650;1836;1511;1625;1905;2078
25690;1863;1517;1627;2623;3231
25720;1878;1521;1630;3160;3871
25760;1887;1524;1632;3469;4095
25800;1907;1524;1633;3475;4095
25840;1920;1546;1635;3721;4095
25870;1927;1557;1635;3727;4095
25910;1926;1563;1636;3698;4095
25950;1942;1575;1637;3615;4095
25990;1952;1583;1638;3375;3893
26020;1957;1586;1640;3220;3735
26060;1959;1579;1642;3382;3889
26100;1959;1576;1643;3388;3993
26140;1958;1574;1644;3224;3740
26170;1957;1573;1644;3065;3481
26210;1957;1572;1644;3103;3514
26250;1958;1572;1644;2865;3190
26290;1956;1572;1644;2672;2974
26320;1955;1573;1645;2687;3013
26360;1955;1574;1646;2685;3030
26400;1952;1576;1647;2664;3006
26440;1949;1578;1647;2659;2963
26470;1948;1582;1647;2616;2929
26510;1946;1586;1647;2569;2859
26550;1946;1591;1647;2536;2748
26560;1946;1594;1648;2517;2729
26600;1947;1596;1648;2409;2618
26680;1947;1598;1648;2460;2632
26720;1946;1599;1648;2530;2700
26800;1947;1599;1648;2480;2596
26840;1947;1591;1648;2324;2426
26880;1952;1602;1648;1954;2119
26920;1954;1607;1648;2076;2268
26960;1958;1611;1648;2098;2342
27000;1960;1613;1648;2108;2265
27040;1961;1614;1648;2104;2175
27070;1962;1614;1648;2121;2176
27110;1962;1614;1648;2117;2166
27150;1962;1614;1648;2121;2231
27190;1961;1613;1648;2131;2274
27220;1961;1613;1649;2180;2313
27260;1961;1613;1649;2195;2373
27300;1961;1613;1649;2205;2369
27340;1961;1613;1649;2203;2406
27370;1961;1614;1649;2238;2564
27410;1961;1616;1649;2258;2648
27450;1961;1620;1649;2254;2698
27490;1961;1623;1649;2265;2724
27520;1961;1625;1649;2247;2745
27560;1961;1627;1649;2212;2778
27600;1962;1628;1649;2207;2751
27640;1963;1628;1649;2226;2751
27670;1962;1629;1649;2286;2796
27710;1961;1629;1648;2324;2879
27750;1960;1629;1648;2392;3053
27790;1955;1609;1648;1764;2100
27820;1953;1603;1650;1797;1967
27860;1953;1601;1650;1792;1917
27900;1955;1600;1650;1805;1866
27940;1956;1595;1650;1808;1793
27970;1954;1594;1650;1795;1828
28010;1952;1602;1650;1787;1897
28050;1950;1608;1650;1784;1854
28090;1954;1608;1650;1808;1796
28120;1958;1609;1650;1809;1800
28160;1959;1615;1650;1817;1831
28200;1959;1619;1650;1817;1829
28240;1960;1621;1650;1812;1876
28270;1960;1623;1651;1802;1886
28310;1960;1624;1651;1786;1856
28350;1961;1625;1651;1785;1767
28390;1962;1625;1651;1794;1763
28420;1963;1626;1651;1799;1755
28460;1964;1626;1651;1799;1765
28500;1964;1626;1651;1804;1757
28540;1964;1626;1651;1812;1761
28550;1964;1626;1651;1815;1758
28613;1963;1627;1652;1819;1768
28623;1964;1627;1652;1816;1767
28643;1964;1627;1653;1818;1764
28663;1964;1627;1652;1822;1759