
48107;603;473;827;2628;1844
48187;904;710;1240;2632;1848
48217;1055;829;1447;2636;1850
48227;1130;888;1551;2635;1851
48267;1168;917;1602;2629;1845
48287;1187;932;1628;2629;1848
48297;1196;939;1641;2632;1848
48337;1201;943;1648;2631;1849
48357;1204;945;1652;2636;1852
48377;1205;946;1653;2633;1847
48417;1205;946;1654;2633;1845
48447;1205;946;1654;2635;1847
48487;1205;946;1654;2641;1849
48527;1206;946;1654;2639;1850
48567;1206;946;1654;2637;1840
48587;1206;946;1654;2635;1847
48597;1206;946;1654;2633;1846
48637;1206;946;1654;2634;1845
48657;1207;947;1654;2634;1844
48677;1206;947;1654;2627;1839
48717;1206;947;1654;2621;1842
48737;1206;947;1654;2617;1842
48747;1206;947;1654;2613;1843
48787;1206;947;1655;2602;1855
48817;1206;947;1656;2601;1857
48827;1206;947;1655;2605;1860
48867;1206;947;1655;2605;1862
48897;1206;947;1655;2608;1861
48937;1206;947;1655;2611;1861
48947;1206;947;1655;2609;1861
48977;1206;947;1655;2612;1859
49017;1206;947;1655;2608;1860
49037;1206;947;1655;2605;1860
49047;1206;947;1655;2606;1861
49087;1206;947;1655;2605;1859
49107;1206;947;1656;2609;1862
49127;1206;947;1656;2605;1860
49167;1206;947;1656;2611;1861
49187;1206;947;1656;2613;1863
49197;1206;947;1656;2614;1863
49237;1206;947;1656;2619;1861
49247;1206;947;1656;2617;1862
49277;1207;947;1656;2618;1862
49317;1207;947;1656;2617;1865
49337;1206;947;1656;2619;1863
49347;1207;947;1657;2620;1865
49387;1206;947;1657;2615;1868
49407;1207;947;1658;2617;1870
49427;1207;947;1657;2613;1868
49467;1207;947;1657;2604;1863
49487;1207;947;1657;2604;1861
49497;1208;947;1657;2602;1861
49537;1208;947;1657;2596;1861
49577;1207;947;1658;2589;1857
49617;1207;947;1658;2601;1859
49647;1207;947;1658;2607;1859
49687;1207;947;1658;2604;1855
49727;1207;947;1658;2590;1838
49767;1208;947;1658;2589;1836
49797;1208;947;1658;2590;1842
49837;1208;947;1658;2591;1841
49877;1208;947;1658;2591;1845
49917;1208;948;1658;2600;1855
49947;1208;948;1658;2613;1862
49987;1209;948;1659;2617;1866
50027;1209;948;1660;2619;1864
50067;1209;948;1660;2622;1869
50097;1209;948;1660;2622;1868
50137;1209;948;1660;2620;1866
50177;1209;948;1660;2617;1864
50217;1209;948;1661;2618;1865
50247;1209;948;1660;2619;1864
50287;1209;948;1660;2616;1864
50327;1209;948;1660;2609;1858
50367;1209;948;1660;2611;1861
50397;1209;948;1660;2609;1856
50437;1209;948;1660;2600;1856
50457;1209;948;1661;2601;1853
50477;1209;948;1661;2596;1842
50517;1210;948;1661;2597;1842
50537;1210;948;1661;2598;1843
50547;1210;948;1661;2597;1843
50587;1210;948;1661;2592;1843
50597;1210;949;1661;2593;1842
50627;1210;949;1661;2594;1843
50667;1210;949;1661;2593;1845
50687;1210;949;1661;2596;1850
50697;1210;950;1661;2597;1853
50737;1210;950;1661;2596;1856
50777;1210;950;1661;2602;1857
50817;1210;950;1661;2604;1858
50847;1210;950;1662;2607;1858
50887;1210;949;1662;2610;1858
50927;1210;949;1662;2606;1856
50967;1210;949;1662;2606;1855
50997;1211;949;1662;2604;1853
51037;1211;950;1662;2603;1856
51077;1211;950;1662;2604;1851
51117;1211;950;1662;2609;1853
51147;1211;950;1662;2612;1854
51187;1211;950;1662;2615;1855
51227;1211;950;1663;2615;1855
51267;1211;950;1663;2618;1855
51297;1212;950;1663;2623;1858
51337;1212;951;1663;2626;1859
51377;1212;951;1663;2628;1858
51417;1212;951;1662;2629;1858
51447;1211;951;1662;2628;1857
51487;1211;951;1662;2630;1859
51527;1212;951;1663;2630;1858
51567;1212;951;1663;2629;1858
51597;1212;951;1663;2626;1857
51637;1212;951;1663;2624;1857
51677;1212;951;1663;2623;1857
51717;1212;951;1663;2622;1854
51747;1212;951;1663;2619;1856
51787;1212;951;1663;2617;1853
51827;1212;951;1663;2613;1852
51867;1212;951;1663;2615;1854
51897;1212;951;1663;2615;1855
51937;1212;951;1663;2616;1855
51977;1212;951;1663;2616;1858
52017;1212;951;1663;2618;1858
52047;1212;951;1663;2620;1858
52087;1212;951;1663;2622;1856
52127;1212;951;1663;2623;1859
52167;1212;951;1663;2623;1861
52197;1212;951;1663;2625;1862
52237;1212;951;1663;2623;1864
52277;1212;951;1663;2624;1864
52317;1212;951;1663;2628;1867
52347;1212;951;1663;2633;1870
52387;1212;951;1663;2634;1871
52427;1212;951;1663;2635;1874
52467;1212;951;1663;2634;1875
52497;1212;951;1663;2634;1876
52537;1213;952;1663;2634;1877
52577;1213;952;1662;2635;1878
52617;1213;952;1662;2636;1877
52647;1212;952;1662;2633;1878
52687;1212;952;1662;2635;1878
52727;1212;952;1662;2636;1879
52767;1212;952;1662;2635;1877
52797;1212;952;1662;2636;1878
52837;1212;952;1662;2637;1878
52877;1212;952;1662;2633;1875
52917;1212;952;1661;2633;1876
52947;1212;952;1662;2632;1878
52987;1212;952;1662;2634;1876
53027;1212;952;1662;2631;1877
53067;1211;952;1662;2634;1876
53097;1211;951;1661;2632;1875
53137;1212;951;1662;2631;1877
53177;1212;951;1662;2631;1875
53217;1212;951;1661;2630;1877
53247;1212;952;1661;2630;1876
53287;1211;952;1662;2630;1877
53327;1211;952;1662;2631;1876
53367;1211;952;1662;2630;1876
53397;1212;952;1662;2627;1876
53437;1212;952;1662;2624;1876
53477;1212;952;1662;2623;1875
53517;1212;951;1662;2622;1875
53547;1211;951;1661;2620;1875
53577;1211;951;1661;2621;1875
53627;1211;951;1661;2619;1876
53667;1211;951;1661;2618;1874
53697;1211;951;1661;2618;1875
53737;1211;952;1661;2618;1876
53777;1211;952;1661;2620;1874
53817;1211;952;1660;2619;1876
53847;1211;952;1661;2621;1876
53887;1211;951;1661;2622;1875
53927;1212;952;1661;2622;1874
53957;1212;952;1660;2622;1873
53967;1212;952;1661;2622;1873
53997;1211;952;1661;2623;1874
54037;1211;952;1660;2625;1873
54077;1211;952;1661;2630;1873
54117;1211;952;1660;2631;1874
54147;1211;952;1660;2631;1873
54187;1211;952;1660;2633;1876
54227;1211;951;1660;2636;1877
54267;1211;951;1660;2639;1879
54297;1211;951;1660;2642;1879
54337;1211;951;1660;2643;1878
54377;1211;951;1660;2642;1881
54417;1211;951;1660;2649;1882
54447;1211;951;1659;2647;1881
54487;1211;951;1659;2651;1881
54527;1211;951;1659;2651;1881
54567;1211;951;1659;2649;1882
54597;1211;951;1659;2645;1885
54637;1211;951;1659;2644;1881
54677;1211;951;1659;2644;1882
54717;1211;951;1659;2652;1882
54747;1211;951;1659;2660;1882
54787;1211;951;1659;2661;1882
54827;1210;951;1659;2661;1881
54867;1210;951;1659;2661;1883
54897;1210;950;1659;2661;1883
54937;1210;950;1659;2661;1881
54977;1210;950;1659;2651;1882
55017;1210;950;1659;2645;1881
55047;1210;950;1659;2639;1882
55087;1210;950;1659;2640;1882
55127;1211;951;1659;2635;1888
55167;1212;951;1659;2631;1888
55197;1213;951;1659;2634;1886
55237;1213;951;1659;2632;1887
55277;1213;951;1659;2633;1888
55317;1213;951;1658;2628;1883
55347;1213;951;1658;2627;1883
55387;1213;951;1658;2627;1884
55427;1213;950;1658;2628;1883
55467;1213;950;1658;2629;1881
55497;1213;950;1658;2631;1881
55507;1212;950;1658;2629;1881
55557;1213;951;1659;2634;1883
55597;1214;951;1659;2639;1882
55637;1213;950;1658;2641;1881
55717;1212;950;1658;2641;1883
55757;1212;950;1658;2642;1880
55797;1213;950;1658;2624;1879
55837;1222;950;1658;2597;1875
55877;1233;950;1658;2585;1879
55917;1239;950;1658;2581;1874
55947;1242;950;1658;2580;1872
55987;1245;950;1658;2581;1870
56027;1247;950;1658;2582;1872
56067;1249;950;1658;2586;1871
56097;1250;950;1658;2586;1870
56137;1250;950;1657;2590;1867
56177;1250;950;1657;2595;1866
56217;1250;950;1657;2607;1877
56247;1251;950;1657;2609;1877
56287;1250;950;1657;2616;1873
56327;1251;950;1657;2615;1875
56357;1251;950;1657;2614;1874
56367;1251;950;1657;2615;1873
56397;1251;949;1657;2613;1875
56437;1252;949;1657;2613;1878
56477;1252;949;1657;2610;1878
56517;1252;949;1657;2618;1881
56547;1251;949;1657;2624;1883
56587;1253;949;1657;2624;1881
56627;1255;949;1657;2627;1878
56667;1257;949;1657;2642;1894
56697;1258;949;1657;2653;1896
56737;1259;949;1657;2653;1891
56777;1260;949;1657;2651;1888
56817;1260;949;1657;2646;1888
56847;1261;949;1657;2641;1889
56887;1261;949;1657;2634;1886
56927;1264;949;1657;2638;1891
56967;1265;949;1656;2634;1890
56997;1268;949;1656;2634;1889
57037;1269;949;1656;2639;1894
57077;1270;949;1656;2643;1895
57117;1271;949;1656;2652;1892
57147;1272;949;1656;2661;1892
57187;1273;949;1656;2660;1896
57227;1273;949;1656;2659;1897
57267;1273;949;1656;2657;1894
57297;1273;949;1656;2655;1894
57337;1273;949;1656;2656;1896
57377;1273;949;1656;2653;1888
57417;1273;949;1656;2637;1885
57447;1272;949;1656;2630;1883
57477;1272;949;1656;2625;1883
57487;1273;949;1656;2624;1883
57527;1277;949;1656;2615;1883
57567;1276;949;1656;2633;1890
57597;1276;949;1656;2636;1889
57637;1284;949;1656;2644;1891
57677;1289;949;1656;2652;1892
57717;1292;948;1656;2651;1892
57747;1294;948;1656;2644;1888
57787;1296;948;1656;2616;1875
57827;1299;948;1656;2615;1875
57867;1299;948;1656;2614;1879
57897;1300;948;1655;2617;1880
57937;1301;948;1656;2616;1879
57977;1301;948;1656;2613;1876
58017;1301;948;1656;2614;1874
58047;1302;948;1656;2614;1875
58087;1302;948;1655;2614;1875
58127;1302;948;1656;2617;1875
58167;1302;948;1656;2617;1878
58197;1302;948;1656;2619;1877
58237;1302;948;1656;2619;1877
58277;1302;948;1656;2619;1877
58317;1301;947;1655;2620;1879
58347;1300;947;1655;2619;1879
58387;1299;948;1655;2621;1879
58427;1298;948;1655;2620;1876
58467;1300;948;1655;2625;1880
58497;1300;948;1655;2631;1874
58537;1301;948;1655;2631;1873
58577;1308;948;1655;2630;1867
58617;1312;948;1655;2635;1872
58647;1315;948;1655;2633;1868
58687;1317;948;1655;2632;1867
58727;1320;948;1655;2630;1870
58767;1322;948;1655;2628;1862
58797;1323;948;1655;2627;1861
58837;1323;948;1655;2637;1858
58877;1324;948;1655;2656;1861
58917;1322;948;1655;2673;1870
58947;1322;948;1656;2670;1869
58987;1322;948;1656;2644;1873
59027;1322;948;1656;2636;1874
59067;1322;948;1656;2654;1874
59097;1322;948;1656;2652;1882
59137;1322;948;1656;2654;1887
59177;1322;948;1656;2644;1887
59217;1303;948;1655;2637;1888
59247;1286;948;1655;2637;1886
59287;1279;948;1655;2629;1885
59327;1275;948;1655;2602;1875
59367;1273;948;1655;2591;1870
59397;1272;948;1656;2592;1876
59437;1271;948;1656;2614;1879
59477;1271;948;1656;2604;1876
59517;1271;948;1655;2584;1870
59547;1271;948;1655;2582;1872
59587;1271;948;1655;2578;1872
59627;1268;948;1655;2562;1861
59667;1276;948;1655;2569;1851
59697;1276;948;1655;2565;1866
59737;1262;948;1655;2602;1869
59777;1255;948;1655;2595;1869
59817;1252;948;1655;2575;1853
59847;1250;948;1655;2568;1860
59887;1247;948;1656;2576;1868
59927;1247;948;1656;2581;1864
59967;1241;948;1656;2562;1852
59997;1231;948;1656;2556;1847
60037;1227;947;1656;2564;1857
60077;1225;947;1656;2549;1849
60117;1224;947;1656;2530;1846
60147;1223;947;1656;2523;1844
60187;1223;947;1655;2526;1844
60227;1223;947;1655;2534;1843
60267;1219;947;1655;2530;1844
60297;1213;947;1655;2556;1844
60337;1211;947;1655;2544;1847
60377;1209;948;1655;2536;1846
60417;1209;948;1655;2526;1841
60447;1203;948;1655;2514;1840
60487;1195;948;1645;2532;1842
60527;1192;948;1641;2516;1837
60567;1190;948;1638;2508;1837
60597;1189;948;1637;2510;1828
60637;1187;947;1636;2506;1827
60677;1183;947;1636;2508;1832
60717;1172;947;1629;2512;1835
60757;1162;947;1624;2513;1835
60787;1157;947;1621;2506;1835
60827;1155;947;1620;2502;1832
60867;1153;947;1619;2504;1830
60907;1153;947;1619;2502;1834
60947;1153;947;1619;2500;1836
60987;1153;947;1619;2501;1830
61027;1153;948;1619;2502;1835
61057;1152;948;1619;2514;1836
61097;1152;948;1619;2515;1839
61137;1152;948;1619;2529;1827
61177;1139;948;1616;2546;1831
61207;1116;948;1601;2548;1837
61247;1097;948;1590;2554;1839
61287;1088;948;1584;2553;1832
61327;1079;948;1581;2527;1838
61357;1074;948;1578;2521;1840
61397;1071;948;1576;2545;1848
61437;1070;948;1575;2535;1842
61477;1069;948;1574;2515;1832
61507;1069;948;1575;2512;1832
61547;1090;948;1575;2495;1820
61587;1115;948;1577;2479;1824
61627;1131;947;1578;2469;1828
61657;1145;947;1578;2467;1831
61697;1169;947;1578;2463;1831
61737;1198;947;1579;2457;1824
61777;1215;947;1585;2457;1826
61807;1224;947;1588;2460;1824
61847;1229;947;1590;2453;1827
61887;1237;947;1593;2455;1835
61927;1241;947;1596;2451;1832
61957;1243;947;1597;2453;1833
61997;1243;947;1598;2452;1839
62037;1244;948;1599;2457;1839
62077;1245;948;1599;2462;1837
62107;1246;948;1600;2471;1831
62147;1247;948;1600;2483;1832
62187;1247;948;1601;2476;1825
62227;1247;947;1601;2475;1825
62257;1247;947;1601;2470;1832
62297;1244;947;1601;2449;1829
62337;1249;947;1601;2446;1834
62377;1255;947;1602;2444;1832
62407;1260;947;1603;2452;1824
62447;1262;947;1604;2443;1824
62477;1265;947;1605;2455;1836
62487;1267;947;1607;2457;1839
62527;1274;948;1610;2466;1832
62557;1277;947;1611;2472;1833
62597;1279;947;1612;2474;1833
62637;1280;947;1612;2476;1833
62677;1280;947;1613;2473;1832
62707;1281;947;1614;2474;1834
62747;1280;947;1614;2458;1829
62787;1289;961;1614;2443;1830
62827;1293;969;1614;2448;1833
62857;1296;974;1615;2443;1834
62897;1298;976;1615;2434;1834
62937;1297;977;1614;2441;1833
62977;1298;977;1614;2450;1835
63007;1299;977;1615;2460;1836
63047;1299;978;1615;2464;1840
63087;1300;978;1615;2469;1847
63127;1299;978;1615;2469;1841
63157;1298;978;1614;2472;1831
63197;1299;978;1614;2486;1847
63237;1299;978;1614;2503;1851
63277;1300;978;1614;2515;1862
63307;1301;978;1614;2525;1867
63347;1300;978;1614;2530;1870
63387;1298;978;1614;2527;1867
63427;1296;978;1614;2522;1861
63457;1293;978;1615;2529;1871
63497;1291;978;1615;2531;1869
63537;1290;978;1615;2528;1863
63577;1267;978;1615;2538;1860
63607;1243;978;1615;2529;1860
63647;1222;978;1615;2531;1864
63687;1212;978;1614;2523;1858
63727;1207;978;1614;2520;1855
63757;1204;977;1614;2521;1858
63797;1201;977;1614;2522;1872
63837;1200;977;1614;2522;1871
63877;1200;977;1614;2516;1862
63907;1199;976;1614;2511;1853
63937;1199;976;1614;2503;1859
63977;1198;976;1614;2507;1866
64017;1199;976;1614;2485;1852
64057;1199;976;1614;2465;1849
64097;1216;976;1614;2456;1835
64137;1237;976;1614;2442;1836
64177;1265;976;1614;2439;1834
64207;1284;976;1613;2439;1834
64247;1298;976;1613;2443;1835
64277;1308;976;1613;2445;1837
64317;1313;976;1614;2447;1837
64357;1316;977;1614;2447;1837
64397;1318;977;1615;2449;1840
64437;1320;977;1615;2448;1837
64477;1320;977;1615;2448;1837
64507;1320;977;1616;2448;1836
64547;1321;977;1616;2447;1837
64587;1321;977;1616;2451;1843
64627;1321;977;1616;2448;1840
64657;1337;977;1616;2446;1841
64697;1370;977;1627;2441;1842
64737;1419;994;1645;2427;1834
64777;1449;1009;1658;2427;1842
64807;1465;1017;1665;2426;1840
64847;1474;1021;1669;2430;1846
64887;1479;1024;1671;2439;1846
64927;1481;1025;1672;2435;1846
64957;1485;1026;1672;2426;1844
64997;1487;1026;1673;2425;1840
65037;1488;1026;1673;2434;1843
65077;1489;1026;1673;2442;1849
65107;1490;1026;1673;2450;1851
65147;1489;1026;1673;2449;1853
65187;1499;1025;1673;2454;1850
65227;1507;1028;1673;2457;1850
65257;1516;1035;1674;2457;1854
65297;1610;1063;1682;2451;1857
65337;1688;1087;1691;2446;1848
65377;1729;1099;1695;2429;1846
65407;1753;1105;1698;2431;1854
65447;1765;1109;1700;2427;1855
65487;1773;1110;1701;2431;1857
65527;1777;1111;1701;2433;1857
21;1779;1111;1701;2430;1863
61;1780;1111;1701;2434;1855
101;1779;1111;1701;2440;1856
141;1780;1111;1701;2446;1859
171;1781;1112;1701;2452;1858
211;1782;1112;1701;2449;1854
251;1782;1112;1701;2455;1860
291;1776;1118;1701;2450;1845
321;1796;1131;1701;2455;1857
361;1809;1142;1701;2463;1860
401;1818;1152;1701;2461;1871
441;1827;1162;1701;2462;1867
471;1859;1184;1711;2451;1867
511;1892;1209;1718;2449;1863
541;1915;1226;1721;2448;1869
581;1929;1236;1723;2454;1860
621;1936;1242;1724;2470;1866
661;1940;1244;1725;2478;1870
701;1942;1245;1725;2471;1869
741;1943;1246;1725;2479;1868
771;1944;1247;1726;2482;1869
811;1943;1247;1726;2499;1874
851;1943;1247;1726;2497;1880
891;1943;1247;1726;2499;1870
921;1943;1247;1725;2478;1858
961;1943;1247;1725;2487;1867
1001;1942;1247;1725;2495;1876
1041;1940;1247;1725;2502;1881
1071;1938;1247;1726;2506;1881
1111;1937;1247;1726;2508;1879
1151;1938;1248;1726;2505;1881
1191;1937;1248;1727;2509;1882
1221;1936;1248;1727;2493;1882
1261;1944;1255;1727;2481;1880
1301;1973;1292;1727;2459;1882
1341;1996;1317;1727;2501;1867
1371;2072;1318;1727;2511;1882
1411;2122;1300;1727;2507;1871
1451;2172;1338;1736;2467;1881
1491;2203;1366;1741;2448;1889
1521;2217;1381;1742;2452;1891
1561;2224;1389;1744;2480;1887
1601;2227;1392;1744;2484;1882
1641;2229;1394;1744;2477;1863
1671;2230;1395;1745;2477;1864
1711;2231;1396;1745;2490;1868
1751;2235;1396;1745;2512;1867
1791;2236;1396;1745;2511;1867
1821;2235;1396;1745;2511;1869
1861;2235;1395;1745;2504;1871
1901;2235;1395;1745;2506;1871
1941;2234;1395;1745;2486;1870
1971;2235;1395;1746;2497;1870
2011;2234;1396;1746;2467;1867
2051;2234;1405;1746;2451;1866
2091;2234;1411;1746;2453;1872
2121;2235;1414;1746;2472;1872
2161;2232;1416;1746;2488;1876
2201;2226;1417;1746;2493;1869
2241;2216;1417;1746;2514;1883
2281;2196;1417;1746;2524;1885
2341;2060;1418;1746;2518;1880
2381;1984;1418;1746;2525;1890
2461;1871;1418;1723;2522;1884
2501;1802;1423;1699;2522;1887
2541;1768;1425;1685;2499;1880
2571;1751;1426;1678;2494;1876
2601;1758;1428;1674;2484;1860
2641;1783;1428;1672;2485;1863
2681;1798;1427;1671;2474;1863
2721;1806;1428;1671;2470;1865
2761;1819;1429;1671;2468;1868
2801;1829;1430;1671;2471;1868
2871;1835;1430;1671;2471;1867
2901;1838;1430;1672;2470;1869
2941;1839;1430;1672;2469;1869
2981;1839;1429;1672;2469;1871
3021;1844;1429;1672;2466;1865
3061;1865;1429;1673;2457;1863
3101;1910;1429;1678;2457;1864
3141;1948;1428;1687;2461;1868
3171;1975;1428;1695;2457;1864
3211;1987;1429;1700;2469;1872
3251;2070;1429;1704;2470;1871
3291;2128;1429;1714;2481;1870
3321;2153;1429;1719;2492;1875
3361;2165;1429;1722;2507;1881
3401;2174;1429;1724;2517;1876
3441;2180;1429;1725;2528;1876
3471;2182;1429;1726;2530;1883
3511;2176;1429;1726;2550;1882
3551;2067;1430;1725;2591;1892
3591;2001;1430;1725;2571;1893
3621;1969;1430;1725;2536;1898
3661;1926;1430;1725;2525;1897
3701;1906;1430;1725;2566;1899
3741;1896;1431;1724;2570;1902
3771;1891;1431;1725;2537;1894
3811;1889;1431;1725;2523;1891
3851;1888;1431;1726;2515;1891
3891;1888;1431;1726;2534;1893
3921;1887;1431;1726;2519;1892
3961;1887;1431;1725;2519;1887
4001;1887;1431;1725;2531;1894
4041;1887;1431;1725;2542;1899
4071;1887;1431;1725;2538;1896
4101;1887;1431;1725;2534;1897
4151;1885;1431;1725;2530;1900
4191;1884;1431;1726;2531;1898
4221;1883;1431;1725;2538;1899
4261;1884;1431;1725;2555;1902
4301;1885;1431;1725;2576;1903
4341;1885;1432;1725;2534;1903
4371;1880;1427;1725;2509;1907
4401;1929;1450;1725;2507;1908
4441;2064;1465;1725;2481;1908
4481;2128;1472;1726;2517;1899
4521;2161;1476;1727;2548;1908
4561;2180;1479;1727;2557;1907
4601;2189;1480;1727;2533;1898
4641;2193;1481;1728;2503;1897
4671;2195;1482;1728;2520;1903
4711;2195;1483;1729;2541;1901
4751;2195;1483;1729;2538;1904
4791;2198;1483;1729;2540;1904
4821;2196;1483;1729;2557;1905
4851;2192;1484;1730;2565;1906
4891;2183;1484;1730;2576;1907
4931;2175;1484;1730;2581;1906
4971;2170;1484;1730;2560;1909
5011;2167;1484;1731;2556;1906
5051;2081;1484;1730;2567;1903
5091;2041;1484;1730;2554;1904
5121;2021;1484;1730;2538;1903
5161;2011;1484;1730;2538;1905
5191;1986;1484;1730;2544;1903
5231;1961;1483;1730;2542;1906
5271;1944;1483;1730;2530;1906
5311;1936;1484;1730;2507;1901
5351;1932;1485;1730;2494;1894
5391;1930;1486;1730;2502;1897
5421;1929;1486;1730;2497;1896
5461;1928;1486;1730;2495;1896
5501;1928;1486;1730;2500;1900
5541;1928;1486;1730;2498;1890
5571;1928;1487;1730;2491;1889
5611;1928;1487;1729;2487;1890
5651;1928;1487;1729;2481;1890
5691;1928;1487;1730;2481;1891
5721;1928;1487;1730;2477;1897
5761;1928;1486;1730;2476;1895
5801;1928;1486;1730;2478;1897
5841;1929;1486;1730;2470;1884
5871;1930;1486;1730;2460;1878
5911;1930;1486;1730;2457;1876
5951;1932;1486;1731;2446;1865
5991;1935;1486;1731;2440;1864
6021;1936;1486;1731;2445;1862
6061;1937;1486;1731;2453;1859
6101;1937;1486;1731;2463;1874
6141;1937;1486;1731;2470;1877
6171;1922;1487;1731;2469;1875
6211;1891;1486;1731;2466;1873
6251;1867;1486;1727;2468;1890
6291;1855;1487;1725;2467;1890
6321;1850;1490;1723;2466;1891
6361;1847;1492;1723;2463;1889
6401;1846;1493;1723;2470;1894
6441;1841;1488;1715;2486;1886
6471;1817;1509;1698;2464;1898
6511;1797;1520;1681;2471;1888
6551;1789;1527;1670;2479;1893
6591;1785;1531;1665;2475;1888
6621;1782;1533;1662;2469;1876
6661;1781;1533;1661;2474;1880
6701;1779;1533;1660;2482;1894
6741;1779;1533;1660;2498;1897
6771;1780;1534;1660;2510;1894
6811;1759;1534;1646;2507;1893
6851;1740;1533;1634;2519;1897
6891;1731;1533;1628;2515;1896
6921;1726;1532;1625;2523;1897
6961;1693;1532;1621;2523;1896
7001;1681;1532;1620;2537;1898
7041;1657;1532;1619;2540;1900
7071;1648;1532;1619;2541;1898
7111;1644;1533;1619;2544;1900
7151;1584;1533;1611;2544;1905
7191;1536;1533;1600;2545;1902
7221;1516;1533;1594;2543;1905
7261;1506;1532;1591;2521;1900
7301;1496;1532;1589;2504;1899
7341;1550;1532;1589;2505;1898
7371;1639;1532;1589;2506;1898
7401;1706;1531;1589;2506;1898
7441;1771;1530;1604;2507;1898
7481;1828;1530;1625;2506;1895
7521;1858;1529;1640;2512;1886
7561;1882;1529;1647;2502;1880
7601;1902;1529;1655;2499;1881
7641;1918;1529;1663;2501;1879
7671;1927;1529;1668;2502;1877
7711;1932;1530;1671;2520;1887
7751;1933;1530;1673;2532;1890
7791;1935;1530;1674;2522;1884
7821;1936;1530;1674;2523;1886
7861;1936;1530;1674;2524;1890
7901;1934;1530;1675;2526;1889
7941;1933;1530;1675;2531;1894
7971;1934;1530;1675;2532;1891
8001;1935;1530;1675;2534;1893
8041;1936;1530;1675;2537;1896
8081;1937;1530;1675;2544;1901
8121;1938;1530;1675;2545;1902
8161;1939;1530;1675;2543;1902
8201;1939;1530;1675;2546;1903
8241;1939;1531;1675;2551;1903
8271;1940;1531;1675;2554;1906
8311;1939;1531;1675;2549;1903
8351;1940;1531;1675;2558;1903
8391;1940;1531;1675;2555;1909
8421;1935;1531;1675;2572;1911
8461;1933;1529;1675;2563;1909
8501;1942;1527;1675;2569;1913
8541;1950;1527;1675;2569;1903
8571;1954;1527;1675;2586;1921
8611;1956;1527;1675;2590;1922
8651;1957;1527;1675;2583;1909
8691;1958;1526;1676;2587;1914
8721;1959;1526;1676;2590;1913
8751;1959;1526;1675;2587;1928
8791;1960;1526;1676;2589;1921
8831;1958;1527;1676;2602;1939
8871;1959;1527;1676;2906;2198
8901;1959;1527;1676;3014;2333
8941;1958;1527;1676;3007;2309
8981;1957;1525;1674;3013;2304
9021;1940;1515;1673;3000;2300
9061;1924;1517;1673;3000;2310
9101;1916;1520;1673;2969;2308
9141;1901;1548;1673;2964;2289
9171;1891;1564;1673;2967;2245
9201;1882;1572;1673;2974;2262
9241;1878;1576;1673;2955;2279
9281;1876;1578;1672;2937;2251
9321;1875;1579;1673;2946;2238
9361;1875;1579;1672;2929;2263
9401;1875;1580;1672;2924;2263
9441;1875;1580;1672;2919;2258
9471;1875;1581;1673;2918;2246
9511;1875;1583;1673;2906;2219
9551;1875;1583;1673;2904;2222
9591;1875;1584;1673;2902;2227
9621;1875;1584;1673;2904;2229
9661;1874;1584;1672;2894;2221
9701;1874;1584;1672;2883;2209
9741;1874;1584;1672;2894;2225
9771;1875;1584;1673;2897;2223
9811;1875;1584;1673;2901;2223
9851;1875;1585;1674;2893;2228
9891;1875;1585;1673;2892;2237
9921;1875;1585;1673;2896;2273
9961;1869;1585;1673;2898;2277
10001;1840;1585;1672;2894;2259
10041;1814;1585;1663;2891;2255
10071;1802;1586;1658;2874;2256
10111;1785;1600;1642;2895;2262
10151;1764;1605;1628;2899;2262
10191;1757;1609;1621;2890;2260
10221;1753;1611;1616;2875;2246
10261;1755;1612;1614;2855;2220
10301;1774;1612;1614;2855;2218
10341;1786;1612;1613;2849;2213
10371;1801;1613;1614;2850;2217
10411;1819;1612;1613;2850;2213
10451;1841;1612;1613;2842;2218
10491;1851;1620;1613;2858;2223
10521;1857;1624;1613;2868;2223
10561;1862;1628;1613;2878;2203
10601;1821;1630;1613;2883;2231
10641;1784;1629;1607;2887;2228
10671;1765;1630;1603;2870;2228
10711;1746;1630;1594;2873;2221
10751;1697;1629;1584;2873;2228
10791;1679;1627;1580;2871;2227
10821;1633;1627;1572;2877;2210
10861;1607;1626;1564;2878;2210
10901;1596;1626;1560;2861;2207
10941;1550;1626;1556;2880;2203
10971;1540;1626;1550;2868;2191
11011;1535;1626;1548;2872;2192
11051;1532;1624;1546;2879;2198
11091;1512;1624;1537;2878;2194
11121;1501;1623;1530;2881;2194
11161;1493;1623;1527;2881;2195
11201;1490;1624;1525;2863;2221
11241;1485;1625;1522;2885;2223
11271;1473;1625;1513;2889;2220
11311;1464;1625;1505;2894;2220
11351;1460;1625;1501;2883;2240
11391;1458;1626;1499;2852;2218
11421;1458;1627;1498;2859;2207
11461;1458;1625;1498;2861;2219
11501;1457;1624;1498;2859;2222
11541;1457;1624;1498;2859;2216
11571;1458;1623;1498;2858;2217
11611;1473;1624;1498;2855;2211
11651;1530;1624;1499;2846;2177
11691;1633;1623;1517;2835;2155
11721;1712;1622;1543;2821;2145
11761;1775;1622;1568;2817;2137
11801;1814;1623;1588;2820;2137
11841;1836;1624;1602;2820;2140
11871;1847;1624;1610;2816;2144
11911;1866;1624;1615;2814;2147
11951;1883;1624;1620;2811;2145
11991;1901;1625;1627;2812;2142
12021;1911;1625;1631;2825;2151
12061;1915;1625;1633;2842;2157
12101;1918;1625;1634;2846;2152
12141;1919;1625;1634;2848;2150
12171;1920;1625;1635;2853;2151
12211;1919;1625;1636;2858;2157
12251;1918;1625;1637;2864;2166
12291;1903;1625;1636;2874;2183
12321;1833;1626;1632;2895;2188
12361;1783;1627;1623;2907;2194
12401;1758;1628;1620;2881;2178
12441;1673;1629;1604;2896;2185
12471;1602;1630;1585;2900;2189
12511;1567;1630;1575;2909;2196
12551;1550;1629;1571;2872;2168
12591;1542;1628;1568;2863;2164
12621;1538;1628;1567;2875;2179
12661;1536;1628;1567;2886;2166
12701;1535;1628;1566;2883;2170
12741;1535;1627;1566;2873;2185
12771;1534;1628;1566;2866;2177
12811;1533;1627;1566;2867;2185
12851;1503;1627;1552;2897;2193
12891;1491;1628;1541;2899;2197
12921;1486;1628;1535;2890;2200
12961;1483;1628;1532;2877;2198
13001;1470;1628;1528;2902;2216
13041;1455;1629;1522;2915;2234
13071;1449;1629;1519;2901;2232
13111;1446;1630;1518;2856;2202
13151;1461;1629;1517;2845;2172
13191;1472;1630;1516;2846;2172
13221;1505;1629;1516;2849;2177
13261;1513;1629;1517;2854;2175
13301;1559;1629;1523;2853;2179
13341;1646;1628;1533;2857;2170
13371;1692;1630;1543;2855;2177
13411;1723;1631;1552;2858;2172
13451;1738;1633;1558;2866;2177
13491;1746;1633;1560;2867;2179
13521;1749;1634;1562;2869;2178
13561;1751;1634;1563;2869;2175
13601;1753;1634;1563;2874;2176
13641;1754;1634;1563;2877;2180
13671;1753;1635;1563;2875;2186
13711;1752;1636;1564;2884;2185
13751;1752;1636;1564;2890;2183
13791;1752;1636;1564;2892;2196
13821;1751;1636;1564;2897;2189
13861;1751;1636;1564;2895;2181
13901;1740;1636;1561;2917;2196
13941;1676;1636;1558;2923;2200
13971;1645;1636;1558;2922;2200
14011;1635;1636;1558;2930;2194
14051;1585;1637;1558;2931;2207
14091;1560;1637;1558;2930;2210
14121;1548;1637;1558;2922;2197
14161;1542;1638;1558;2912;2200
14201;1541;1637;1558;2900;2184
14241;1537;1636;1558;2918;2174
14271;1534;1636;1557;2927;2178
14311;1537;1637;1557;2928;2188
14351;1539;1638;1557;2917;2171
14391;1572;1638;1558;2905;2169
14421;1652;1639;1561;2902;2168
14461;1703;1640;1561;2897;2167
14501;1732;1640;1562;2894;2162
14541;1746;1639;1563;2892;2166
14571;1753;1639;1563;2895;2160
14611;1757;1638;1564;2901;2161
14651;1758;1639;1565;2908;2157
14691;1760;1639;1566;2911;2158
14721;1762;1638;1565;2910;2165
14761;1689;1637;1562;2921;2183
14801;1612;1637;1560;2937;2189
14841;1575;1637;1560;2914;2189
14871;1555;1637;1560;2910;2191
14911;1545;1637;1560;2926;2196
14951;1542;1637;1559;2921;2198
14991;1540;1637;1559;2913;2198
15021;1536;1637;1559;2897;2175
15061;1570;1637;1559;2893;2174
15101;1591;1637;1558;2890;2170
15141;1631;1637;1559;2888;2169
15171;1653;1637;1559;2891;2169
15211;1666;1637;1559;2886;2163
15251;1673;1637;1558;2892;2163
15291;1678;1637;1558;2894;2165
15321;1680;1638;1559;2893;2166
15361;1681;1638;1559;2891;2164
15401;1680;1639;1559;2887;2172
15441;1712;1639;1559;2886;2176
15471;1730;1639;1560;2885;2172
15501;1725;1639;1559;2916;2171
15541;1663;1639;1559;2921;2187
15581;1637;1638;1559;2914;2196
15611;1623;1639;1559;2906;2197
15651;1619;1639;1559;2902;2199
15691;1595;1639;1559;2916;2204
15731;1560;1639;1559;2914;2216
15771;1547;1640;1558;2912;2229
15811;1518;1640;1551;2918;2230
15851;1508;1640;1547;2910;2233
15891;1495;1640;1537;2921;2244
15921;1476;1640;1521;2925;2248
15961;1449;1641;1506;2941;2247
16001;1436;1641;1498;2925;2244
16041;1430;1642;1494;2905;2230
16071;1426;1641;1492;2890;2220
16111;1442;1640;1491;2882;2190
16151;1461;1640;1490;2883;2175
16191;1478;1640;1498;2889;2168
16221;1510;1640;1507;2894;2168
16261;1523;1639;1517;2900;2162
16301;1557;1639;1523;2900;2165
16341;1583;1639;1528;2899;2170
16371;1605;1639;1534;2902;2164
16411;1642;1640;1538;2901;2169
16451;1699;1641;1552;2893;2166
16491;1730;1641;1559;2896;2164
16521;1746;1641;1563;2901;2165
16551;1754;1641;1564;2907;2164
16591;1759;1641;1565;2916;2164
16631;1760;1641;1566;2909;2169
16671;1761;1640;1566;2910;2169
16711;1762;1640;1566;2917;2165
16751;1759;1640;1566;2926;2172
16791;1758;1640;1566;2933;2182
16821;1758;1640;1566;2935;2180
16861;1758;1641;1566;2934;2183
16901;1758;1641;1566;2927;2186
16941;1758;1641;1566;2920;2186
16971;1759;1641;1566;2921;2183
17011;1759;1641;1566;2917;2186
17051;1759;1640;1566;2928;2186
17091;1759;1640;1566;2933;2188
17121;1749;1640;1564;2926;2216
17161;1612;1641;1553;2959;2205
17201;1546;1640;1540;2910;2223
17241;1517;1638;1534;2856;2182
17271;1562;1670;1532;2846;2180
17311;1660;1686;1532;2872;2190
17351;1707;1694;1532;2903;2182
17391;1732;1698;1535;2905;2180
17421;1744;1700;1537;2897;2173
17461;1750;1701;1538;2898;2180
17501;1753;1702;1539;2901;2186
17541;1756;1703;1539;2902;2179
17571;1754;1703;1539;2905;2188
17611;1757;1703;1539;2907;2209
17651;1679;1702;1539;2917;2223
17691;1604;1703;1540;2918;2240
17721;1567;1703;1541;2923;2245
17761;1548;1704;1541;2918;2246
17801;1533;1704;1535;2924;2243
17841;1515;1704;1530;2925;2257
17871;1506;1704;1527;2909;2259
17911;1507;1704;1526;2896;2257
17951;1506;1704;1525;2905;2245
17991;1507;1704;1525;2916;2259
18021;1507;1704;1525;2917;2260
18061;1507;1704;1525;2921;2260
18101;1511;1704;1525;2907;2247
18141;1595;1704;1525;2900;2219
18171;1674;1704;1526;2886;2194
18211;1712;1704;1532;2897;2187
18251;1739;1704;1538;2903;2189
18291;1761;1704;1543;2904;2193
18321;1770;1704;1547;2898;2186
18361;1785;1704;1555;2894;2190
18401;1792;1704;1561;2900;2191
18441;1797;1704;1564;2912;2192
18471;1797;1703;1565;2915;2193
18511;1799;1702;1565;2918;2198
18551;1799;1702;1566;2916;2209
18591;1799;1703;1566;2916;2216
18621;1801;1703;1566;2909;2221
18661;1801;1702;1566;2904;2228
18701;1801;1702;1566;2929;2240
18741;1792;1702;1566;2931;2241
18771;1786;1702;1566;2937;2247
18811;1760;1701;1566;2947;2263
18851;1653;1694;1565;2946;2274
18891;1592;1690;1563;2926;2259
18921;1561;1688;1562;2916;2258
18961;1547;1687;1560;2918;2253
19001;1540;1687;1558;2914;2250
19041;1537;1687;1558;2908;2243
19071;1535;1687;1557;2907;2246
19111;1534;1687;1556;2917;2228
19151;1516;1687;1549;2924;2233
19191;1507;1687;1545;2920;2235
19221;1505;1687;1543;2912;2246
19251;1501;1687;1532;2936;2248
19291;1488;1687;1522;2934;2252
19331;1483;1687;1517;2917;2259
19371;1480;1687;1515;2904;2259
19411;1479;1687;1514;2904;2256
19461;1474;1687;1514;2925;2258
19531;1473;1686;1513;2921;2268
19601;1473;1686;1512;2907;2264
19641;1472;1686;1512;2926;2270
19671;1462;1686;1504;2936;2262
19711;1452;1686;1497;2938;2280
19781;1447;1686;1494;2913;2276
19821;1444;1686;1492;2905;2271
19861;1443;1686;1491;2932;2274
19931;1442;1685;1490;2919;2282
20011;1442;1685;1490;2893;2252
20051;1444;1685;1490;2876;2238
20091;1455;1685;1490;2863;2206
20121;1466;1685;1490;2859;2202
20161;1478;1685;1490;2870;2191
20201;1485;1685;1490;2871;2182
20241;1488;1686;1491;2871;2181
20271;1489;1685;1490;2875;2186
20301;1491;1685;1490;2874;2192
20341;1490;1685;1490;2879;2191
20381;1489;1685;1490;2882;2187
20421;1495;1686;1490;2888;2187
20461;1515;1686;1495;2885;2184
20501;1523;1686;1502;2891;2187
20541;1578;1686;1514;2907;2177
20571;1658;1685;1527;2912;2181
20601;1704;1685;1538;2919;2181
20641;1732;1685;1549;2923;2192
20681;1750;1684;1560;2933;2195
20721;1795;1683;1583;2932;2190
20761;1823;1683;1599;2934;2193
20801;1838;1683;1608;2938;2195
20841;1846;1683;1613;2943;2184
20871;1847;1683;1615;2939;2186
20911;1845;1683;1616;2938;2180
20951;1845;1682;1616;2943;2188
20991;1844;1680;1616;2945;2191
21021;1841;1679;1617;2939;2189
21051;1838;1679;1617;2941;2190
21091;1816;1679;1617;2944;2203
21131;1668;1669;1600;2944;2231
21171;1598;1664;1588;2933;2231
21211;1564;1661;1582;2919;2232
21251;1548;1660;1578;2919;2246
21291;1539;1659;1576;2915;2244
21321;1535;1659;1576;2914;2240
21351;1533;1660;1576;2914;2244
21391;1530;1660;1576;2918;2240
21431;1513;1660;1568;2916;2241
21471;1503;1660;1563;2906;2244
21501;1501;1660;1561;2894;2233
21541;1521;1661;1560;2877;2204
21581;1585;1662;1560;2885;2185
21621;1615;1663;1560;2919;2190
21661;1554;1663;1554;2917;2241
21701;1522;1663;1549;2918;2246
21741;1506;1663;1546;2894;2230
21771;1499;1663;1544;2895;2237
21811;1495;1663;1543;2884;2234
21851;1494;1663;1543;2867;2193
21891;1543;1663;1543;2867;2184
21921;1573;1663;1544;2867;2202
21951;1587;1663;1545;2891;2199
21991;1566;1663;1545;2903;2231
22031;1528;1663;1545;2915;2251
22071;1497;1663;1536;2926;2269
22111;1482;1663;1531;2921;2259
22151;1474;1663;1528;2918;2267
22191;1444;1662;1510;2943;2276
22221;1411;1644;1494;2952;2285
22261;1396;1638;1485;2925;2281
22301;1388;1636;1481;2906;2259
22341;1389;1636;1479;2886;2241
22371;1398;1635;1478;2883;2236
22411;1403;1635;1477;2874;2211
22451;1405;1635;1477;2881;2226
22491;1421;1635;1477;2879;2215
22521;1443;1635;1479;2879;2184
22551;1467;1635;1490;2883;2177
22591;1498;1636;1505;2886;2176
22631;1512;1634;1515;2892;2171
22671;1529;1633;1523;2892;2173
22711;1559;1633;1529;2897;2176
22751;1636;1633;1543;2892;2185
22791;1685;1632;1561;2906;2184
22821;1730;1632;1573;2905;2182
22851;1752;1632;1578;2913;2183
23051;1798;1629;1598;2907;2170
23091;1821;1628;1608;2905;2154
23121;1832;1627;1613;2894;2173
23161;1838;1627;1616;2901;2161
23201;1841;1627;1617;2897;2135
23241;1848;1627;1618;2891;2137
23271;1855;1627;1618;2885;2140
23311;1870;1627;1619;2896;2146
23321;1879;1628;1621;2899;2145
23351;1883;1628;1621;2907;2142
23391;1884;1628;1621;2906;2154
23421;1885;1628;1622;2909;2158
23451;1884;1628;1621;2913;2169
23491;1884;1628;1622;2916;2172
23531;1841;1627;1622;2885;2198
23571;1792;1628;1622;2879;2217
23611;1771;1628;1622;2871;2202
23651;1761;1629;1622;2878;2160
23691;1745;1629;1620;2884;2198
23721;1727;1631;1619;2894;2230
23751;1726;1631;1618;2886;2212
23791;1625;1630;1599;2869;2178
23831;1576;1631;1586;2878;2204
23871;1551;1631;1579;2884;2234
23911;1511;1631;1558;2897;2246
23951;1482;1631;1538;2919;2267
23991;1468;1631;1528;2920;2267
24021;1462;1632;1523;2899;2242
24051;1459;1632;1521;2886;2230
24091;1457;1632;1520;2870;2211
24131;1462;1632;1519;2860;2185
24171;1471;1632;1519;2856;2161
24211;1498;1632;1519;2865;2156
24251;1510;1632;1520;2869;2154
24291;1515;1632;1521;2882;2146
24321;1519;1633;1522;2887;2143
24361;1520;1633;1522;2882;2155
24401;1520;1633;1523;2874;2170
24441;1514;1632;1522;2902;2199
24471;1502;1628;1522;2913;2217
24511;1490;1626;1522;2922;2231
24551;1456;1610;1522;2928;2230
24591;1431;1602;1522;2931;2242
24621;1419;1598;1523;2912;2234
24661;1413;1597;1523;2894;2214
24701;1410;1596;1522;2881;2206
24741;1412;1596;1523;2870;2200
24771;1422;1596;1523;2852;2176
24811;1445;1596;1522;2845;2162
24851;1475;1595;1523;2843;2163
24891;1503;1594;1527;2852;2170
24921;1517;1594;1530;2854;2168
24961;1522;1594;1533;2857;2172
25001;1559;1594;1538;2860;2176
25041;1588;1594;1542;2864;2178
25071;1602;1594;1544;2871;2191
25111;1608;1594;1545;2874;2196
25151;1612;1594;1546;2874;2195
25191;1616;1594;1547;2883;2201
25221;1619;1594;1548;2887;2209
25261;1621;1594;1548;2877;2194
25301;1623;1595;1548;2879;2201
25341;1625;1595;1548;2880;2205
25371;1625;1595;1548;2887;2213
25411;1624;1595;1548;2889;2201
25451;1624;1595;1548;2897;2212
25491;1622;1595;1548;2916;2239
25521;1620;1595;1548;2915;2235
25551;1619;1595;1548;2908;2243
25591;1605;1595;1548;2898;2248
25631;1605;1595;1548;2906;2254
25671;1664;1595;1553;2907;2264
25711;1705;1595;1562;2912;2262
25751;1726;1594;1568;2933;2261
25791;1735;1594;1571;2944;2274
25821;1734;1594;1572;2951;2269
25861;1661;1594;1573;2960;2281
25901;1629;1594;1573;2955;2284
25941;1607;1594;1574;2957;2262
25971;1556;1595;1574;2964;2262
26011;1523;1595;1574;2964;2285
26051;1509;1594;1574;2958;2280
26091;1490;1593;1566;2965;2260
26121;1480;1593;1560;2971;2263
26161;1476;1593;1557;2958;2271
26201;1474;1593;1556;2924;2260
26241;1472;1592;1555;2919;2264
26271;1492;1593;1555;2919;2261
26311;1571;1593;1555;2906;2242
26351;1658;1594;1564;2908;2239
26391;1707;1595;1571;2912;2241
26421;1731;1595;1575;2919;2235
26461;1742;1595;1577;2910;2245
26501;1749;1595;1578;2910;2241
26541;1754;1595;1579;2910;2240
26571;1757;1595;1579;2913;2242
26611;1752;1595;1578;2950;2257
26651;1672;1595;1578;2951;2271
26691;1597;1595;1578;2952;2270
26721;1560;1596;1579;2954;2276
26761;1526;1596;1576;2958;2276
26801;1506;1596;1570;2955;2273
26841;1497;1596;1567;2946;2281
26871;1482;1595;1556;2956;2290
26901;1472;1595;1546;2959;2293
26941;1467;1595;1541;2960;2295
26981;1464;1595;1539;2952;2288
27021;1478;1596;1538;2924;2284
27061;1485;1596;1537;2958;2274
27101;1475;1596;1535;2952;2284
27141;1471;1597;1535;2942;2283
27171;1469;1597;1535;2930;2287
27211;1466;1597;1535;2917;2281
27251;1476;1597;1536;2904;2266
27291;1554;1597;1541;2888;2221
27321;1638;1597;1553;2887;2225
27361;1692;1597;1562;2888;2214
27401;1717;1597;1567;2887;2214
27441;1743;1597;1575;2905;2240
27471;1763;1596;1586;2911;2251
27511;1778;1596;1595;2907;2238
27551;1787;1596;1600;2915;2240
27591;1791;1596;1602;2917;2238
27621;1794;1596;1603;2921;2241
27661;1792;1596;1604;2929;2252
27701;1793;1596;1605;2927;2248
27741;1794;1596;1605;2926;2254
27771;1791;1596;1605;2924;2258
27811;1792;1596;1605;2925;2258
27851;1802;1596;1607;2927;2258
27921;1821;1596;1609;2941;2260
27961;1830;1596;1612;2955;2254
28001;1834;1596;1614;2954;2267
28041;1836;1596;1615;2953;2274
28071;1838;1596;1615;2945;2264
28111;1849;1596;1617;2942;2272
28151;1866;1596;1619;2938;2277
28191;1871;1596;1621;2945;2268
28221;1876;1596;1622;2952;2273
28261;1878;1595;1623;2958;2278
28301;1870;1595;1623;2965;2298
28341;1843;1595;1623;2962;2322
28371;1794;1595;1622;2966;2307
28401;1756;1595;1623;2962;2325
28441;1678;1596;1619;2963;2339
28481;1602;1596;1604;2957;2334
28521;1540;1597;1591;2946;2300
28561;1519;1597;1584;2934;2292
28601;1506;1597;1580;2932;2285
28641;1496;1597;1575;2930;2268
28671;1484;1597;1567;2930;2264
28711;1475;1597;1560;2928;2265
28751;1471;1597;1556;2922;2263
28791;1469;1597;1555;2919;2258
28821;1468;1597;1554;2918;2242
28851;1468;1597;1553;2919;2244
28891;1483;1597;1553;2909;2232
28931;1536;1597;1554;2924;2196
28971;1589;1597;1555;2924;2195
29011;1663;1596;1563;2927;2188
29051;1705;1596;1571;2928;2178
29091;1732;1596;1579;2930;2172
29121;1755;1596;1589;2932;2173
29151;1775;1596;1598;2935;2177
29191;1794;1595;1604;2938;2180
29231;1811;1594;1608;2942;2183
29271;1824;1593;1610;2946;2183
29311;1830;1592;1611;2946;2187
29351;1833;1592;1612;2946;2186
29391;1835;1592;1613;2946;2186
29421;1835;1592;1613;2943;2187
29461;1836;1592;1614;2939;2191
29501;1836;1592;1614;2937;2194
29541;1836;1592;1614;2936;2183
29571;1847;1592;1613;2928;2192
29601;1867;1592;1617;2921;2196
29641;1879;1593;1620;2924;2195
29681;1884;1593;1622;2929;2194
29721;1885;1593;1623;2929;2193
29761;1882;1593;1623;2932;2195
29801;1883;1593;1624;2912;2223
29841;1857;1593;1624;2917;2225
29871;1837;1593;1623;2917;2225
29911;1826;1593;1623;2903;2236
29951;1804;1593;1623;2898;2228
29991;1799;1593;1624;2899;2219
30021;1796;1593;1624;2895;2223
30061;1782;1593;1624;2890;2232
30101;1765;1593;1624;2895;2233
30141;1756;1594;1624;2895;2243
30171;1751;1594;1623;2888;2252
30201;1749;1594;1623;2888;2250
30241;1740;1594;1623;2896;2249
30281;1732;1594;1623;2898;2255
30321;1726;1595;1623;2897;2255
30351;1722;1595;1623;2899;2263
30391;1632;1595;1612;2907;2256
30431;1556;1595;1594;2914;2269
30471;1523;1595;1584;2913;2267
30511;1509;1595;1579;2896;2266
30551;1504;1595;1577;2922;2266
30591;1485;1595;1563;2917;2273
30621;1478;1595;1554;2913;2266
30661;1475;1595;1550;2898;2265
30701;1473;1595;1548;2880;2266
30741;1481;1596;1547;2879;2258
30771;1500;1596;1546;2871;2238
30801;1549;1596;1548;2857;2213
30841;1643;1596;1556;2852;2210
30881;1683;1596;1568;2868;2195
30921;1726;1596;1576;2874;2193
30951;1739;1596;1583;2876;2201
30991;1767;1596;1593;2872;2196
31031;1792;1596;1602;2866;2203
31071;1808;1596;1608;2869;2212
31111;1816;1596;1611;2866;2212
31151;1820;1596;1612;2877;2202
31191;1822;1596;1613;2894;2214
31221;1821;1596;1613;2897;2223
31261;1820;1596;1614;2900;2224
31301;1821;1596;1614;2900;2226
31341;1821;1597;1615;2891;2244
31371;1821;1597;1614;2890;2247
31411;1821;1597;1614;2883;2244
31451;1819;1597;1614;2872;2245
31491;1818;1597;1614;2871;2258
31521;1820;1597;1614;2875;2258
31561;1828;1597;1614;2889;2259
31601;1833;1597;1614;2882;2259
31641;1836;1596;1614;2883;2251
31671;1836;1596;1614;2885;2254
31701;1838;1597;1614;2879;2261
31741;1843;1597;1614;2873;2250
31781;1853;1597;1617;2868;2243
31821;1869;1597;1620;2872;2240
31861;1877;1597;1621;2855;2214
31901;1881;1597;1621;2855;2215
31941;1884;1597;1622;2858;2210
31971;1884;1597;1622;2869;2212
32011;1896;1596;1625;2868;2213
32051;1909;1596;1629;2875;2221
32091;1917;1596;1631;2879;2241
32121;1921;1596;1632;2881;2225
32161;1924;1596;1633;2888;2228
32201;1925;1596;1633;2884;2247
32241;1925;1596;1633;2882;2251
32271;1925;1587;1633;2880;2230
32311;1965;1610;1639;2873;2231
32351;1987;1623;1645;2880;2256
32391;1999;1630;1649;2899;2253
32421;2005;1634;1651;2889;2230
32451;2008;1636;1651;2900;2233
32491;2010;1637;1652;2901;2257
32531;2010;1638;1652;2904;2258
32571;2011;1638;1653;2902;2251
32611;2011;1638;1653;2905;2251
32651;2011;1639;1653;2913;2244
32691;2010;1639;1653;2897;2256
32721;2009;1640;1654;2893;2241
32751;2004;1649;1653;2930;2220
32791;1992;1655;1653;2927;2222
32831;1975;1658;1652;2929;2217
32871;1940;1660;1652;2925;2226
32911;1911;1661;1652;2928;2218
32951;1896;1661;1651;2918;2215
32991;1873;1662;1651;2917;2225
33021;1853;1663;1651;2913;2240
33061;1838;1664;1651;2919;2237
33101;1830;1664;1650;2924;2250
33141;1825;1664;1649;2940;2261
33171;1822;1664;1648;2943;2260
33211;1807;1664;1634;2947;2260
33251;1786;1666;1625;2947;2266
33291;1778;1668;1620;2950;2268
33321;1774;1669;1618;2952;2266
33351;1774;1669;1616;2960;2263
33391;1773;1669;1612;2957;2286
33431;1773;1670;1607;2950;2313
33471;1774;1670;1605;2954;2307
33501;1774;1670;1604;2957;2295
33541;1773;1670;1604;2957;2280
33581;1791;1670;1604;2951;2279
33621;1817;1670;1604;2939;2278
33661;1845;1670;1605;2931;2276
33701;1863;1670;1605;2934;2279
33741;1874;1671;1607;2933;2275
33771;1878;1670;1609;2929;2270
33811;1886;1670;1612;2927;2270
33851;1884;1670;1613;2941;2267
33891;1888;1670;1613;2943;2278
33921;1889;1670;1613;2932;2269
33961;1859;1670;1613;2951;2280
34001;1818;1670;1613;2934;2264
34041;1806;1670;1613;2920;2270
34071;1800;1670;1613;2922;2270
34111;1769;1669;1601;2927;2259
34151;1759;1673;1588;2930;2280
34191;1754;1678;1581;2936;2282
34221;1753;1681;1578;2939;2274
34261;1753;1682;1576;2935;2280
34301;1742;1683;1571;2936;2277
34341;1667;1683;1557;2933;2284
34371;1629;1684;1549;2924;2278
34411;1611;1684;1545;2884;2236
34451;1602;1684;1543;2865;2216
34491;1598;1684;1543;2866;2214
34521;1597;1685;1542;2855;2196
34561;1596;1685;1542;2851;2194
34601;1590;1685;1539;2852;2194
34641;1563;1685;1534;2858;2191
34671;1549;1685;1531;2874;2197
34711;1543;1685;1530;2906;2172
34751;1541;1686;1529;2909;2157
34791;1580;1686;1529;2901;2158
34821;1653;1686;1530;2880;2147
34861;1735;1684;1547;2881;2123
34901;1800;1682;1569;2884;2137
34941;1843;1681;1589;2887;2136
34971;1884;1679;1604;2887;2135
35011;1925;1678;1618;2884;2141
35051;1965;1678;1632;2887;2156
35091;1992;1678;1644;2904;2155
35121;2005;1679;1650;2892;2147
35161;2016;1679;1654;2881;2139
35201;2057;1679;1656;2869;2145
35241;2113;1680;1658;2854;2140
35271;2147;1680;1663;2860;2147
35311;2164;1680;1666;2871;2146
35351;2171;1680;1667;2884;2146
35391;2175;1680;1668;2877;2150
35421;2177;1680;1669;2876;2149
35451;2178;1680;1669;2877;2144
35491;2178;1680;1669;2875;2150
35531;2178;1685;1670;2874;2149
35571;2178;1687;1670;2873;2135
35611;2178;1688;1670;2875;2124
35651;2178;1689;1670;2872;2128
35691;2178;1689;1670;2866;2131
35721;2177;1689;1670;2857;2133
35761;2177;1689;1670;2836;2138
35801;2177;1689;1670;2828;2142
35841;2177;1688;1670;2829;2147
35871;2177;1687;1670;2836;2146
35911;2177;1686;1670;2818;2166
35951;2177;1685;1670;2800;2179
35991;2177;1685;1670;2786;2203
36021;2177;1683;1670;2786;2196
36051;2177;1676;1670;2800;2187
36091;2179;1626;1670;2830;2170
36131;2177;1616;1669;2818;2159
36171;2174;1610;1669;2814;2138
36251;2150;1573;1671;2816;2146
36261;2076;1597;1672;2814;2146
36311;2021;1590;1672;2808;2135
36351;1992;1583;1672;2772;2128
36401;1949;1603;1671;2744;2120
36441;1908;1625;1654;2737;2119
36471;1872;1667;1639;2723;2112
36511;1847;1689;1628;2712;2099
36551;1834;1701;1623;2681;2094
36591;1820;1707;1614;2679;2092
36621;1805;1710;1602;2678;2093
36661;1796;1711;1595;2678;2097
36701;1785;1713;1588;2680;2094
36741;1779;1714;1580;2678;2097
36771;1776;1715;1576;2693;2100
36811;1758;1716;1567;2696;2102
36851;1754;1719;1557;2698;2103
36891;1751;1722;1552;2702;2106
36921;1751;1725;1550;2701;2101
36961;1751;1726;1549;2698;2108
37001;1749;1728;1548;2706;2111
37041;1751;1728;1548;2723;2115
37071;1752;1728;1548;2737;2113
37111;1752;1728;1548;2773;2120
37151;1753;1728;1548;2794;2140
37191;1753;1729;1548;2813;2153
37221;1754;1729;1548;2816;2163
37261;1754;1729;1548;2796;2164
37301;1751;1729;1548;2796;2171
37341;1749;1730;1548;2797;2169
37371;1750;1730;1547;2798;2168
37411;1750;1730;1547;2804;2171
37451;1750;1730;1547;2809;2171
37491;1751;1730;1547;2814;2183
37521;1752;1730;1547;2820;2186
37551;1752;1730;1547;2820;2189
37591;1752;1729;1547;2804;2162
37631;1753;1729;1547;2800;2168
37671;1753;1729;1547;2804;2166
37711;1753;1729;1547;2795;2155
37751;1754;1729;1547;2805;2168
37791;1754;1729;1547;2796;2158
37821;1754;1730;1547;2793;2137
37851;1754;1730;1547;2777;2120
37891;1754;1730;1547;2748;2122
37931;1754;1730;1547;2740;2123
37971;1754;1730;1547;2747;2125
38011;1754;1730;1547;2737;2125
38051;1754;1730;1547;2748;2133
38091;1754;1730;1547;2745;2126
38121;1754;1730;1547;2751;2125
38161;1754;1730;1548;2749;2129
38201;1754;1730;1548;2755;2121
38241;1754;1730;1548;2762;2130
38271;1754;1730;1547;2782;2137
38301;1754;1730;1547;2792;2141
38341;1754;1730;1547;2801;2145
38381;1754;1730;1547;2809;2145
38421;1754;1730;1547;2808;2149
38461;1754;1730;1548;2816;2146
38501;1754;1730;1548;2809;2144
38541;1753;1730;1548;2830;2150
38571;1753;1730;1548;2838;2154
38611;1753;1730;1548;2841;2161
38651;1753;1729;1548;2844;2164
38691;1753;1729;1548;2838;2159
38721;1752;1729;1548;2828;2178
38751;1752;1728;1547;2821;2182
38791;1752;1728;1547;2822;2198
38831;1752;1727;1547;2835;2201
38871;1752;1728;1547;2844;2218
38911;1753;1730;1547;2868;2237
38951;1753;1731;1548;2883;2244
38991;1753;1728;1548;2891;2255
39021;1753;1726;1548;2893;2258
39061;1753;1726;1548;2884;2255
39101;1753;1722;1547;2880;2255
39141;1753;1715;1547;2889;2255
39171;1753;1704;1548;2886;2246
39211;1753;1671;1547;2902;2260
39251;1753;1655;1547;2920;2264
39291;1752;1640;1547;2919;2268
39321;1752;1633;1547;2929;2271
39351;1752;1617;1548;2941;2279
39391;1752;1621;1547;2944;2280
39431;1752;1621;1547;2911;2260
39471;1752;1601;1547;2869;2172
39511;1752;1574;1547;2898;2164
39551;1745;1449;1547;2884;2156
39591;1744;1563;1547;2881;2158
39621;1744;1617;1547;2891;2151
39651;1746;1646;1547;2901;2166
39691;1747;1660;1548;2890;2148
39731;1748;1669;1548;2884;2153
39771;1749;1675;1547;2893;2157
39811;1750;1679;1547;2920;2169
39851;1751;1680;1547;2926;2174
39891;1749;1682;1547;2921;2160
39921;1749;1683;1547;2928;2169
39951;1749;1683;1547;2940;2186
39991;1749;1683;1547;2939;2194
40031;1745;1671;1547;2937;2185
40071;1741;1664;1547;2932;2176
40111;1737;1652;1547;2924;2167
40151;1731;1639;1547;2916;2163
40191;1724;1633;1547;2920;2165
40221;1714;1626;1547;2922;2166
40251;1695;1617;1547;2905;2148
40291;1686;1615;1547;2883;2148
40331;1651;1596;1547;2876;2149
40371;1621;1596;1547;2878;2142
40411;1609;1595;1547;2878;2146
40451;1608;1592;1547;2872;2142
40491;1606;1587;1547;2861;2136
40521;1605;1585;1547;2861;2142
40551;1604;1585;1547;2863;2141
40591;1606;1585;1547;2855;2139
40631;1607;1583;1547;2859;2136
40671;1608;1583;1547;2872;2148
40711;1610;1583;1547;2894;2166
40731;1610;1582;1547;2894;2184
40781;1606;1577;1547;2931;2308
40821;1594;1575;1547;3001;2381
40861;1588;1574;1547;3262;2707
40901;1559;1575;1547;3459;2916
40941;1524;1577;1543;3707;3158
40971;1495;1578;1529;3745;3180
41001;1484;1580;1521;3726;3178
41041;1479;1581;1515;3679;3111
41081;1476;1583;1513;3611;3043
41121;1475;1584;1511;3593;3017
41161;1475;1585;1510;3564;2993
41201;1474;1585;1510;3519;2936
41241;1474;1585;1509;3475;2918
41271;1474;1585;1508;3474;2919
41301;1474;1586;1509;3530;2940
41341;1474;1586;1509;3551;2936
41381;1474;1586;1509;3532;2929
41421;1463;1586;1508;3568;2949
41461;1455;1586;1504;3584;2954
41501;1451;1586;1502;3528;2930
41541;1450;1586;1500;3503;2915
41571;1450;1586;1500;3535;2942
41601;1450;1586;1500;3534;2937
41641;1470;1586;1500;3510;2912
41681;1539;1585;1512;3427;2809
41721;1648;1585;1539;3398;2755
41761;1709;1585;1560;3377;2706
41801;1760;1584;1579;3381;2692
41841;1786;1584;1590;3412;2705
41871;1799;1584;1597;3402;2679
41901;1816;1584;1604;3385;2637
41941;1829;1583;1608;3391;2643
41981;1837;1583;1611;3417;2651
42021;1840;1583;1612;3434;2696
42061;1842;1583;1613;3444;2754
42101;1843;1584;1614;3434;2754
42141;1843;1584;1614;3454;2827
42171;1843;1583;1614;3487;2867
42201;1843;1583;1614;3497;2880
42241;1844;1583;1614;3469;2869
42281;1842;1583;1614;3463;2843
42321;1840;1583;1614;3497;2898
42361;1840;1584;1613;3499;2902
42401;1840;1584;1614;3455;2856
42441;1840;1584;1614;3477;2907
42471;1840;1584;1614;3531;2961
42501;1839;1584;1613;3515;2952
42541;1839;1584;1613;3490;2902
42581;1839;1584;1614;3482;2900
42621;1839;1583;1613;3484;2919
42661;1840;1584;1613;3503;2952
42701;1839;1584;1613;3502;2936
42741;1839;1584;1614;3491;2929
42771;1838;1585;1614;3511;2974
42801;1838;1586;1614;3530;2985
42841;1838;1587;1614;3563;3011
42881;1838;1588;1615;3573;3015
42921;1839;1589;1615;3592;3026
42961;1839;1590;1615;3625;3037
43001;1839;1590;1615;3619;3040
43041;1839;1590;1615;3622;3045
43071;1839;1590;1615;3632;3052
43101;1840;1590;1616;3651;3060
43141;1838;1589;1616;3665;3065
43181;1845;1590;1616;3694;3085
43221;1851;1590;1616;3719;3109
43261;1855;1590;1616;3733;3106
43301;1855;1590;1616;4029;3375
43341;1849;1590;1616;4051;3415
43371;1832;1590;1617;4014;3383
43401;1804;1590;1617;3974;3348
43441;1780;1592;1617;3971;3335
43481;1771;1594;1617;3983;3368
43521;1767;1595;1617;3959;3326
43561;1765;1596;1618;3959;3345
43601;1763;1596;1618;3968;3349
43641;1754;1589;1617;4001;3351
43671;1747;1598;1605;3990;3345
43701;1740;1604;1599;3989;3350
43741;1737;1608;1594;3967;3359
43781;1736;1609;1592;3940;3312
43821;1736;1609;1591;3877;3260
43861;1736;1610;1591;3866;3257
43901;1737;1611;1591;3872;3246
43941;1725;1612;1588;3878;3253
43971;1719;1612;1586;3873;3244
44001;1718;1613;1585;3854;3231
44041;1718;1613;1585;3847;3246
44081;1716;1614;1585;3826;3217
44121;1717;1614;1585;3821;3184
44161;1717;1614;1586;3841;3197
44201;1718;1615;1586;3832;3181
44241;1719;1615;1586;3869;3215
44271;1721;1615;1586;3899;3238
44301;1721;1615;1586;3904;3249
44341;1721;1615;1586;3914;3259
44381;1721;1616;1587;3945;3303
44421;1721;1616;1586;3949;3311
44461;1721;1616;1586;3974;3311
44501;1721;1616;1587;3982;3319
44541;1719;1617;1587;3963;3302
44571;1718;1617;1587;3948;3274
44611;1723;1617;1587;3967;3297
44651;1725;1618;1587;3983;3326
44691;1726;1617;1587;3970;3292
44721;1726;1617;1587;3975;3292
44751;1725;1618;1587;3988;3307
44791;1729;1618;1587;3998;3335
44831;1738;1618;1588;4091;3378
44871;1740;1618;1588;4095;3591
44901;1742;1618;1589;4095;3562
44941;1701;1618;1580;4095;3486
44981;1644;1619;1568;4095;3444
45021;1622;1620;1561;4095;3457
45061;1578;1621;1553;4095;3430
45101;1558;1621;1548;4095;3413
45141;1549;1622;1544;4095;3422
45171;1542;1623;1538;4095;3401
45201;1521;1623;1531;4095;3395
45241;1509;1624;1526;4095;3423
45281;1505;1626;1524;4095;3383
45321;1503;1627;1522;4061;3353
45351;1503;1627;1521;4049;3355
45391;1501;1628;1521;4094;3374
45431;1500;1628;1522;4094;3374
45471;1499;1628;1522;4051;3354
45511;1500;1628;1523;4025;3312
45551;1501;1627;1523;4041;3343
45591;1502;1627;1523;4041;3339
45621;1503;1627;1523;4003;3293
45661;1503;1627;1522;3974;3273
45701;1493;1628;1523;3932;3219
45741;1551;1628;1523;3891;3128
45771;1643;1628;1524;3910;3154
45801;1698;1627;1535;3928;3177
45841;1775;1627;1569;3951;3158
45881;1843;1627;1600;3939;3153
45921;1889;1626;1621;3936;3152
45951;1916;1626;1632;3925;3147
45991;1933;1626;1639;3912;3131
46031;1942;1626;1644;3909;3101
46071;1946;1626;1648;3914;3099
46101;1949;1627;1650;3934;3105
46141;1949;1627;1651;3939;3110
46181;1949;1627;1652;3936;3112
46221;1950;1627;1652;3935;3117
46261;1951;1628;1652;3935;3128
46301;1951;1628;1651;3929;3120
46341;1947;1628;1651;3942;3123
46371;1950;1628;1651;3951;3143
46401;1951;1629;1649;3958;3190
46441;1935;1628;1650;3990;3243
46481;1892;1627;1650;3992;3260
46521;1846;1631;1641;4048;3306
46561;1808;1634;1629;4049;3310
46601;1783;1635;1616;4002;3284
46641;1773;1636;1609;3957;3254
46671;1769;1637;1606;3938;3225
46701;1763;1638;1601;3943;3226
46741;1755;1638;1597;3947;3220
46781;1709;1638;1588;3934;3196
46821;1664;1638;1576;3923;3196
46861;1632;1639;1570;3913;3200
46901;1623;1647;1561;3912;3170
46941;1583;1658;1550;3886;3188
46971;1564;1663;1542;3899;3194
47011;1554;1666;1539;3896;3186
47051;1528;1668;1534;3912;3188
47091;1516;1669;1528;3919;3204
47121;1510;1669;1525;3914;3200
47151;1508;1670;1524;3910;3200
47191;1507;1670;1523;3902;3204
47231;1507;1670;1523;3880;3196
47271;1506;1670;1523;3850;3146
47311;1523;1670;1523;3808;3086
47351;1576;1670;1523;3797;3059
47391;1668;1671;1525;3804;3061
47421;1727;1670;1540;3800;3060
47451;1758;1671;1555;3813;3063
47491;1776;1670;1564;3835;3067
47531;1784;1670;1568;3838;3068
47571;1789;1671;1571;3839;3062
47611;1791;1670;1572;3852;3065
47651;1790;1670;1572;3858;3070
47691;1789;1670;1573;3858;3073
47721;1788;1671;1574;3860;3072
47751;1787;1670;1574;3859;3075
47791;1789;1670;1573;3874;3081
47831;1790;1670;1573;3896;3105
47871;1791;1670;1573;3914;3117
47901;1794;1670;1573;3920;3138
47941;1785;1670;1572;3903;3170
47981;1779;1670;1572;3892;3183
48021;1770;1676;1572;3886;3145
48061;1764;1679;1572;3892;3142
48101;1762;1680;1571;3881;3177
48141;1757;1681;1572;3902;3169
48171;1689;1682;1564;3905;3161
48201;1651;1683;1555;3901;3160
48241;1636;1684;1551;3884;3159
48281;1630;1684;1549;3867;3153
48321;1622;1684;1547;3875;3134
48361;1599;1685;1543;3887;3136
48401;1561;1685;1533;3880;3130
48441;1542;1685;1528;3851;3131
48471;1533;1685;1525;3845;3130
48501;1530;1685;1523;3841;3142
48541;1533;1685;1522;3827;3119
48581;1566;1685;1522;3823;3115
48621;1582;1685;1522;3852;3125
48661;1568;1685;1522;3882;3125
48701;1552;1684;1522;3853;3116
48741;1546;1684;1522;3844;3098
48771;1524;1684;1518;3835;3101
48801;1510;1684;1513;3827;3093
48841;1505;1685;1511;3823;3099
48881;1500;1685;1509;3839;3093
48921;1492;1685;1506;3836;3087
48961;1490;1684;1504;3839;3099
49001;1490;1684;1504;3849;3113
49041;1490;1684;1504;3845;3113
49071;1490;1684;1504;3864;3121
49101;1490;1684;1503;3876;3122
49141;1490;1685;1503;3860;3124
49181;1490;1684;1503;3844;3122
49221;1491;1684;1503;3830;3106
49261;1491;1685;1503;3810;3069
49301;1486;1685;1503;3784;3025
49341;1497;1685;1502;3795;3039
49371;1498;1685;1502;3789;3032
49411;1497;1685;1502;3781;3016
49451;1495;1685;1502;3782;3022
49491;1512;1686;1503;3778;3020
49521;1528;1686;1503;3777;3021
49551;1532;1686;1502;3780;3022
49591;1571;1686;1502;3783;3035
49631;1617;1685;1506;3800;3037
49671;1682;1684;1516;3797;3037
49701;1720;1683;1527;3807;3040
49741;1741;1683;1534;3842;3050
49781;1751;1683;1538;3836;3051
49821;1760;1683;1540;3824;3050
49861;1771;1682;1548;3842;3059
49901;1785;1682;1561;3843;3062
49941;1807;1682;1575;3813;3039
49971;1819;1681;1582;3821;3040
50001;1823;1680;1586;3833;3050
50041;1826;1680;1588;3841;3046
50081;1829;1680;1589;3831;3041
50121;1832;1680;1589;3817;3042
50161;1833;1679;1590;3806;3041
50201;1836;1679;1590;3775;3032
50241;1864;1680;1606;3791;3045
50271;1889;1679;1614;3801;3046
50311;1904;1679;1619;3809;3041
50351;1911;1679;1622;3814;3048
50391;1918;1678;1625;3835;3054
50421;1922;1677;1626;3840;3062
50461;1924;1676;1626;3850;3062
50501;1926;1676;1627;3870;3078
50541;1926;1677;1627;3865;3083
50571;1924;1678;1627;3871;3087
50601;1906;1677;1627;3845;3110
50641;1851;1676;1626;3841;3130
50681;1815;1676;1623;3858;3124
50721;1798;1676;1622;3867;3128
50761;1779;1677;1610;3883;3122
50801;1761;1677;1599;3878;3132
50841;1748;1677;1589;3863;3108
50871;1674;1678;1575;3860;3100
50901;1646;1679;1563;3855;3110
50941;1633;1680;1556;3839;3110
50981;1617;1680;1553;3846;3109
51011;1584;1680;1548;3842;3110
51061;1551;1681;1535;3848;3139
51101;1526;1682;1524;3830;3122
51141;1511;1681;1514;3824;3112
51171;1500;1681;1508;3834;3127
51201;1493;1681;1505;3842;3129
51241;1484;1681;1500;3843;3129
51281;1474;1681;1495;3844;3127
51321;1473;1681;1492;3823;3124
51361;1473;1681;1491;3799;3092
51401;1472;1681;1490;3781;3061
51441;1472;1681;1489;3762;3049
51471;1471;1681;1489;3744;3037
51511;1483;1681;1489;3732;3014
51551;1490;1681;1489;3727;3001
51591;1507;1681;1489;3739;3006
51621;1521;1681;1489;3741;3017
51661;1530;1680;1489;3774;3023
51731;1534;1680;1488;3747;2991
51771;1507;1680;1488;3737;2995
51811;1490;1680;1488;3740;2981
51851;1482;1680;1488;3721;2981
51891;1471;1680;1485;3779;2992
51921;1456;1680;1477;3752;2998
51951;1448;1680;1473;3738;2999
51991;1445;1680;1471;3731;3005
52031;1444;1680;1470;3736;3000
52071;1444;1681;1470;3742;3012
52101;1443;1680;1469;3737;3017
52141;1443;1680;1469;3736;3018
52181;1443;1680;1469;3739;3024
52221;1443;1680;1469;3749;3026
52261;1443;1680;1469;3749;3030
52301;1443;1679;1469;3754;3033
52341;1442;1679;1469;3764;3045
52371;1442;1679;1469;3755;3047
52411;1442;1679;1469;3736;3026
52451;1443;1679;1469;3732;3026
52491;1458;1679;1469;3746;3037
52521;1474;1679;1470;3746;3041
52551;1506;1679;1476;3742;3038
52591;1517;1678;1486;3744;3036
52631;1524;1678;1494;3738;3043
52671;1528;1678;1498;3731;3031
52711;1531;1678;1500;3732;3031
52751;1536;1678;1501;3738;3034
52791;1567;1677;1502;3752;3041
52821;1585;1677;1503;3763;3040
52861;1596;1676;1509;3759;3030
52901;1674;1675;1526;3753;3028
52941;1736;1674;1553;3755;3028
52971;1778;1674;1572;3747;3025
53011;1802;1674;1583;3748;3017
53051;1811;1674;1589;3761;3025
53091;1819;1674;1592;3785;3035
53121;1823;1672;1593;3792;3038
53161;1825;1672;1593;3800;3055
53201;1826;1672;1593;3802;3056
53241;1828;1672;1593;3802;3058
53271;1829;1672;1593;3796;3057
53301;1829;1672;1594;3796;3059
53341;1808;1671;1593;3814;3074
53381;1774;1671;1592;3802;3065
53421;1756;1671;1591;3807;3068
53451;1747;1671;1590;3807;3078
53491;1741;1671;1589;3834;3113
53531;1672;1672;1576;3826;3106
53571;1605;1672;1561;3833;3101
53611;1568;1672;1552;3831;3132
53651;1552;1672;1548;3822;3128
53691;1543;1672;1546;3817;3121
53721;1539;1672;1545;3825;3126
53761;1534;1672;1541;3851;3124
53801;1527;1672;1534;3843;3106
53841;1525;1672;1531;3801;3081
53871;1524;1672;1529;3786;3062
53901;1523;1672;1528;3779;3061
53941;1528;1672;1528;3764;3047
53981;1562;1672;1528;3771;3055
54011;1582;1672;1528;3798;3064
54051;1593;1672;1528;3810;3068
54091;1599;1672;1528;3832;3078
54131;1564;1671;1528;3859;3091
54171;1523;1671;1519;3851;3090
54201;1504;1671;1514;3822;3080
54241;1494;1671;1512;3847;3068
54281;1483;1671;1505;3830;3069
54321;1478;1671;1502;3818;3073
54361;1477;1671;1501;3823;3083
54401;1476;1671;1500;3813;3083
54441;1476;1672;1500;3803;3069
54471;1476;1672;1500;3791;3071
54511;1476;1672;1500;3785;3048
54551;1476;1672;1500;3759;3021
54591;1476;1672;1500;3740;2967
54621;1477;1671;1500;3760;2985
54661;1502;1670;1500;3778;2985
54701;1543;1670;1501;3791;2996
54741;1564;1669;1502;3793;2992
54771;1575;1669;1502;3783;2998
54811;1581;1669;1502;3787;3007
54851;1584;1669;1503;3790;3015
54891;1585;1669;1503;3762;3003
54921;1586;1669;1502;3747;3005
54951;1592;1669;1506;3733;3000
54991;1669;1669;1520;3727;2999
55031;1695;1669;1533;3746;3011
55071;1710;1669;1539;3761;3014
55111;1720;1669;1543;3770;3016
55151;1726;1669;1545;3791;3033
55191;1731;1669;1546;3794;3032
55221;1733;1669;1546;3793;3022
55251;1734;1669;1546;3806;3039
55291;1735;1669;1546;3838;3069
55331;1736;1669;1547;3854;3113
55371;1726;1669;1548;3842;3113
55411;1749;1669;1548;3836;3129
55451;1767;1669;1554;3863;3158
55491;1789;1669;1563;3872;3163
55521;1802;1669;1572;3870;3163
55551;1820;1669;1578;3876;3165
55591;1829;1669;1582;3881;3171
55631;1834;1669;1583;3868;3159
55671;1860;1669;1598;3860;3161
55711;1884;1669;1607;3871;3165
55751;1897;1669;1612;3870;3162
55791;1904;1669;1615;3863;3143
55821;1898;1669;1616;3874;3146
55851;1884;1669;1615;3887;3157
55891;1850;1668;1616;3889;3160
55931;1811;1668;1616;3894;3168
55971;1662;1667;1585;3896;3164
56001;1577;1667;1557;3871;3169
56041;1538;1667;1541;3845;3143
56081;1518;1667;1533;3837;3127
56121;1509;1668;1529;3811;3123
56161;1506;1668;1527;3818;3109
56201;1505;1668;1526;3836;3125
56241;1503;1668;1522;3865;3138
56271;1492;1668;1515;3855;3117
56301;1484;1668;1509;3830;3123
56341;1481;1668;1507;3821;3126
56381;1479;1668;1506;3825;3135
56421;1474;1668;1503;3880;3147
56461;1465;1668;1496;3891;3163
56501;1462;1668;1492;3876;3164
56541;1460;1667;1491;3856;3153
56571;1458;1667;1491;3840;3139
56611;1461;1668;1491;3837;3141
56651;1464;1667;1491;3860;3128
56691;1466;1667;1491;3861;3130
56721;1466;1667;1491;3858;3141
56751;1467;1667;1490;3895;3137
56791;1460;1668;1490;3884;3152
56831;1458;1668;1490;3863;3142
56871;1457;1668;1490;3880;3139
56901;1454;1667;1490;3893;3148
56941;1452;1667;1489;3863;3153
56981;1450;1667;1489;3878;3131
57021;1442;1667;1487;3882;3153
57051;1428;1667;1480;3904;3161
57091;1419;1667;1473;3896;3168
57131;1414;1667;1469;3895;3169
57171;1412;1667;1468;3903;3175
57211;1411;1667;1467;3907;3168
57251;1410;1667;1466;3899;3167
57291;1410;1667;1466;3902;3168
57321;1410;1667;1465;3889;3158
57351;1409;1667;1466;3883;3152
57391;1403;1667;1465;3872;3147
57431;1403;1667;1465;3857;3142
57471;1403;1667;1465;3847;3128
57511;1403;1667;1465;3806;3082
57551;1401;1667;1465;3797;3058
57591;1417;1667;1465;3791;3034
57621;1434;1667;1465;3794;3032
57651;1448;1667;1465;3793;3030
57691;1456;1667;1466;3776;3023
57731;1464;1666;1468;3767;3011
57771;1477;1666;1475;3764;3014
57811;1484;1665;1482;3772;3024
57851;1488;1665;1489;3763;3019
57861;1491;1666;1493;3765;3019
57901;1497;1666;1496;3749;2999
57941;1492;1665;1498;3748;2994
58001;1498;1657;1502;3753;3001
58041;1512;1653;1506;3774;3016
58071;1521;1651;1509;3805;3036
58101;1520;1650;1512;3810;3049
58141;1565;1649;1518;3838;3064
58181;1640;1649;1533;3852;3080
58221;1686;1649;1544;3844;3088
58261;1720;1649;1557;3828;3078
58301;1746;1649;1568;3818;3077
58341;1763;1649;1575;3828;3080
58371;1773;1649;1579;3840;3091
58401;1777;1650;1581;3852;3093
58441;1779;1650;1582;3873;3096
58481;1780;1649;1582;3873;3096
58521;1780;1649;1582;3866;3082
58561;1781;1649;1582;3866;3082
58601;1781;1649;1583;3854;3073
58641;1781;1649;1583;3847;3056
58671;1781;1649;1583;3846;3068
58701;1782;1649;1583;3854;3081