
267;1165;873;880;1591;1184
377;1748;1310;1320;1598;1176
417;2039;1528;1540;1600;1173
447;2185;1637;1650;1610;1171
457;2258;1691;1705;1610;1169
487;2294;1719;1732;1608;1165
527;2313;1732;1746;1611;1166
567;2322;1739;1753;1615;1168
607;2326;1742;1756;1615;1167
637;2328;1744;1758;1618;1168
677;2330;1745;1759;1620;1168
717;2330;1745;1759;1624;1167
757;2330;1745;1759;1622;1171
787;2330;1745;1760;1612;1174
827;2330;1745;1760;1610;1173
867;2330;1745;1760;1610;1174
907;2330;1745;1760;1608;1179
937;2330;1745;1760;1606;1178
977;2330;1745;1760;1605;1189
1017;2330;1745;1760;1601;1185
1057;2332;1745;1760;1595;1213
1087;2335;1746;1760;1555;1240
1127;2334;1746;1760;1507;1302
1167;2333;1746;1760;1523;1400
1207;2332;1746;1760;1558;1408
1237;2331;1746;1760;1553;1390
1277;2331;1745;1760;1612;1406
1317;2331;1744;1760;1733;1525
1357;2330;1744;1760;2012;1999
1387;2332;1744;1760;2229;2413
1427;2333;1744;1760;3213;3693
1467;2320;1723;1759;4095;4095
1507;2288;1688;1758;4095;4095
1537;2265;1660;1758;4095;4095
1577;2250;1648;1758;4095;4095
1617;2220;1622;1758;4095;4095
1657;2205;1610;1758;4095;4095
1687;2196;1604;1758;4095;4095
1727;2192;1601;1758;4095;4095
1767;2190;1601;1758;3491;3795
1807;2190;1601;1759;2945;2929
1837;2189;1602;1759;2688;2545
1877;2189;1602;1759;2664;2516
1917;2189;1602;1759;2731;2599
1957;2189;1602;1759;2909;2778
1987;2190;1602;1759;2981;2938
2027;2190;1603;1759;2291;1944
2067;2190;1603;1759;2355;1925
2107;2190;1603;1759;2512;1950
2137;2190;1603;1759;2570;1978
2177;2191;1603;1759;2696;2037
2217;2191;1603;1759;2983;2153
2257;2191;1603;1759;3191;2157
2287;2192;1603;1759;3201;1987
2327;2192;1603;1759;3574;2016
2367;2191;1603;1759;3731;2029
2407;2191;1603;1759;4005;2085
2417;2192;1603;1759;4094;2186
2457;2192;1603;1759;4095;3153
2497;2194;1603;1759;4095;3814
2537;2195;1603;1759;4095;4095
2577;2194;1603;1759;4095;4095
2657;2191;1602;1760;4095;3624
2697;2187;1601;1760;3577;2575
2737;2182;1601;1760;3432;2437
2777;2180;1600;1760;3225;2208
2817;2178;1600;1759;2974;1913
2857;2179;1600;1759;2841;1741
2887;2173;1600;1759;2665;1655
2927;2170;1600;1759;2602;1618
2967;2160;1599;1759;2539;1586
3007;2149;1599;1759;2461;1539
3037;2143;1599;1759;2469;1575
3077;2138;1598;1760;2679;1720
3117;2136;1597;1759;2860;1884
3157;2132;1597;1760;3058;2100
3187;2131;1597;1759;3279;2340
3227;2130;1597;1759;3475;2542
3267;2129;1598;1759;2921;2146
3307;2128;1599;1759;2539;1790
3337;2128;1599;1759;2343;1589
3377;2127;1599;1759;1697;1342
3417;2058;1598;1759;1447;1212
3457;2020;1593;1759;1452;1231
3487;1974;1557;1760;1657;1307
3527;1876;1497;1759;1297;1205
3567;1829;1482;1759;1220;1201
3607;1811;1482;1759;1282;1206
3637;1797;1478;1759;1568;1331
3677;1792;1469;1760;1820;1450
3717;1789;1465;1760;2409;1699
3757;1789;1463;1760;2587;1876
3787;1788;1462;1760;2754;2066
3827;1790;1462;1760;2532;1855
3867;1791;1463;1760;2184;1530
3907;1792;1463;1760;1572;1334
3937;1787;1466;1760;1738;1443
3977;1708;1428;1760;2790;1730
4017;1628;1372;1760;1464;1295
4057;1610;1380;1760;1397;1313
4087;1614;1384;1760;1713;1366
4127;1618;1387;1760;1908;1433
4167;1620;1388;1760;1925;1434
4207;1620;1389;1760;1884;1432
4237;1621;1389;1760;1899;1441
4267;1620;1389;1760;1930;1447
4277;1619;1389;1760;1939;1448
4317;1619;1389;1760;2217;1448
4357;1619;1389;1759;2225;1445
4387;1619;1389;1759;2232;1446
4427;1619;1389;1759;2212;1438
4467;1619;1389;1759;2174;1425
4507;1619;1389;1759;1883;1389
4537;1619;1389;1760;1879;1392
4577;1619;1390;1760;1871;1394
4617;1619;1390;1760;1870;1394
4657;1619;1390;1760;1732;1337
4687;1618;1390;1760;1699;1342
4727;1618;1390;1760;1667;1351
4767;1618;1390;1760;1680;1340
4777;1618;1390;1760;1682;1333
4807;1618;1390;1760;1673;1343
4837;1618;1390;1760;1682;1338
4867;1618;1390;1760;1670;1344
4877;1618;1390;1760;1668;1343
4917;1618;1390;1760;1673;1333
4947;1618;1390;1760;1683;1337
4957;1618;1390;1760;1687;1337
4987;1618;1390;1760;1692;1337
5017;1618;1390;1760;1692;1338
5027;1618;1390;1760;1692;1336
5067;1618;1390;1760;1694;1332
5087;1618;1390;1760;1703;1332
5107;1618;1390;1760;1704;1330
5137;1618;1390;1760;1707;1330
5177;1618;1390;1760;1713;1329
5217;1618;1390;1760;1713;1336
5257;1618;1390;1760;1701;1334
5287;1618;1390;1760;1672;1332
5327;1618;1390;1760;1561;1350
5367;1618;1390;1760;1547;1407
5407;1618;1390;1759;1545;1422
5437;1618;1390;1759;1555;1424
5467;1618;1390;1759;1542;1421
5477;1618;1390;1759;1542;1417
5517;1618;1390;1760;1517;1416
5547;1618;1390;1760;1501;1415
5557;1619;1390;1759;1505;1415
5587;1618;1390;1759;1498;1414
5617;1618;1390;1759;1500;1415
5627;1618;1390;1759;1498;1416
5667;1618;1390;1759;1496;1413
5697;1618;1390;1759;1512;1418
5707;1618;1390;1760;1518;1419
5737;1618;1390;1760;1537;1420
5767;1618;1390;1760;1538;1430
5777;1618;1390;1760;1541;1432
5817;1618;1390;1760;1538;1424
5857;1618;1390;1759;1535;1423
5887;1618;1390;1759;1545;1424
5927;1618;1390;1759;1546;1428
5967;1618;1390;1759;1549;1426
6007;1618;1390;1760;1569;1431
6037;1618;1390;1760;1574;1430
6077;1618;1390;1760;1574;1432
6117;1618;1390;1760;1573;1427
6157;1618;1390;1760;1560;1415
6187;1618;1391;1760;1548;1403
6227;1618;1391;1760;1564;1406
6267;1583;1390;1760;1677;1385
6307;1543;1391;1760;1784;1403
6337;1525;1391;1760;1712;1387
6377;1516;1392;1760;1623;1357
6417;1512;1393;1760;1611;1344
6457;1497;1394;1759;1667;1371
6487;1485;1394;1760;1783;1412
6527;1478;1394;1760;1822;1428
6567;1475;1394;1759;1805;1425
6607;1457;1394;1751;1833;1427
6637;1440;1394;1742;1849;1429
6677;1431;1394;1738;1862;1437
6717;1427;1394;1736;1823;1428
6757;1411;1394;1734;1864;1434
6787;1397;1394;1727;1877;1439
6827;1391;1394;1723;1878;1443
6867;1388;1394;1721;1826;1428
6877;1386;1394;1721;1812;1421
6907;1385;1394;1721;1807;1412
6937;1385;1394;1721;1811;1414
6947;1385;1394;1721;1813;1414
6977;1385;1393;1721;1818;1416
7017;1378;1393;1720;1832;1423
7047;1368;1393;1716;1839;1423
7057;1362;1393;1714;1842;1424
7087;1358;1393;1713;1832;1423
7127;1357;1393;1712;1797;1415
7167;1356;1393;1712;1794;1413
7207;1356;1393;1712;1821;1412
7237;1356;1393;1712;1821;1413
7277;1356;1393;1712;1823;1413
7317;1356;1394;1712;1806;1414
7337;1356;1394;1713;1797;1415
7357;1356;1394;1713;1803;1416
7387;1361;1394;1713;1665;1370
7427;1395;1394;1713;1625;1359
7467;1443;1394;1713;1494;1332
7507;1493;1394;1713;1438;1342
7537;1588;1394;1717;1478;1334
7577;1681;1394;1726;1452;1325
7617;1731;1394;1732;1461;1318
7627;1760;1394;1739;1462;1318
7657;1774;1394;1745;1513;1328
7687;1793;1393;1749;1557;1329
7727;1802;1393;1751;1565;1334
7767;1808;1393;1752;1570;1335
7807;1811;1393;1753;1578;1335
7837;1813;1393;1753;1619;1339
7877;1814;1393;1754;1669;1366
7917;1811;1393;1755;1722;1398
7957;1810;1393;1755;1736;1403
7987;1810;1393;1755;1729;1390
8027;1810;1393;1755;1685;1382
8067;1810;1393;1755;1654;1381
8107;1802;1393;1755;1725;1401
8137;1701;1393;1755;1807;1429
8177;1584;1393;1752;1917;1457
8217;1508;1393;1743;1883;1434
8257;1426;1393;1722;1835;1424
8287;1370;1393;1702;1796;1419
8327;1343;1393;1691;1665;1377
8367;1331;1393;1685;1572;1322
8407;1324;1393;1682;1497;1318
8437;1336;1393;1681;1457;1316
8477;1375;1393;1681;1411;1307
8517;1414;1393;1683;1421;1311
8557;1432;1393;1684;1506;1304
8587;1436;1393;1685;1595;1325
8627;1438;1393;1685;1673;1365
8667;1439;1393;1685;1660;1358
8707;1439;1393;1686;1608;1344
8737;1411;1394;1686;1683;1368
8777;1337;1381;1683;1932;1462
8817;1296;1363;1680;1901;1446
8857;1279;1355;1679;1791;1397
8887;1280;1350;1679;1649;1355
8927;1296;1348;1679;1644;1357
8967;1322;1347;1679;1527;1319
9007;1371;1347;1692;1363;1343
9037;1440;1359;1706;1329;1357
9077;1557;1379;1721;1336;1365
9117;1696;1415;1729;1300;1298
9157;1786;1440;1741;1297;1300
9187;1847;1455;1748;1298;1294
9227;1878;1460;1753;1306;1286
9267;1905;1466;1758;1327;1275
9307;1920;1470;1761;1333;1274
9317;1926;1471;1762;1333;1274
9337;1929;1472;1763;1344;1274
9377;1931;1472;1763;1366;1278
9417;1932;1475;1764;1459;1293
9457;1933;1477;1764;1503;1315
9487;1934;1478;1764;1547;1328
9527;1935;1478;1764;1529;1330
9567;1956;1481;1764;1467;1318
9607;2079;1527;1766;1388;1304
9637;2145;1554;1769;1402;1305
9677;2181;1568;1771;1423;1302
9717;2262;1607;1782;1445;1313
9757;2311;1631;1788;1406;1328
9787;2349;1649;1790;1402;1320
9827;2382;1677;1791;1430;1310
9867;2398;1691;1793;1458;1304
9907;2409;1698;1793;1612;1354
9937;2405;1702;1794;1808;1409
9977;2372;1688;1795;1908;1457
10017;2113;1626;1788;1895;1458
10057;1932;1582;1761;1914;1453
10087;1829;1559;1746;1882;1442
10127;1751;1548;1732;1826;1429
10167;1635;1543;1712;1855;1436
10207;1569;1541;1696;1856;1438
10237;1537;1540;1687;1827;1425
10277;1510;1540;1674;1808;1419
10317;1491;1540;1660;1814;1418
10357;1481;1540;1653;1816;1411
10387;1475;1540;1650;1811;1412
10427;1474;1540;1648;1763;1415
10467;1473;1540;1647;1720;1417
10507;1475;1541;1646;1695;1384
10537;1452;1541;1636;1821;1415
10577;1385;1515;1622;2258;1483
10617;1336;1495;1611;2212;1479
10657;1312;1485;1606;1873;1464
10687;1300;1479;1603;1879;1463
10727;1294;1473;1602;1903;1467
10757;1291;1470;1602;1874;1463
10797;1277;1459;1601;1869;1463
10837;1264;1451;1601;1879;1463
10877;1258;1448;1601;1836;1446
10917;1254;1446;1601;1770;1437
10957;1254;1445;1601;1778;1416
10987;1254;1445;1601;1808;1429
11027;1255;1445;1601;1792;1429
11067;1256;1445;1601;1687;1418
11107;1261;1445;1601;1652;1353
11137;1262;1445;1601;1691;1368
11177;1263;1445;1601;1731;1382
11217;1264;1445;1601;1714;1370
11257;1265;1445;1601;1711;1370
11287;1265;1445;1601;1721;1379
11327;1265;1445;1601;1700;1380
11367;1264;1445;1601;1687;1383
11407;1283;1445;1601;1645;1378
11437;1315;1445;1603;1565;1338
11477;1368;1445;1623;1469;1317
11517;1415;1445;1646;1399;1310
11557;1449;1446;1658;1396;1311
11587;1476;1446;1672;1384;1312
11627;1511;1445;1687;1376;1316
11667;1548;1444;1696;1405;1305
11707;1575;1443;1701;1415;1303
11737;1641;1444;1704;1407;1303
11777;1701;1456;1712;1427;1306
11817;1742;1468;1717;1413;1314
11857;1766;1480;1721;1422;1318
11887;1775;1489;1724;1427;1323
11927;1781;1493;1726;1443;1319
11967;1793;1495;1728;1459;1334
12007;1843;1510;1730;1439;1356
12037;1886;1495;1733;1409;1345
12077;1909;1486;1735;1429;1329
12117;1921;1477;1736;1447;1333
12157;1931;1473;1736;1407;1361
12187;1955;1542;1737;1385;1353
12227;1980;1577;1743;1361;1333
12267;1996;1595;1748;1419;1295
12307;2006;1604;1751;1439;1286
12337;2009;1609;1753;1406;1313
12377;2105;1619;1757;1397;1342
12417;2170;1632;1762;1385;1340
12457;2202;1639;1765;1403;1310
12487;2217;1642;1767;1438;1293
12527;2223;1644;1770;1513;1294
12567;2226;1645;1771;1598;1323
12607;2226;1645;1772;1607;1319
12637;2224;1646;1773;1615;1328
12677;2188;1646;1774;1702;1368
12717;1982;1564;1773;1717;1381
12757;1820;1551;1753;1727;1395
12787;1656;1544;1721;1732;1403
12827;1551;1541;1687;1735;1398
12867;1500;1540;1666;1719;1399
12907;1462;1539;1647;1718;1380
12937;1425;1539;1635;1714;1386
12977;1392;1541;1620;1734;1389
13017;1376;1542;1612;1696;1404
13057;1368;1543;1608;1650;1403
13087;1366;1544;1606;1646;1398
13127;1363;1544;1606;1706;1386
13167;1359;1544;1605;1730;1366
13207;1357;1544;1604;1698;1374
13237;1356;1544;1604;1673;1389
13277;1350;1544;1603;1697;1380
13317;1344;1538;1602;1696;1386
13357;1342;1536;1601;1643;1403
13387;1343;1534;1601;1635;1416
13427;1344;1534;1601;1697;1382
13467;1331;1533;1596;1759;1351
13507;1324;1531;1594;1731;1367
13537;1322;1531;1593;1692;1389
13577;1351;1531;1593;1640;1329
13617;1421;1530;1612;1434;1274
13657;1538;1530;1645;1440;1270
13687;1658;1530;1675;1467;1261
13727;1739;1530;1697;1450;1272
13767;1798;1530;1716;1434;1273
13807;1868;1530;1735;1441;1280
13837;1909;1531;1746;1470;1286
13877;1932;1532;1752;1479;1279
13917;1943;1532;1755;1493;1272
13957;1945;1532;1756;1629;1273
13987;1935;1532;1757;1722;1298
14027;1885;1531;1757;1722;1305
14067;1803;1518;1757;1720;1309
14107;1736;1512;1757;1703;1328
14137;1613;1508;1736;1694;1322
14177;1497;1506;1689;1723;1321
14217;1437;1506;1661;1693;1329
14257;1408;1505;1647;1654;1337
14287;1393;1505;1640;1647;1329
14327;1361;1502;1632;1716;1313
14367;1339;1496;1623;1736;1305
14407;1328;1494;1618;1665;1337
14437;1323;1493;1616;1650;1346
14477;1318;1493;1616;1638;1345
14517;1350;1493;1615;1608;1347
14557;1398;1494;1623;1587;1369
14587;1436;1494;1636;1582;1368
14627;1464;1494;1649;1563;1345
14667;1489;1494;1659;1554;1328
14707;1534;1495;1675;1457;1312
14737;1628;1495;1690;1383;1313
14777;1703;1501;1705;1399;1329
14817;1748;1504;1713;1408;1342
14857;1788;1499;1723;1412;1338
14887;1833;1513;1730;1407;1343
14927;1881;1530;1739;1414;1366
14967;1913;1539;1746;1427;1350
15007;1928;1544;1750;1432;1324
15037;1937;1547;1752;1439;1325
15077;1938;1548;1753;1411;1351
15117;1985;1576;1758;1379;1361
15157;2096;1594;1765;1386;1362
15187;2154;1603;1770;1384;1346
15227;2183;1607;1774;1395;1318
15267;2202;1609;1777;1428;1305
15307;2177;1609;1778;1595;1315
15327;2050;1578;1779;1700;1357
15377;1928;1543;1780;1717;1368
15417;1868;1527;1780;1669;1412
15457;1696;1517;1749;1668;1419
15487;1589;1513;1722;1671;1378
15527;1533;1512;1707;1652;1391
15567;1504;1512;1698;1641;1393
15607;1475;1512;1683;1660;1372
15637;1461;1512;1675;1654;1361
15677;1429;1512;1655;1659;1384
15717;1406;1507;1642;1659;1367
15757;1395;1506;1635;1621;1365
15787;1390;1505;1632;1604;1357
15827;1405;1504;1631;1592;1346
15867;1448;1504;1635;1585;1345
15907;1485;1504;1651;1590;1345
15937;1505;1505;1660;1595;1347
15977;1517;1505;1665;1603;1340
16017;1523;1505;1669;1622;1338
16057;1599;1506;1681;1597;1344
16087;1663;1510;1691;1557;1361
16127;1702;1513;1698;1573;1368
16167;1729;1512;1702;1584;1385
16207;1748;1512;1704;1575;1417
16237;1758;1513;1705;1593;1418
16277;1767;1512;1706;1607;1424
16317;1767;1512;1706;1642;1380
16357;1767;1512;1706;1676;1375
16387;1739;1512;1706;1676;1383
16427;1736;1511;1706;1653;1393
16467;1735;1511;1706;1634;1421
16507;1735;1512;1706;1617;1432
16537;1729;1512;1708;1605;1427
16577;1732;1512;1709;1609;1416
16617;1739;1512;1710;1620;1410
16657;1740;1512;1710;1623;1412
16687;1729;1512;1710;1617;1449
16727;1783;1516;1711;1579;1500
16767;1866;1562;1721;1541;1495
16807;1909;1585;1726;1509;1469
16837;1929;1597;1729;1598;1436
16877;1940;1603;1731;1652;1414
16917;1944;1606;1732;1582;1449
16957;1947;1607;1732;1567;1432
16987;1948;1608;1732;1557;1419
17027;1947;1608;1732;1581;1405
17067;1946;1608;1733;1580;1414
17107;1946;1608;1733;1476;1467
17137;1975;1609;1734;1483;1491
17177;2077;1628;1739;1490;1495
17217;2129;1638;1742;1502;1483
17257;2157;1644;1743;1552;1424
17287;2169;1646;1745;1587;1383
17327;2175;1648;1748;1600;1345
17367;2179;1648;1750;1606;1375
17407;2180;1649;1751;1615;1426
17437;2182;1649;1752;1606;1426
17477;2183;1649;1753;1637;1415
17517;2184;1649;1753;1648;1391
17557;2185;1649;1754;1667;1371
17587;2181;1649;1754;1680;1371
17627;2178;1649;1754;1676;1364
17667;2178;1649;1754;1688;1373
17707;2058;1646;1754;1690;1413
17737;1960;1642;1755;1686;1384
17777;1871;1639;1737;1681;1393
17817;1751;1633;1716;1692;1433
17857;1701;1631;1700;1694;1438
17887;1665;1630;1691;1694;1452
17927;1606;1630;1679;1711;1456
17967;1556;1629;1661;1702;1461
18007;1522;1623;1649;1704;1471
18037;1501;1620;1641;1672;1479
18077;1469;1613;1632;1680;1467
18117;1440;1604;1622;1693;1504
18157;1412;1581;1612;1661;1498
18187;1389;1549;1606;1652;1493
18227;1374;1545;1603;1606;1483
18267;1368;1545;1601;1601;1512
18307;1365;1545;1600;1604;1528
18337;1363;1546;1601;1617;1527
18377;1350;1538;1601;1636;1495
18417;1333;1521;1600;1636;1460
18457;1324;1515;1600;1610;1466
18487;1320;1512;1600;1586;1492
18527;1334;1512;1600;1630;1490
18567;1412;1511;1617;1596;1487
18607;1541;1511;1652;1536;1477
18637;1646;1510;1675;1544;1482
18677;1714;1510;1693;1542;1479
18717;1777;1509;1712;1576;1519
18757;1818;1507;1724;1595;1557
18787;1846;1504;1731;1572;1561
18827;1865;1509;1734;1569;1540
18867;1874;1512;1736;1580;1518
18907;1878;1514;1736;1584;1514
18937;1880;1515;1736;1595;1495
18977;1882;1515;1736;1565;1520
19017;1894;1527;1736;1485;1563
19057;1938;1569;1736;1480;1615
19087;1968;1591;1739;1505;1607
19167;1990;1602;1742;1521;1512
19207;2002;1608;1744;1558;1540
19237;2077;1618;1747;1569;1545
19277;2144;1634;1752;1526;1551
19317;2178;1642;1755;1541;1473
19397;2192;1645;1757;1546;1372
19437;2168;1628;1758;1574;1388
19477;2035;1573;1758;1619;1403
19517;1896;1558;1758;1622;1379
19547;1680;1523;1731;1612;1402
19587;1515;1492;1699;1651;1407
19627;1427;1476;1676;1632;1381
19667;1383;1468;1665;1605;1392
19747;1350;1464;1654;1628;1385
19787;1334;1462;1648;1641;1381
19827;1327;1461;1645;1634;1380
19867;1324;1461;1643;1621;1392
19907;1321;1461;1642;1598;1410
19947;1349;1461;1642;1599;1436
19987;1391;1461;1643;1575;1461
20027;1429;1461;1649;1582;1469
20067;1448;1462;1656;1590;1440
20107;1458;1462;1660;1606;1423
20137;1463;1462;1662;1592;1420
20177;1462;1462;1664;1564;1459
20217;1501;1462;1678;1573;1476
20257;1626;1480;1692;1560;1485
20287;1697;1493;1701;1554;1496
20327;1738;1500;1707;1594;1502
20367;1832;1540;1719;1569;1489
20407;1907;1574;1728;1556;1510
20437;1957;1596;1736;1560;1519
20477;2057;1607;1745;1618;1516
20517;2106;1613;1751;1609;1506
20557;2130;1616;1753;1627;1546
20587;2143;1617;1754;1610;1559
20627;2149;1618;1755;1625;1512
20667;2153;1618;1755;1625;1493
20707;2156;1618;1755;1647;1501
20737;2159;1619;1755;1664;1496
20777;2154;1620;1756;1686;1468
20817;2069;1620;1756;1704;1498
20857;2023;1620;1756;1683;1538
20887;1988;1620;1756;1667;1586
20927;1925;1620;1754;1707;1610
20967;1879;1619;1737;1626;1578
21007;1857;1621;1728;1578;1582
21037;1846;1622;1723;1640;1631
21077;1820;1623;1707;1666;1637
21117;1788;1624;1687;1618;1615
21157;1738;1625;1671;1638;1598
21187;1724;1625;1661;1631;1632
21227;1721;1625;1657;1630;1644
21267;1716;1625;1655;1577;1622
21307;1724;1625;1654;1625;1617
21337;1724;1625;1654;1637;1591
21377;1728;1625;1654;1618;1555
21417;1731;1625;1654;1597;1567
21457;1664;1625;1648;1713;1656
21487;1566;1625;1623;1731;1664
21527;1498;1625;1603;1798;1743
21567;1465;1625;1592;1762;1801
21607;1449;1625;1587;1778;1807
21637;1439;1625;1585;1801;1762
21677;1435;1625;1584;1792;1772
21717;1433;1625;1583;1781;1800
21757;1432;1625;1583;1748;1845
21787;1460;1625;1583;1735;1829
21827;1492;1625;1584;1712;1790
21867;1598;1625;1604;1719;1757
21907;1702;1625;1634;1704;1672
21937;1771;1625;1655;1698;1695
21977;1811;1625;1671;1708;1693
22017;1834;1625;1680;1718;1721
22057;1873;1625;1692;1705;1733
22087;1891;1625;1698;1720;1689
22127;1899;1625;1701;1741;1670
22167;1887;1625;1702;1759;1661
22207;1854;1625;1702;1790;1662
22237;1832;1625;1702;1810;1682
22277;1790;1625;1695;1833;1787
22317;1612;1618;1653;1933;1869
22357;1515;1614;1626;2227;1873
22387;1467;1612;1613;2202;1906
22427;1443;1611;1606;2210;1955
22467;1429;1610;1602;2234;1924
22507;1421;1610;1599;2230;1887
22537;1417;1610;1598;2216;1911
22577;1416;1610;1598;2242;1913
22617;1415;1610;1598;2192;1908
22657;1420;1610;1598;1880;1847
22687;1468;1610;1598;1879;1918
22727;1608;1610;1613;1846;1944
22767;1700;1610;1637;1834;1946
22807;1750;1610;1653;1889;1902
22837;1773;1610;1661;1907;1881
22877;1784;1611;1665;1903;1874
22917;1793;1611;1668;1893;1858
22957;1795;1611;1669;1906;1859
22987;1796;1611;1669;1933;1865
23027;1789;1611;1670;1937;1836
23067;1793;1611;1670;1930;1830
23107;1793;1611;1670;1949;1842
23137;1699;1611;1670;2238;1881
23177;1612;1611;1663;2245;1871
23217;1544;1611;1645;2240;1876
23257;1465;1611;1615;2333;1988
23287;1424;1610;1598;2352;1937
23327;1404;1610;1589;2328;1979
23367;1395;1610;1586;2305;2026
23407;1398;1610;1584;2293;1998
23437;1408;1610;1583;2291;1933
23477;1415;1610;1582;2320;1956
23517;1420;1610;1582;2338;1955
23557;1422;1610;1582;2314;1994
23597;1443;1610;1582;2267;2001
23637;1494;1610;1604;2239;1997
23677;1605;1611;1625;2217;2000
23717;1672;1611;1640;2229;2005
23797;1709;1611;1650;2278;1931
23837;1740;1611;1656;2328;1960
23877;1748;1611;1658;2349;1987
23917;1731;1611;1660;2357;1999
23957;1619;1611;1652;2375;1990
23997;1535;1611;1638;2380;1962
24037;1478;1611;1618;2375;1982
24077;1431;1611;1601;2372;2003
24117;1389;1605;1587;2363;1987
24157;1368;1599;1580;2340;1993
24187;1358;1596;1577;2310;2036
24227;1352;1595;1575;2264;2045
24267;1369;1594;1574;2251;2065
24307;1398;1593;1574;2228;2028
24337;1422;1593;1584;2210;2022
24377;1445;1593;1599;2190;2022
24417;1483;1593;1614;2178;2024
24457;1514;1593;1624;2186;2019
24487;1530;1593;1631;2164;2025
24527;1554;1593;1641;1895;2028
24567;1637;1593;1651;1910;2014
24607;1689;1593;1658;1912;2019
24637;1720;1593;1663;1895;2029
24677;1750;1593;1669;1898;2012
24717;1768;1593;1673;1899;1967
24757;1775;1593;1674;1913;1963
24787;1778;1593;1675;1922;1975
24827;1781;1593;1675;1943;1990
24867;1776;1593;1675;2241;2045
24907;1689;1594;1675;2287;2075
24937;1586;1594;1657;2318;2090
24977;1508;1594;1631;2343;2088
25017;1446;1594;1607;2356;2127
25057;1392;1594;1585;2345;2086
25087;1364;1594;1570;2345;2081
25127;1351;1594;1562;2341;2117
25167;1345;1594;1559;2329;2162
25207;1346;1594;1557;2302;2157
25237;1359;1594;1557;2281;2134
25277;1362;1594;1556;2344;2088
25317;1364;1594;1556;2341;2097
25357;1373;1594;1556;2290;2014
25387;1396;1594;1556;2259;1962
25427;1456;1594;1581;2256;1960
25467;1562;1594;1610;2227;1951
25507;1650;1594;1635;2212;1964
25537;1713;1594;1650;2223;1958
25577;1745;1594;1658;2217;1943
25617;1768;1595;1666;2213;1969
25657;1791;1595;1673;2175;1977
25687;1808;1594;1678;2165;1968
25727;1821;1594;1682;1916;1959
25737;1828;1594;1684;1924;1962
25747;1833;1594;1685;1922;1964
25797;1840;1594;1689;1941;1992
25837;1855;1594;1692;1958;2002
25887;1866;1594;1695;2209;1990
25927;1872;1594;1697;2210;1996
25967;1890;1594;1698;2220;2037
25987;1900;1594;1701;2216;2075
26027;1908;1594;1703;2189;2041
26067;1912;1594;1704;2203;1982
26107;1914;1594;1705;2247;1962
26137;1914;1594;1706;2259;1962
26177;1917;1594;1707;2245;1996
26217;1916;1595;1707;2230;2039
26257;1922;1595;1707;2214;2107
26287;1933;1595;1708;2246;2150
26327;1943;1595;1710;2274;2151
26367;1949;1595;1711;2266;2154
26407;1953;1595;1712;2261;2115
26437;1955;1595;1713;2281;2131
26477;1955;1595;1713;2276;2139
26517;1956;1595;1713;2264;2124
26557;1956;1595;1713;2288;2099
26587;1956;1595;1713;2323;2093
26627;1954;1595;1713;2346;2132
26667;1954;1595;1713;2333;2132
26707;1953;1595;1713;2354;2139
26747;1954;1594;1713;2369;2164
26787;1954;1595;1713;2371;2130
26827;1953;1595;1713;2356;2118
26867;1954;1595;1713;2337;2078
26947;1898;1595;1711;2281;1982
26987;1849;1595;1703;2314;2037
27027;1823;1594;1690;2321;2098
27067;1811;1595;1679;2326;2170
27107;1811;1595;1674;2275;2162
27147;1812;1595;1672;2298;2123
27187;1780;1595;1655;2297;1961
27227;1660;1595;1640;2281;1863
27267;1564;1595;1613;2276;1964
27307;1481;1595;1583;2306;1988
27337;1439;1595;1565;2291;1990
27377;1412;1595;1553;2295;2014
27417;1397;1595;1546;2322;2029
27457;1390;1595;1542;2300;2030
27487;1376;1595;1540;2316;2028
27527;1364;1595;1537;2340;2003
27567;1358;1595;1536;2311;2005
27637;1355;1595;1536;2278;2068
27677;1389;1595;1537;2273;2061
27717;1451;1595;1553;2261;2083
27757;1544;1595;1582;2268;2075
27787;1658;1595;1608;2270;2028
27827;1751;1595;1632;2271;2098
27867;1810;1595;1649;2279;2173
27907;1872;1595;1667;2296;2171
27937;1908;1595;1679;2275;2170
27977;1928;1595;1686;2295;2139
28017;1937;1595;1689;2322;2102
28057;1942;1595;1691;2325;2117
28087;1943;1595;1692;2315;2090
28127;1944;1595;1692;2326;2033
28167;1943;1595;1692;2336;1995
28207;1944;1595;1692;2335;1983
28237;1944;1595;1692;2318;1984
28277;1944;1595;1692;2314;1977
28317;1944;1595;1692;2325;1971
28357;1941;1595;1691;2327;1984
28387;1873;1595;1689;2337;1973
28427;1821;1595;1675;2329;1944
28467;1711;1595;1654;2336;1941
28507;1596;1595;1618;2326;1963
28537;1536;1595;1599;2306;2007
28577;1504;1595;1590;2265;2074
28617;1511;1595;1585;2246;2148
28657;1632;1595;1586;2248;2161
28687;1769;1611;1610;2203;2173
28727;1998;1659;1650;2212;2212
28767;2129;1690;1676;2215;2201
28807;2193;1706;1688;2231;2132
28837;2224;1714;1695;2265;2125
28877;2240;1718;1698;2281;2141
28917;2249;1720;1700;2298;2135
28957;2254;1721;1701;2289;2029
28987;2253;1722;1701;2300;1984
29027;2256;1722;1701;2298;1941
29067;2255;1722;1701;2299;1940
29107;2254;1722;1702;2282;2008
29137;2255;1722;1704;2278;2029
29177;2257;1722;1705;2264;2081
29217;2261;1722;1706;2269;2114
29257;2262;1722;1706;2295;2153
29287;2262;1722;1706;2324;2174
29327;2261;1722;1706;2347;2168
29367;2259;1722;1706;2372;2089
29407;2259;1722;1705;2386;2024
29437;2259;1723;1704;2376;2002
29477;2248;1723;1704;2395;2002
29517;2078;1724;1673;2360;2023
29557;1957;1724;1643;2374;2008
29587;1894;1725;1623;2373;2008
29627;1834;1726;1602;2376;2095
29667;1776;1727;1582;2385;2104
29707;1721;1727;1569;2376;2106
29737;1693;1727;1562;2354;2150
29777;1682;1727;1559;2341;2179
29817;1722;1728;1557;2330;2172
29857;1786;1728;1557;2296;2126
29887;1830;1727;1566;2284;2142
29917;1867;1727;1577;2266;2151
29957;1900;1727;1589;2290;2165
29997;1927;1728;1606;2300;2170
30037;1957;1728;1619;2296;2155
30077;1971;1728;1626;2323;2157
30117;1983;1728;1630;2355;2042
30157;1982;1728;1632;2351;1956
30187;1946;1728;1632;2332;1909
30227;1892;1728;1618;2328;1914
30267;1829;1728;1593;2329;1972
30307;1684;1728;1564;2347;1964
30337;1596;1728;1545;2361;1931
30437;1571;1729;1536;2294;2087
30487;1660;1729;1532;2281;2078
30527;1713;1729;1530;2341;2002
30567;1743;1729;1529;2334;1958
30607;1758;1729;1529;2310;1984
30637;1750;1729;1528;2286;2041
30677;1772;1729;1531;2349;2033
30717;1754;1729;1533;2348;1943
30757;1646;1729;1534;2345;1848
30787;1563;1729;1523;2339;1841
30827;1496;1729;1512;2327;1813
30867;1446;1721;1507;2308;1862
30907;1422;1717;1504;2299;1843
30937;1411;1715;1503;2297;1869
30977;1405;1714;1503;2298;1874
31017;1418;1714;1502;2270;1829
31057;1454;1714;1502;2276;1877
31087;1490;1714;1513;2262;1889
31127;1552;1714;1533;2239;1867
31207;1626;1714;1555;2231;1856
31237;1681;1714;1568;2226;1856
31277;1699;1714;1580;2220;1862
31317;1740;1714;1592;2220;1869
31357;1766;1714;1601;2227;1862
31387;1791;1714;1610;2226;1851
31427;1805;1714;1617;2234;1849
31467;1810;1714;1621;2258;1850
31507;1814;1714;1621;2264;1834
31517;1817;1714;1622;2263;1831
31597;1820;1714;1623;2274;1844
31657;1820;1714;1623;2265;1847
31687;1820;1714;1623;2261;1846
31727;1821;1714;1623;2267;1831
31767;1822;1714;1623;2264;1840
31807;1815;1714;1619;2293;1861
31837;1708;1714;1604;2328;1869
31877;1596;1714;1576;2330;1839
31907;1538;1714;1559;2315;1851
31957;1463;1714;1530;2293;1886
31987;1401;1685;1513;2284;1897
32027;1371;1670;1505;2266;1920
32067;1357;1662;1501;2236;1963
32107;1379;1659;1499;2232;1965
32137;1418;1658;1502;2227;1962
32177;1471;1657;1525;2222;1913
32217;1583;1657;1555;2217;1928
32257;1681;1657;1583;2213;1923
32287;1748;1657;1603;2194;1917
32327;1795;1657;1617;2200;1951
32367;1828;1657;1626;2218;1931
32407;1851;1657;1632;2228;1927
32437;1858;1658;1636;2223;1941
32477;1895;1659;1644;2228;1983
32517;1933;1659;1655;2231;1991
32557;1958;1659;1662;2224;1971
32587;1971;1658;1666;2239;1930
32627;1978;1658;1667;2227;1888
32667;1982;1659;1668;2201;1918
32707;1984;1659;1669;2218;1976
32737;1981;1659;1670;2236;1987
32777;1982;1659;1671;2231;1962
32817;1984;1659;1672;2245;1962
32857;1985;1659;1672;2253;1923
32887;1987;1658;1672;2275;1883
32927;1987;1657;1675;2280;1799
32967;1923;1646;1675;2265;1699
33007;1819;1636;1660;2255;1751
33037;1682;1632;1644;2228;1805
33077;1586;1631;1622;2222;1839
33117;1526;1630;1599;2224;1858
33157;1482;1630;1580;2194;1828
33187;1455;1630;1567;2193;1821
33227;1438;1630;1559;2212;1836
33267;1417;1630;1550;2218;1877
33307;1403;1629;1543;2223;1876
33337;1397;1630;1540;2204;1892
33377;1396;1630;1539;2203;1903
33417;1424;1630;1539;2202;1902
33457;1461;1630;1541;2206;1936
33487;1492;1630;1550;2203;1942
33527;1519;1630;1562;2205;1941
33567;1617;1630;1583;2181;1956
33607;1701;1630;1603;2159;1944
33637;1759;1630;1617;2158;1931
33677;1800;1630;1628;1917;1899
33717;1854;1630;1642;1907;1879
33757;1895;1630;1655;1906;1904
33787;1918;1630;1662;1914;1925
33827;1932;1630;1666;1916;1925
33867;1943;1631;1669;1922;1924
33907;1963;1631;1675;1910;1921
33937;1976;1631;1680;1917;1932
33977;1993;1631;1686;1927;1984
34017;2010;1631;1691;1936;1996
34057;2017;1631;1694;1933;1994
34087;2098;1632;1697;1941;2020
34127;2135;1632;1700;1952;2036
34167;2154;1632;1701;2210;2036
34207;2163;1632;1702;2217;1996
34237;2167;1632;1703;2223;1987
34277;2170;1632;1703;2230;1977
34317;2171;1632;1703;2247;1978
34357;2173;1632;1703;2281;1945
34387;2166;1632;1702;2280;1891
34427;2015;1632;1701;2275;1859
34467;1866;1632;1670;2277;1876
34507;1743;1632;1647;2270;1929
34537;1643;1632;1633;2264;1944
34577;1577;1633;1613;2266;1940
34617;1532;1634;1595;2261;1948
34657;1511;1635;1585;2247;1960
34687;1500;1635;1579;2252;1973
34727;1494;1635;1577;2244;1979
34767;1489;1635;1576;2248;1954
34807;1557;1635;1575;2213;1941
34837;1658;1635;1583;2207;1943
34877;1754;1635;1606;2194;1940
34917;1847;1635;1632;2210;1956
34957;1908;1636;1651;2219;1962
34987;1942;1636;1660;2236;1957
35027;1959;1636;1664;2248;1932
35067;1967;1636;1667;2243;1924
35107;1970;1635;1668;2271;1924
35137;1956;1635;1668;2297;1949
35177;1887;1635;1664;2309;1964
35217;1747;1635;1631;2305;1988
35257;1629;1636;1600;2304;1985
35297;1555;1637;1575;2304;1981
35377;1516;1637;1559;2291;2006
35397;1492;1637;1547;2299;1988
35417;1470;1637;1537;2300;1959
35497;1451;1637;1531;2312;1954
35537;1418;1637;1515;2335;1998
35577;1393;1637;1506;2335;1966
35617;1381;1637;1501;2318;1984
35657;1376;1637;1499;2326;2012
35697;1373;1638;1498;2330;2007
35737;1371;1638;1498;2339;1941
35777;1344;1623;1495;2328;1864
35817;1323;1615;1494;2320;1843
35857;1312;1611;1493;2311;1871
35887;1307;1609;1493;2309;1897
35927;1304;1608;1493;2313;1900
35967;1303;1607;1493;2310;1917
36007;1303;1600;1493;2308;1941
36037;1303;1593;1493;2294;1929
36077;1311;1589;1493;2248;1877
36117;1352;1588;1500;2210;1809
36127;1384;1587;1509;2198;1797
36177;1436;1587;1537;2186;1814
36217;1479;1587;1560;2181;1824
36257;1514;1587;1577;2185;1840
36297;1532;1587;1588;2179;1868
36337;1554;1588;1596;2185;1889
36377;1584;1588;1603;2189;1899
36417;1661;1588;1613;2198;1912
36457;1709;1588;1620;2206;1894
36487;1733;1588;1623;2223;1867
36527;1732;1588;1624;2241;1837
36567;1751;1588;1625;2241;1832
36607;1760;1588;1625;2252;1856
36637;1765;1588;1626;2247;1880
36677;1714;1589;1626;2277;1888
36717;1592;1589;1608;2281;1874
36757;1514;1589;1585;2269;1844
36787;1456;1589;1564;2273;1896
36827;1410;1589;1544;2287;1932
36867;1374;1589;1527;2291;1930
36907;1345;1589;1516;2296;1902
36937;1330;1590;1511;2291;1905
36977;1323;1590;1509;2292;1923
37017;1320;1590;1508;2291;1947
37057;1320;1590;1507;2264;1956
37087;1328;1590;1507;2258;1967
37127;1354;1589;1507;2241;1944
37147;1373;1589;1507;2231;1900
37197;1405;1589;1517;2204;1851
37237;1462;1589;1543;2172;1826
37287;1552;1589;1576;1887;1741
37327;1646;1589;1600;1887;1726
37367;1709;1589;1616;1862;1725
37447;1797;1590;1640;1855;1768
37487;1854;1590;1654;1870;1782
37527;1883;1590;1662;1875;1776
37567;1898;1590;1665;1877;1774
37607;1906;1590;1667;1889;1779
37647;1909;1589;1668;1865;1828
37687;2020;1616;1680;1866;1816
37727;2094;1630;1686;1892;1831
37767;2130;1637;1689;1914;1819
37807;2147;1641;1691;1958;1783
37837;2136;1643;1692;2213;1773
37877;1997;1644;1683;2185;1803
37917;1864;1646;1650;2213;1898
37957;1696;1647;1610;2233;1932
37987;1582;1647;1574;2252;1909
38027;1506;1647;1547;2253;1860
38067;1467;1648;1533;2247;1890
38107;1449;1648;1526;2241;1950
38137;1440;1648;1523;2218;1924
38177;1465;1648;1521;2213;1903
38217;1501;1648;1532;2210;1897
38257;1561;1648;1551;2189;1892
38287;1663;1648;1575;2163;1858
38327;1760;1648;1603;1919;1851
38367;1834;1648;1621;1921;1874
38407;1887;1648;1639;1904;1843
38437;1933;1648;1654;1896;1820
38477;1958;1648;1662;1898;1821
38517;1972;1648;1667;1906;1831
38557;1978;1648;1669;1916;1819
38587;1981;1648;1671;1931;1805
38627;1982;1648;1672;1947;1807
38667;1980;1648;1672;1949;1805
38707;1891;1649;1665;2200;1797
38737;1699;1649;1625;2233;1777
38777;1586;1649;1591;2239;1755
38817;1530;1649;1574;2197;1831
38857;1501;1649;1566;2180;1881
38887;1492;1649;1562;2190;1895
38927;1555;1649;1560;2177;1903
38967;1655;1649;1571;2172;1941
39007;1747;1649;1597;1912;1926
39037;1808;1649;1614;1913;1937
39077;1852;1649;1624;1921;1952
39117;1875;1649;1629;1938;1954
39157;1885;1649;1631;1941;1986
39187;1897;1648;1633;1940;1952
39227;1894;1648;1634;2212;1904
39267;1745;1648;1617;2247;1907
39307;1626;1648;1592;2244;1862
39337;1549;1649;1569;2242;1868
39377;1484;1649;1543;2252;1866
39417;1446;1649;1527;2230;1891
39457;1429;1649;1519;2215;1895
39487;1421;1649;1516;2205;1905
39527;1431;1648;1514;2197;1878
39567;1470;1648;1516;2187;1884
39607;1572;1648;1542;2191;1921
39637;1705;1648;1581;2163;1892
39677;1807;1648;1610;2162;1926
39717;1864;1648;1627;2183;1949
39757;1884;1648;1637;2235;1914
39787;1853;1648;1641;2247;1858
39827;1700;1649;1613;2243;1812
39867;1587;1649;1576;2248;1854
39907;1511;1649;1549;2259;1880
39937;1470;1649;1533;2263;1881
39977;1437;1649;1521;2258;1856
40017;1422;1649;1515;2239;1876
40057;1416;1649;1512;2238;1917
40087;1414;1649;1510;2230;1912
40127;1440;1649;1509;2205;1886
40167;1465;1649;1510;2216;1898
40207;1488;1649;1515;2211;1915
40237;1505;1649;1522;2209;1912
40277;1521;1649;1533;2207;1917
40317;1538;1649;1545;2217;1928
40357;1580;1649;1558;2207;1907
40387;1652;1649;1575;2172;1841
40427;1723;1649;1599;1896;1748
40467;1786;1649;1616;1883;1775
40507;1863;1649;1636;1888;1831
40537;1918;1649;1653;1887;1842
40577;1956;1649;1664;1903;1832
40617;1977;1649;1670;1921;1839
40657;1988;1649;1674;1943;1835
40687;1994;1649;1676;1933;1811
40727;1998;1649;1677;1940;1807
40767;1999;1649;1678;1943;1810
40807;1999;1649;1678;1947;1802
40857;1953;1649;1677;2213;1807
40897;1829;1649;1650;2228;1838
40937;1657;1649;1597;2243;1874
40977;1544;1649;1557;2245;1884
41017;1470;1649;1529;2251;1928
41057;1431;1649;1513;2234;1912
41097;1407;1649;1505;2243;1929
41137;1396;1649;1501;2237;1931
41177;1389;1649;1499;2212;1893
41217;1398;1649;1498;2184;1862
41257;1431;1649;1497;2177;1864
41287;1465;1649;1506;2175;1872
41327;1606;1649;1544;1880;1793
41367;1743;1649;1588;1867;1786
41407;1843;1649;1622;1891;1854
41437;1898;1649;1641;1912;1867
41477;1927;1649;1652;1909;1833
41517;1940;1649;1657;1922;1867
41557;1961;1649;1662;1942;1892
41587;1970;1649;1665;1932;1869
41627;1977;1649;1667;1927;1847
41667;1980;1649;1668;1931;1865
41707;1982;1649;1669;1937;1869
41737;1983;1649;1669;1935;1862
41777;1984;1649;1669;1948;1903
41817;1985;1649;1669;2212;1982
41857;1984;1649;1669;2228;1940
41887;1982;1648;1669;2225;1916
41927;1980;1648;1669;2224;1917
41967;1885;1648;1647;2260;2034
42007;1675;1648;1588;2272;1946
42037;1547;1648;1549;2270;1870
42077;1471;1648;1529;2245;1892
42117;1425;1648;1513;2254;1930
42157;1393;1648;1504;2251;1935
42187;1378;1648;1499;2238;1959
42227;1371;1648;1497;2223;1998
42267;1382;1648;1496;2206;2006
42307;1438;1648;1504;2165;1972
42337;1552;1648;1536;1911;1963
42377;1674;1648;1574;1918;1956
42417;1771;1648;1604;1936;2004
42457;1857;1648;1631;2212;2101
42487;1905;1648;1645;2231;2132
42527;1930;1648;1654;2229;2108
42567;1943;1648;1659;2237;2086
42607;1949;1648;1661;2240;2064
42637;1952;1648;1663;2255;2053
42677;1951;1648;1663;2261;2066
42717;1949;1648;1663;2269;2065
42757;1948;1648;1663;2244;2165
42787;1948;1650;1663;2266;2148
42827;1857;1670;1615;2292;2200
42867;1738;1680;1579;2285;2105
42907;1694;1685;1562;2282;2065
42937;1608;1688;1545;2292;2103
42977;1548;1689;1527;2286;2145
43017;1520;1690;1519;2264;2142
43057;1505;1690;1515;2259;2147
43077;1521;1690;1513;2249;2150
43127;1667;1690;1534;2231;2126
43167;1787;1690;1571;2231;2148
43207;1867;1690;1600;2228;2162
43237;1923;1690;1618;2226;2171
43277;1953;1690;1628;2230;2156
43317;1964;1690;1635;2223;2171
43357;1973;1690;1639;2213;2153
43387;1978;1690;1641;2197;2115
43427;1981;1690;1642;2191;2071
43467;1980;1690;1643;2240;2031
43507;1839;1690;1620;2244;1939
43537;1696;1690;1595;2216;1904
43577;1600;1690;1569;2216;1942
43617;1539;1690;1549;2200;1937
43657;1506;1691;1539;2202;1914
43687;1489;1691;1534;2180;1951
43727;1480;1691;1532;1921;1981
43767;1475;1691;1530;1927;2018
43807;1506;1691;1530;1901;2019
43837;1612;1691;1536;1904;2024
43877;1712;1691;1559;1873;2009
43917;1781;1691;1582;1865;2010
43957;1856;1691;1607;1871;2035
43987;1903;1690;1623;1891;2037
44027;1944;1690;1633;1933;2044
44057;1964;1690;1639;1931;2040
44097;1975;1690;1642;1909;2023
44137;1980;1690;1643;1947;2027
44177;1983;1690;1644;2210;1995
44217;1985;1690;1645;2247;1915
44257;1978;1690;1645;2259;1873
44287;1905;1690;1637;2230;1871
44327;1752;1690;1602;2237;1905
44367;1651;1690;1577;2218;1909
44407;1599;1690;1564;2180;1907
44437;1562;1690;1552;2160;1886
44477;1538;1690;1544;1922;1890
44517;1524;1691;1540;1910;1895
44557;1510;1691;1534;1925;1902
44587;1500;1690;1531;1918;1905
44627;1497;1690;1529;1908;1910
44667;1489;1690;1528;1918;1903
44707;1488;1690;1526;1920;1903
44737;1489;1691;1525;1912;1900
44777;1490;1691;1525;1913;1909
44817;1491;1691;1524;1933;1894
44857;1482;1691;1522;2204;1861
44887;1463;1691;1516;2209;1791
44927;1448;1691;1512;2206;1772
44967;1441;1691;1510;2166;1742
45007;1438;1691;1509;1910;1790
45037;1436;1691;1509;1883;1815
45077;1478;1691;1509;1840;1830
45117;1597;1691;1525;1816;1806
45157;1720;1691;1560;1801;1742
45187;1794;1691;1592;1803;1724
45227;1852;1691;1611;1808;1747
45267;1891;1691;1623;1796;1764
45307;1917;1691;1632;1790;1777
45337;1931;1691;1637;1802;1777
45377;1937;1691;1639;1839;1739
45417;1923;1691;1641;1841;1715
45457;1783;1691;1620;1864;1749
45487;1633;1691;1582;1885;1755
45527;1531;1691;1545;1919;1754
45567;1462;1689;1524;1884;1772
45607;1424;1684;1514;1879;1765
45637;1406;1682;1510;1889;1796
45677;1397;1681;1508;1871;1825
45717;1402;1681;1506;1831;1790
45757;1433;1681;1506;1823;1757
45787;1479;1681;1518;1813;1758
45827;1599;1681;1548;1815;1766
45867;1706;1681;1579;1809;1794
45907;1785;1681;1604;1803;1787
45937;1839;1682;1620;1801;1781
45977;1885;1682;1633;1804;1784
46017;1914;1682;1642;1819;1793
46057;1929;1682;1648;1821;1779
46087;1937;1682;1652;1832;1753
46127;1940;1682;1654;1838;1710
46167;1931;1682;1654;1845;1699
46207;1862;1682;1652;1857;1703
46237;1802;1682;1641;1851;1704
46277;1712;1682;1621;1848;1717
46307;1591;1682;1586;1865;1727
46317;1525;1682;1563;1873;1732
46357;1478;1682;1544;1894;1735
46387;1450;1682;1530;1888;1750
46427;1423;1682;1519;1882;1818
46467;1410;1682;1513;1881;1829
46507;1404;1682;1510;1881;1850
46537;1400;1682;1509;1866;1857
46577;1431;1682;1509;1856;1831
46617;1491;1682;1527;1836;1814
46657;1618;1682;1555;1839;1816
46677;1691;1682;1574;1838;1816
46687;1735;1682;1586;1833;1816
46727;1766;1682;1600;1826;1817
46767;1792;1682;1612;1824;1815
46807;1800;1682;1613;1903;1802
46837;1739;1682;1614;1907;1806
46877;1624;1682;1592;1909;1787
46917;1524;1682;1559;1920;1742
46957;1410;1623;1533;1931;1819
46987;1343;1587;1517;1924;1823
47027;1304;1567;1509;1880;1800
47067;1285;1557;1505;1871;1845
47107;1273;1552;1503;1871;1870
47137;1293;1549;1502;1851;1852
47177;1320;1548;1503;1844;1850
47217;1354;1547;1516;1848;1866
47257;1395;1547;1541;1844;1842
47287;1428;1547;1561;1832;1840
47327;1460;1547;1577;1816;1851
47367;1501;1548;1598;1815;1849
47407;1555;1548;1611;1814;1849
47437;1583;1548;1619;1817;1859
47477;1657;1549;1626;1814;1882
47487;1672;1549;1631;1812;1880
47537;1755;1552;1642;1796;1867
47577;1799;1556;1649;1807;1876
47617;1822;1559;1653;1807;1866
47657;1832;1562;1655;1810;1864
47697;1878;1595;1660;1821;1879
47737;1915;1614;1665;1834;1952
47777;2043;1651;1679;1832;1933
47817;2118;1670;1686;1842;1951
47857;2156;1679;1690;1862;1872
47887;2172;1684;1692;1887;1843
47927;2179;1687;1693;1889;1787
47967;2183;1688;1694;1881;1787
48007;2185;1688;1696;1876;1799
48037;2186;1689;1699;1883;1783
48077;2190;1689;1700;1869;1763
48117;2192;1689;1700;1862;1751
48157;2172;1689;1701;1870;1758
48187;2025;1689;1701;1866;1769
48227;1865;1689;1664;1887;1766
48267;1704;1689;1629;1886;1770
48307;1604;1689;1595;1887;1777
48337;1541;1690;1569;1879;1778
48377;1504;1690;1552;1888;1766
48417;1485;1690;1542;1886;1764
48457;1454;1684;1532;1891;1771
48487;1416;1659;1525;1902;1803
48527;1377;1634;1521;1911;1793
48567;1360;1622;1519;1908;1825
48607;1351;1616;1519;1894;1852
48637;1374;1613;1519;1862;1849
48677;1438;1612;1532;1830;1867
48717;1528;1611;1562;1831;1878
48757;1618;1611;1593;1833;1868
48787;1642;1611;1604;1885;1786
48877;1511;1610;1573;1882;1758
48917;1412;1545;1548;1898;1773
48997;1324;1526;1529;1878;1719
49037;1267;1507;1520;1848;1700
49077;1231;1487;1515;1863;1774
49117;1213;1477;1512;1865;1801
49147;1204;1472;1511;1866;1873
49187;1204;1470;1511;1842;1874
49227;1208;1469;1511;1829;1859
49267;1213;1469;1511;1825;1860
49307;1230;1468;1511;1820;1874
49347;1261;1468;1515;1824;1897
49387;1324;1468;1542;1821;1950
49427;1424;1491;1575;1823;1950
49467;1487;1509;1599;1818;1971
49507;1523;1519;1612;1840;1924
49537;1542;1525;1618;1855;1885
49577;1535;1527;1622;1894;1868
49617;1486;1529;1624;1897;1846
49657;1433;1530;1608;1910;1850
49687;1387;1530;1585;1911;1846
49727;1351;1530;1563;1925;1837
49767;1332;1530;1551;1925;1831
49807;1324;1530;1545;1905;1869
49837;1320;1530;1541;1885;1900
49877;1350;1530;1540;1868;1942
49917;1409;1530;1555;1857;1949
49957;1455;1530;1574;1849;1964
49987;1488;1530;1591;1847;1974
50027;1513;1530;1608;1859;1961
50067;1521;1530;1616;1884;1898
50107;1501;1530;1616;1899;1867
50137;1467;1530;1614;1905;1848
50177;1411;1531;1592;1916;1864
50217;1356;1531;1562;1919;1836
50257;1318;1531;1541;1917;1846
50287;1297;1531;1530;1919;1859
50327;1287;1531;1525;1899;1877
50367;1282;1531;1523;1884;1897
50407;1316;1531;1522;1862;1925
50437;1370;1531;1536;1857;1919
50477;1445;1531;1569;1844;1954
50517;1609;1563;1600;1845;1947
50557;1724;1586;1620;1845;1953
50587;1783;1597;1632;1831;1953
50627;1816;1603;1639;1832;1944
50667;1838;1606;1645;1835;1968
50707;1860;1607;1652;1834;1986
50737;1875;1608;1657;1834;1984
50777;1884;1609;1661;1827;1975
50817;1911;1611;1665;1817;1998
50857;1956;1632;1673;1850;2040
50887;1989;1642;1678;1872;2073
50927;2010;1649;1683;1843;2036
50967;2021;1652;1687;1845;2004
51007;2025;1654;1690;1823;1990
51037;2026;1655;1692;1834;1991
51077;2026;1655;1693;1846;1982
51117;2026;1655;1693;1842;1976
51157;2027;1655;1693;1843;1984
51187;2028;1655;1693;1840;1988
51227;2028;1655;1693;1835;1973
51267;2026;1655;1693;1831;1940
51307;1975;1655;1691;1841;1941
51337;1884;1655;1666;1847;1949
51377;1739;1656;1638;1846;1904
51417;1605;1656;1595;1865;1891
51457;1528;1656;1566;1863;1901
51487;1489;1656;1551;1845;1966
51527;1472;1656;1544;1825;1954
51567;1462;1656;1540;1831;1890
51607;1458;1656;1538;1837;1895
51637;1457;1657;1538;1828;1920
51677;1456;1657;1538;1818;1958
51717;1472;1657;1538;1796;1927
51757;1611;1657;1551;1784;1961
51787;1729;1657;1579;1767;1986
51827;1827;1656;1606;1798;2021
51867;1912;1655;1636;1813;1999
51907;1971;1655;1656;1806;2009
51937;2076;1651;1668;1814;2006
51977;2150;1677;1680;1805;1944
52017;2186;1690;1686;1811;1937
52057;2205;1698;1689;1803;1924
52087;2214;1702;1691;1805;1930
52127;2217;1704;1692;1809;1940
52167;2219;1705;1692;1811;1928
52207;2221;1706;1692;1831;1915
52237;2208;1706;1691;1855;1892
52277;1996;1707;1657;1842;1854
52317;1807;1708;1614;1847;1851
52357;1665;1708;1573;1842;1877
52387;1579;1708;1549;1836;1893
52427;1535;1708;1537;1831;1898
52467;1515;1708;1529;1813;1913
52507;1505;1708;1526;1801;1964
52537;1500;1708;1524;1807;1992
52577;1495;1708;1523;1794;2017
52617;1555;1708;1523;1801;2008
52657;1665;1709;1540;1813;1978
52687;1764;1708;1567;1817;1972
52727;1850;1707;1597;1832;1992
52767;1901;1704;1616;1835;2019
52807;1941;1702;1630;1853;2022
52837;1972;1701;1641;1856;2027
52877;1989;1700;1650;1852;2015
52917;1986;1698;1652;1898;1950
52957;1889;1698;1631;1900;1893
52987;1798;1699;1607;1904;1880
52997;1695;1700;1589;1906;1879
53037;1602;1702;1561;1915;1846
53077;1536;1705;1542;1915;1838
53117;1505;1707;1532;1910;1842
53197;1471;1708;1520;1898;1836
53237;1455;1709;1514;1884;1877
53277;1448;1710;1511;1862;1897
53317;1459;1710;1510;1852;1904
53357;1561;1710;1518;1824;1889
53397;1699;1710;1556;1784;1839
53437;1803;1710;1592;1808;1872
53477;1890;1710;1620;1818;1873
53517;1945;1710;1643;1805;1859
53557;1984;1710;1656;1792;1861
53587;2078;1709;1667;1797;1865
53627;2149;1706;1680;1804;1896
53667;2190;1704;1687;1812;1883
53707;2211;1703;1691;1815;1848
53737;2221;1703;1693;1794;1868
53777;2240;1701;1694;1780;1926
53817;2282;1695;1703;1780;1974
53857;2308;1690;1712;1767;1960
53887;2321;1688;1716;1781;1921
53927;2327;1690;1719;1790;1912
53967;2329;1691;1720;1815;1916
54007;2323;1692;1720;1855;1905
54037;2226;1692;1715;1808;1919
54077;2084;1693;1692;1785;1954
54117;1994;1693;1675;1772;1995
54157;1928;1687;1655;1776;1996
54187;1892;1676;1641;1769;1998
54227;1869;1666;1633;1775;2004
54267;1834;1667;1617;1790;2064
54307;1813;1667;1605;1814;2061
54337;1803;1665;1599;1798;2045
54377;1797;1665;1596;1798;2082
54417;1795;1666;1594;1798;2102
54457;1795;1670;1594;1797;2091
54487;1794;1669;1593;1799;2062
54527;1794;1670;1589;1821;2088
54567;1793;1678;1579;1815;2121
54607;1793;1723;1559;1846;2111
54637;1793;1748;1547;1848;2082
54677;1793;1761;1537;1856;2128
54717;1793;1768;1533;1862;2190
54757;1793;1772;1531;1861;2174
54787;1793;1774;1530;1863;2146
54827;1793;1775;1529;1853;2108
54867;1789;1775;1529;1863;2129
54907;1814;1775;1529;1892;2074
54937;1871;1776;1529;1910;2068
54977;2031;1776;1562;1925;1983
55017;2160;1777;1601;1930;1928
55057;2273;1778;1639;1957;1901
55087;2338;1778;1665;2211;1870
55127;2382;1785;1681;2184;1836
55167;2407;1789;1691;2210;1850
55207;2417;1791;1696;2215;1841
55237;2424;1792;1698;2209;1748
55277;2349;1794;1699;2201;1715
55317;2161;1795;1664;2166;1745
55357;2010;1795;1624;1899;1773
55387;1897;1795;1586;1914;1838
55427;1771;1795;1549;1930;1841
55467;1658;1795;1524;1899;1801
55507;1598;1796;1510;1887;1817
55537;1553;1796;1503;1878;1832
55577;1511;1795;1499;1885;1816
55617;1471;1775;1497;1875;1780
55657;1450;1756;1496;1855;1812
55687;1440;1731;1495;1834;1880
55727;1443;1720;1495;1820;1895
55767;1495;1715;1506;1793;1893
55807;1655;1713;1548;1786;1870
55837;1782;1712;1587;1771;1890
55877;1864;1712;1614;1793;1854
55917;1921;1712;1632;1782;1850
55957;1972;1712;1649;1787;1878
55987;2072;1711;1662;1791;1895
56027;2131;1710;1672;1774;1897
56067;2160;1711;1678;1772;1887
56107;2175;1711;1682;1780;1847
56137;2183;1712;1684;1815;1833
56177;2164;1712;1684;1813;1821
56217;2011;1713;1664;1787;1827
56257;1839;1713;1617;1812;1855
56297;1675;1713;1577;1820;1831
56337;1581;1713;1552;1822;1811
56377;1535;1713;1539;1820;1803
56407;1509;1713;1532;1825;1810
56447;1490;1713;1524;1831;1801
56487;1481;1713;1519;1833;1789
56527;1458;1713;1510;1837;1779
56567;1426;1713;1500;1842;1798
56647;1413;1713;1495;1776;1803
56687;1431;1714;1493;1774;1788
56727;1475;1714;1495;1768;1799
56767;1553;1714;1514;1768;1814
56807;1649;1714;1538;1775;1795
56847;1701;1714;1555;1781;1790
56887;1727;1714;1564;1775;1761
56927;1745;1714;1568;1794;1753
56967;1750;1714;1570;1803;1758
57007;1750;1714;1571;1801;1761
57037;1718;1714;1572;1808;1767
57077;1709;1714;1572;1795;1789
57117;1702;1714;1572;1805;1816
57157;1714;1714;1573;1817;1829
57187;1726;1714;1573;1823;1822
57227;1736;1714;1573;1848;1774
57267;1620;1714;1566;1870;1755
57307;1557;1714;1556;1871;1739
57337;1527;1714;1552;1859;1739
57377;1507;1714;1550;1861;1737
57417;1489;1714;1546;1860;1744
57457;1483;1714;1544;1836;1785
57487;1489;1714;1543;1812;1843
57527;1561;1714;1543;1817;1894
57567;1670;1714;1555;1817;1861
57607;1759;1714;1579;1819;1841
57637;1834;1714;1602;1840;1865
57677;1889;1714;1621;1846;1923
57717;1922;1714;1631;1852;1937
57757;1937;1715;1636;1867;1863
57787;1940;1715;1639;1868;1808
57827;1898;1715;1641;1859;1772
57867;1721;1715;1612;1881;1828
57907;1573;1695;1569;1889;1832
57937;1460;1654;1544;1899;1849
57977;1386;1609;1529;1879;1810
58017;1347;1574;1522;1877;1810
58057;1329;1556;1518;1877;1871
58087;1320;1550;1517;1865;1877
58127;1334;1546;1516;1832;1853
58167;1386;1545;1523;1822;1858
58207;1453;1545;1556;1831;1921
58237;1590;1572;1586;1826;1912
58277;1715;1604;1608;1796;1884
58317;1787;1621;1624;1816;1917
58357;1831;1630;1634;1830;1942
58387;1866;1634;1639;1850;1947
58427;1885;1636;1644;1861;1938
58467;1896;1637;1647;1873;1926
58507;1901;1638;1650;1872;1918
58537;1904;1639;1653;1874;1906
58577;1905;1639;1655;1860;1897
58617;1905;1639;1656;1861;1899
58657;1905;1639;1657;1862;1900
58687;1905;1639;1657;1869;1890
58727;1906;1639;1657;1873;1890
58767;1906;1639;1657;1876;1892
58807;1906;1639;1657;1880;1901
58837;1907;1639;1657;1883;1894
58877;1908;1639;1658;1876;1892
58917;1908;1639;1658;1877;1891
58957;1908;1639;1658;1879;1894
58987;1908;1640;1658;1878;1890
59027;1908;1640;1657;1880;1890
59067;1908;1640;1658;1870;1895
59107;1908;1640;1658;1859;1888
59137;1908;1640;1658;1852;1864
59177;1908;1640;1658;1855;1849
59217;1908;1640;1658;1854;1853
59257;1908;1640;1658;1848;1851
59287;1908;1640;1659;1851;1855
59327;1908;1640;1659;1852;1850
59367;1905;1640;1659;1863;1836
59407;1897;1640;1659;1881;1828
59437;1894;1640;1658;1881;1824
59477;1892;1640;1658;1877;1819
59517;1886;1640;1658;1874;1820
59557;1715;1640;1640;1874;1820
59587;1555;1641;1582;1903;1803
59627;1401;1590;1538;1848;1770
59667;1326;1565;1516;1819;1873
59707;1291;1553;1505;1824;1989
59737;1302;1547;1499;1815;1989
59777;1341;1545;1499;1809;1936
59817;1386;1544;1520;1811;1900
59857;1422;1543;1543;1823;1889
59887;1443;1542;1557;1819;1873
59927;1467;1542;1574;1803;1863
59967;1494;1542;1595;1798;1870
60007;1519;1542;1610;1806;1882
60037;1532;1542;1617;1808;1863
60077;1540;1542;1621;1793;1855
60117;1543;1542;1624;1802;1876
60157;1546;1543;1626;1816;1878
60187;1547;1543;1627;1816;1856
60227;1547;1543;1628;1816;1864
60267;1548;1543;1629;1822;1892
60307;1638;1545;1631;1778;1927
60337;1710;1570;1635;1788;1879
60377;1754;1583;1638;1795;1886
60417;1777;1590;1640;1816;1877
60457;1788;1593;1640;1817;1855
60487;1794;1595;1641;1807;1847
60527;1797;1596;1641;1805;1857
60567;1798;1596;1641;1814;1860
60607;1799;1597;1641;1816;1832
60637;1800;1597;1642;1817;1818
60677;1801;1597;1642;1818;1840
60717;1801;1597;1643;1820;1857
60757;1785;1597;1643;1826;1830
60787;1769;1597;1643;1859;1857
60827;1659;1597;1643;1884;1861
60867;1548;1597;1612;1862;1846
60907;1371;1544;1553;1772;1830
60937;1264;1502;1517;1817;1855
60977;1212;1482;1498;1795;1910
61017;1195;1472;1489;1806;2040
61057;1229;1485;1485;1844;1945
61087;1271;1498;1486;1827;1942
61127;1324;1505;1507;1829;1942
61167;1391;1509;1541;1840;1904
61207;1448;1511;1574;1863;1903
61237;1497;1518;1599;1865;1906
61277;1635;1513;1618;1875;1918
61317;1736;1551;1636;1873;1949
61357;1790;1571;1647;1867;1947
61387;1817;1581;1652;1880;1902
61427;1829;1586;1656;1915;1876
61467;1836;1589;1660;1906;1880
61507;1839;1590;1662;1906;1878
61537;1841;1590;1664;1910;1875
61577;1843;1590;1665;1911;1882
61617;1843;1591;1665;1913;1883
61657;1844;1591;1666;1900;1894
61687;1825;1592;1666;1913;1882
61727;1635;1593;1620;1850;1853
61767;1528;1593;1590;1850;1909
61807;1476;1593;1575;1850;1970
61837;1449;1594;1568;1863;1953
61877;1456;1594;1564;1853;1940
61917;1501;1594;1567;1850;1943
61957;1612;1594;1588;1850;1969
61987;1684;1594;1605;1867;1975
62027;1733;1595;1616;1876;1950
62067;1756;1595;1622;1882;1919
62107;1765;1595;1625;1896;1899
62137;1636;1596;1624;1941;1875
62177;1510;1596;1584;1937;1835
62217;1436;1596;1557;1915;1825
62257;1388;1596;1538;1874;1841
62287;1352;1596;1522;1872;1847
62327;1324;1595;1511;1880;1844
62367;1312;1595;1505;1854;1872
62407;1307;1595;1503;1852;1898
62437;1311;1595;1502;1849;1905
62477;1328;1595;1502;1829;1896
62517;1339;1595;1502;1844;1865
62557;1342;1595;1503;1853;1832
62587;1348;1595;1502;1852;1832
62627;1347;1595;1502;1841;1893
62667;1368;1595;1502;1834;1931
62707;1414;1595;1518;1825;1945
62737;1446;1595;1536;1821;1943
62777;1486;1596;1562;1836;1958
62817;1528;1596;1583;1850;1997
62857;1611;1596;1604;1852;2021
62887;1681;1596;1614;1830;2011
62927;1718;1596;1620;1865;2001
62967;1733;1597;1624;1887;1992
63007;1742;1597;1627;1869;1987
63037;1745;1596;1629;1860;1962
63077;1745;1596;1630;1883;1946
63117;1746;1596;1631;1880;1955
63157;1760;1596;1632;1874;2024
63187;1827;1624;1638;1872;2034
63227;1906;1661;1653;1920;2116
63267;1954;1679;1661;1925;2120
63307;1978;1689;1666;1929;2030
63337;1988;1694;1668;1924;1988
63377;1990;1697;1669;1932;1984
63417;1899;1698;1658;1950;1974
63457;1704;1698;1611;2195;1892
63487;1586;1698;1577;2191;1844
63527;1529;1698;1560;2175;1866
63567;1492;1698;1549;2173;1887
63607;1470;1698;1543;2168;1876
63637;1460;1698;1540;1903;1892
63677;1455;1698;1539;1879;1926
63717;1451;1699;1538;1894;1916
63757;1450;1699;1534;1922;1877
63787;1443;1699;1530;1926;1833
63827;1401;1669;1519;1930;1877
63867;1332;1592;1508;1925;1860
63907;1295;1567;1502;1884;1827
63937;1277;1556;1499;1872;1881
63977;1281;1550;1497;1857;1914
64017;1314;1548;1496;1844;1939
64057;1374;1547;1519;1864;1945
64087;1445;1547;1551;1884;1981
64127;1562;1563;1583;1914;1984
64167;1657;1576;1604;1906;1979
64207;1705;1582;1615;1913;1985
64237;1729;1586;1622;1894;1974
64277;1742;1588;1626;1891;1937
64317;1747;1589;1628;1888;1926
64357;1687;1589;1628;1928;1912
64387;1597;1590;1628;1930;1879
64427;1515;1590;1606;1926;1843
64467;1427;1590;1566;1943;1879
64507;1356;1533;1535;1955;1925
64537;1307;1539;1517;1912;1854
64577;1284;1543;1508;1890;1857
64617;1272;1546;1504;1879;1927
64657;1284;1548;1502;1838;1968
64687;1312;1549;1501;1842;1994
64727;1353;1549;1517;1863;2002
64767;1379;1549;1527;1874;1985
64807;1388;1549;1532;1879;1935
64837;1393;1550;1535;1872;1912
64877;1395;1550;1536;1876;1934
64917;1395;1550;1537;1885;1956
64957;1395;1550;1537;1883;1932
64987;1395;1550;1537;1885;1929
65027;1395;1550;1538;1904;1932
65067;1395;1550;1538;1902;1932
65107;1396;1550;1537;1886;1983
65137;1427;1550;1538;1896;2048
65177;1563;1581;1554;1890;2114
65217;1681;1603;1581;1877;2103
65257;1751;1615;1602;1864;2066
65287;1797;1621;1617;1884;2044
65327;1820;1624;1624;1897;2059
65367;1833;1625;1628;1908;2041
65407;1839;1626;1630;1893;2042
65437;1843;1626;1631;1893;2039
65477;1838;1626;1630;1914;2009
65517;1718;1626;1629;1919;1990
21;1608;1627;1612;1909;1955
51;1539;1627;1592;1897;1951
91;1487;1627;1569;1895;1933
131;1456;1627;1553;1894;1945
171;1440;1627;1545;1898;1955
201;1433;1628;1541;1908;1997
241;1429;1628;1539;1881;1976
281;1447;1628;1539;1878;1999
321;1539;1628;1554;1859;2016
351;1663;1628;1582;1843;2061
391;1762;1628;1607;1833;2073
431;1821;1628;1624;1837;2068
471;1861;1628;1633;1817;2076
501;1886;1629;1639;1849;2032
541;1894;1629;1642;1889;1967
581;1825;1630;1635;1899;1956
621;1646;1631;1592;1886;1916
651;1515;1631;1555;1906;1873
691;1415;1617;1531;1904;1818
731;1351;1589;1519;1880;1814
771;1301;1552;1513;1860;1758
801;1276;1532;1510;1843;1731
841;1264;1515;1508;1834;1714
881;1257;1508;1508;1824;1763
921;1287;1506;1507;1820;1815
951;1337;1505;1517;1829;1847
991;1430;1505;1555;1820;1855
1031;1611;1556;1593;1815;1807
1071;1730;1587;1616;1814;1840
1101;1801;1602;1629;1831;1861
1141;1839;1610;1637;1827;1849
1181;1858;1613;1641;1807;1859
1221;1870;1615;1643;1808;1866
1251;1876;1616;1644;1815;1865
1291;1880;1617;1645;1814;1839
1331;1882;1617;1645;1806;1848
1371;1883;1617;1646;1810;1855
1401;1886;1617;1646;1794;1882
1441;1956;1678;1656;1825;1920
1481;2096;1728;1666;1819;1959
1521;2179;1754;1675;1783;1980
1551;2219;1767;1680;1792;1949
1591;2239;1774;1683;1795;1915
1631;2249;1777;1685;1827;1914
1671;2254;1778;1687;1847;1913
1701;2256;1779;1689;1855;1920
1741;2258;1779;1690;1813;1966
1781;2265;1779;1690;1862;2074
1821;2291;1799;1691;1903;2102
1851;2320;1845;1692;1873;2068
1891;2335;1869;1693;1855;2091
1931;2344;1881;1693;1865;2135
1971;2365;1888;1693;1853;2141
2001;2393;1924;1694;1869;2149
2041;2415;1942;1695;1907;2175
2081;2425;1951;1697;1906;2180
2121;2430;1956;1699;1938;2049
2151;2432;1959;1702;1922;1900
2191;2431;1960;1707;1855;1718
2231;2414;1961;1709;1825;1608
2271;2303;1927;1710;1806;1653
2301;2105;1870;1699;1822;1700
2341;1982;1840;1678;1831;1651
2381;1909;1825;1659;1799;1638
2421;1858;1818;1641;1798;1661
2451;1819;1814;1621;1829;1690
2491;1795;1812;1604;1844;1672
2531;1670;1793;1580;1835;1654
2571;1557;1751;1555;1847;1676
2601;1491;1720;1541;1837;1677
2641;1454;1705;1534;1816;1673
2681;1436;1697;1530;1812;1668
2721;1401;1668;1522;1856;1676
2751;1348;1631;1514;1856;1677
2791;1317;1609;1508;1851;1671
2821;1302;1598;1505;1822;1665
2861;1295;1593;1504;1804;1694
2901;1333;1591;1504;1784;1726
2941;1413;1590;1531;1787;1753
2981;1497;1590;1564;1765;1759
3021;1615;1590;1594;1771;1760
3061;1730;1610;1617;1816;1786
3091;1815;1631;1630;1789;1766
3131;1862;1642;1637;1784;1773
3171;1887;1647;1641;1776;1765
3201;1900;1650;1643;1786;1747
3241;1907;1652;1645;1787;1722
3281;1905;1653;1645;1833;1704
3321;1802;1653;1636;1814;1652
3351;1644;1653;1605;1823;1593
3391;1514;1640;1567;1811;1597
3431;1390;1585;1542;1811;1610
3471;1316;1548;1525;1788;1553
3501;1277;1531;1517;1778;1569
3541;1258;1522;1513;1765;1601
3581;1249;1517;1511;1765;1591
3621;1244;1515;1509;1734;1595
3651;1242;1514;1509;1738;1624
3691;1269;1515;1509;1734;1643
3731;1322;1516;1518;1742;1693
3771;1380;1516;1543;1737;1678
3801;1504;1528;1576;1740;1679
3841;1727;1609;1613;1739;1703
3881;1862;1657;1641;1747;1760
3921;1942;1682;1657;1762;1764
3951;1982;1694;1667;1776;1693
3991;2002;1700;1672;1779;1684
4031;2012;1703;1675;1780;1703
4071;2017;1705;1677;1782;1718
4101;2020;1705;1678;1783;1713
4141;2021;1706;1679;1775;1700
4181;2017;1706;1680;1782;1679
4221;1961;1706;1679;1812;1676
4251;1800;1706;1644;1803;1670
4291;1634;1706;1592;1807;1651
4331;1540;1706;1559;1811;1639
4371;1492;1706;1543;1790;1670
4401;1468;1706;1535;1779;1688
4441;1457;1706;1531;1779;1704
4481;1446;1706;1529;1780;1706
4521;1484;1706;1528;1774;1705
4551;1549;1706;1542;1767;1706
4591;1713;1706;1582;1774;1782
4631;1855;1706;1621;1762;1826
4671;2030;1738;1646;1781;1830
4701;2116;1753;1658;1774;1805
4741;2159;1761;1665;1764;1803
4781;2181;1765;1668;1773;1818
4821;2192;1767;1670;1790;1825
4851;2197;1768;1671;1790;1770
4891;2195;1769;1671;1813;1729
4931;2079;1769;1671;1829;1725
4971;1942;1769;1647;1812;1713
5001;1799;1769;1609;1826;1725
5041;1667;1769;1573;1826;1728
5081;1583;1769;1549;1819;1719
5121;1540;1770;1537;1802;1725
5151;1518;1770;1531;1791;1736
5191;1510;1770;1528;1783;1752
5231;1531;1770;1527;1779;1765
5271;1510;1770;1523;1817;1710
5301;1471;1765;1510;1818;1653
5341;1434;1737;1503;1805;1689
5381;1410;1725;1499;1810;1714
5421;1398;1719;1497;1798;1726
5451;1391;1716;1496;1785;1734
5491;1388;1715;1496;1781;1730
5531;1362;1687;1494;1814;1701
5571;1339;1661;1491;1833;1658
5601;1327;1648;1490;1812;1654
5641;1323;1642;1489;1786;1690
5681;1321;1639;1489;1772;1702
5721;1332;1638;1489;1765;1706
5751;1363;1638;1489;1756;1703
5791;1414;1638;1500;1759;1717
5831;1439;1638;1514;1773;1709
5871;1452;1638;1522;1774;1704
5901;1459;1638;1527;1765;1709
5941;1462;1638;1529;1769;1730
5981;1476;1638;1534;1775;1745
6021;1491;1638;1542;1782;1778
6051;1499;1638;1547;1780;1775
6091;1503;1638;1550;1780;1809
6131;1512;1638;1551;1775;1865
6171;1563;1638;1567;1776;1901
6201;1659;1638;1585;1762;1904
6241;1726;1639;1604;1763;1932
6281;1804;1664;1618;1791;1917
6321;1836;1677;1624;1829;1921
6351;1847;1683;1627;1828;1911
6391;1851;1686;1629;1830;1901
6431;1854;1688;1630;1819;1905
6471;1813;1689;1628;1823;1897
6501;1681;1689;1599;1810;1911
6541;1611;1689;1581;1821;1962
6581;1557;1690;1552;1786;1990
6621;1534;1723;1529;1822;2022
6651;1541;1767;1516;1806;2078
6691;1598;1814;1509;1773;2104
6731;1680;1838;1506;1720;2109
6771;1734;1850;1505;1723;2063
6801;1766;1856;1505;1765;2073
6841;1782;1859;1505;1809;2127
6881;1793;1861;1505;1803;2193
6921;1802;1863;1505;1783;2138
6951;1814;1864;1504;1797;2115
6991;1838;1864;1504;1798;2063
7031;1891;1864;1506;1819;1968
7071;1936;1864;1528;1815;1858
7101;1970;1865;1552;1808;1818
7141;2075;1865;1580;1817;1723
7181;2137;1866;1602;1838;1673
7221;2174;1866;1619;1833;1639
7251;2189;1866;1631;1842;1638
7291;2196;1864;1647;1847;1549
7331;2199;1855;1661;1862;1545
7371;2194;1835;1669;1889;1550
7401;2059;1790;1672;1866;1557
7441;1835;1771;1629;1808;1565
7481;1665;1761;1578;1783;1588
7521;1568;1757;1540;1783;1650
7551;1517;1756;1518;1771;1685
7591;1493;1755;1506;1782;1771
7611;1480;1755;1500;1796;1785
7651;1474;1755;1497;1783;1769
7741;1471;1755;1495;1812;1777
7781;1469;1756;1495;1809;1769
7821;1491;1756;1494;1792;1765
7851;1564;1756;1499;1795;1752
7891;1688;1756;1531;1792;1706
7931;1746;1757;1547;1834;1670
7971;1623;1757;1536;1834;1637
8001;1527;1757;1516;1857;1601
8091;1371;1640;1490;1777;1542
8151;1293;1601;1478;1778;1665
8191;1255;1582;1472;1742;1708
8231;1253;1572;1469;1745;1740
8271;1269;1567;1468;1723;1715
8301;1293;1565;1479;1703;1707
8341;1359;1564;1511;1691;1707
8381;1480;1563;1559;1698;1724
8421;1647;1597;1595;1724;1798
8451;1750;1614;1617;1750;1797
8491;1816;1622;1631;1751;1774
8531;1851;1626;1640;1756;1774
8571;1864;1628;1645;1785;1761
8601;1870;1630;1648;1806;1747
8641;1866;1630;1649;1805;1730
8681;1678;1631;1623;1818;1708
8721;1537;1632;1574;1825;1721
8751;1434;1632;1534;1838;1679
8791;1348;1614;1508;1833;1710
8831;1303;1598;1495;1807;1701
8871;1281;1589;1488;1807;1720
8901;1272;1585;1486;1799;1738
8941;1285;1583;1484;1780;1735
8981;1302;1583;1484;1779;1722
9001;1310;1582;1484;1780;1722
9081;1318;1582;1484;1752;1692
9131;1322;1581;1484;1751;1691
9171;1324;1581;1484;1753;1707
9201;1349;1581;1492;1739;1714
9241;1385;1581;1510;1737;1694
9281;1435;1582;1539;1741;1745
9321;1492;1582;1567;1745;1763
9351;1557;1583;1590;1744;1768
9391;1648;1584;1607;1757;1773
9431;1687;1584;1617;1762;1763
9471;1708;1584;1623;1751;1743
9501;1720;1584;1627;1751;1735
9541;1726;1584;1629;1759;1713
9581;1730;1584;1630;1762;1694
9621;1724;1584;1630;1771;1698
9651;1677;1584;1629;1782;1690
9691;1614;1584;1629;1784;1691
9731;1566;1584;1629;1779;1689
9771;1451;1584;1580;1797;1695
9801;1335;1558;1535;1742;1633
9841;1224;1495;1507;1750;1679
9881;1168;1452;1493;1723;1700
9921;1139;1431;1486;1713;1728
9951;1137;1421;1482;1720;1733
9991;1168;1422;1487;1718;1731
10031;1211;1422;1508;1727;1763
10071;1254;1422;1533;1720;1762
10101;1286;1422;1552;1723;1758
10141;1320;1422;1573;1724;1750
10181;1356;1428;1594;1724;1731
10221;1417;1452;1611;1716;1759
10251;1454;1464;1621;1719;1759
10291;1480;1470;1626;1713;1754
10331;1492;1473;1629;1709;1763
10371;1537;1497;1631;1703;1747
10401;1629;1517;1633;1703;1766
10441;1676;1528;1636;1694;1769
10481;1778;1579;1646;1716;1816
10521;1890;1638;1660;1700;1824
10551;1954;1668;1668;1682;1844
10591;1990;1683;1674;1713;1824
10631;2009;1691;1678;1733;1782
10671;2018;1695;1682;1746;1781
10701;2021;1697;1687;1741;1777
10731;2023;1698;1689;1766;1752
10741;2022;1698;1690;1760;1736
10781;1991;1699;1689;1751;1723
10821;1762;1699;1645;1752;1729
10851;1603;1699;1591;1757;1737
10891;1512;1699;1555;1760;1746
10931;1467;1699;1537;1748;1743
10971;1444;1699;1528;1757;1755
11061;1434;1699;1524;1752;1779
11121;1417;1699;1517;1753;1738
11151;1381;1683;1507;1759;1726
11191;1363;1668;1502;1761;1733
11231;1354;1661;1500;1747;1739
11271;1365;1658;1499;1735;1759
11301;1383;1657;1499;1725;1729
11341;1452;1657;1521;1719;1723
11381;1614;1658;1565;1712;1702
11421;1730;1659;1600;1734;1728
11451;1806;1659;1623;1737;1721
11491;1860;1659;1640;1720;1704
11531;1896;1659;1652;1699;1708
11571;1919;1659;1658;1692;1705
11601;1931;1659;1662;1705;1692
11641;1934;1659;1664;1726;1643
11681;1934;1660;1666;1729;1639
11721;1853;1660;1656;1722;1605
11751;1673;1660;1622;1727;1599
11801;1512;1652;1565;1733;1602
11841;1357;1583;1527;1698;1571
11901;1268;1539;1506;1691;1653
11941;1223;1517;1496;1679;1658
11981;1209;1506;1491;1674;1671
12021;1231;1501;1491;1683;1678
12051;1265;1498;1504;1676;1680
12091;1299;1497;1525;1661;1681
12131;1325;1496;1545;1675;1669
12171;1342;1496;1559;1671;1656
12201;1367;1496;1572;1668;1654
12241;1387;1496;1583;1662;1636
12281;1403;1496;1591;1664;1633
12321;1415;1496;1597;1673;1625
12351;1424;1496;1601;1670;1629
12391;1430;1496;1605;1659;1665
12431;1430;1496;1606;1686;1624
12471;1365;1496;1583;1687;1593
12501;1308;1496;1555;1682;1585
12541;1255;1496;1527;1688;1543
12581;1182;1452;1506;1677;1610
12621;1134;1423;1495;1673;1634
12651;1111;1409;1489;1666;1665
12691;1119;1402;1486;1639;1686
12731;1154;1399;1485;1624;1702
12771;1202;1397;1502;1637;1704
12801;1231;1397;1522;1631;1693
12841;1257;1398;1539;1644;1674
12891;1271;1398;1553;1649;1669
12931;1285;1398;1563;1651;1676