
31260;1001;747;926;3842;2805
31290;1500;1120;1388;3840;2806
31300;1750;1307;1619;3841;2805
31330;1875;1400;1734;3832;2796
31370;1937;1447;1792;3827;2791
31410;1969;1470;1821;3813;2779
31440;1984;1481;1835;3800;2777
31450;1992;1487;1843;3797;2771
31490;1996;1490;1846;3774;2778
31520;1998;1491;1848;3739;2807
31560;1997;1492;1849;3710;2825
31600;1997;1492;1849;3677;2836
31640;1997;1492;1849;3635;2844
31670;1994;1493;1849;3621;2857
31710;1989;1481;1850;3609;2845
31750;1981;1480;1850;3600;2851
31780;1976;1470;1849;3585;2861
31820;1972;1469;1849;3569;2878
31860;1963;1463;1849;3570;2887
31900;1951;1456;1849;3574;2897
31930;1941;1448;1849;3568;2901
31970;1934;1439;1850;3556;2911
32010;1929;1422;1850;3542;2917
32050;1920;1409;1850;3546;2912
32080;1913;1413;1850;3537;2927
32120;1898;1414;1850;3532;2936
32160;1889;1409;1850;3516;2941
32200;1887;1404;1850;3493;2950
32230;1882;1401;1850;3486;2955
32270;1874;1397;1850;3469;2972
32310;1864;1384;1850;3471;2971
32350;1852;1375;1850;3474;2987
32390;1840;1375;1850;3466;2989
32420;1829;1375;1850;3466;2993
32460;1825;1372;1850;3464;2999
32500;1820;1366;1850;3447;3009
32530;1808;1363;1850;3454;3003
32570;1799;1358;1850;3453;3020
32610;1789;1353;1850;3458;3036
32650;1782;1345;1850;3465;3049
32680;1778;1339;1849;3474;3053
32720;1759;1332;1848;3480;3057
32760;1749;1327;1847;3486;3081
32800;1748;1321;1846;3495;3092
32830;1740;1314;1844;3500;3092
32870;1726;1308;1842;3496;3099
32910;1680;1298;1839;3491;3108
32950;1635;1291;1835;3491;3113
32980;1627;1284;1833;3495;3120
33020;1622;1278;1832;3498;3104
33060;1571;1268;1831;3481;3125
33100;1550;1266;1826;3482;3138
33130;1532;1262;1822;3480;3141
33170;1516;1260;1821;3474;3147
33210;1500;1255;1819;3473;3151
33250;1491;1245;1820;3469;3161
33290;1482;1239;1817;3467;3172
33320;1478;1237;1814;3471;3191
33360;1470;1235;1809;3469;3196
33400;1462;1230;1807;3477;3210
33430;1455;1224;1806;3472;3198
33470;1442;1213;1805;3478;3226
33510;1433;1210;1799;3473;3228
33550;1422;1207;1794;3474;3248
33580;1417;1206;1789;3481;3251
33620;1409;1203;1785;3483;3260
33660;1398;1199;1781;3486;3272
33700;1390;1195;1779;3480;3277
33730;1381;1187;1778;3479;3280
33770;1374;1179;1774;3476;3290
33810;1367;1173;1770;3470;3289
33850;1354;1174;1767;3462;3313
33890;1341;1168;1766;3456;3331
33920;1332;1165;1762;3455;3344
33960;1323;1162;1758;3458;3352
34000;1310;1159;1754;3452;3360
34030;1304;1158;1749;3446;3368
34070;1301;1155;1744;3445;3378
34110;1292;1136;1742;3434;3399
34150;1283;1134;1741;3432;3404
34180;1277;1129;1739;3431;3414
34220;1267;1124;1735;3421;3421
34260;1258;1121;1726;3418;3429
34300;1249;1114;1722;3412;3449
34330;1242;1112;1720;3412;3452
34370;1238;1107;1720;3404;3468
34410;1231;1104;1720;3404;3488
34450;1218;1100;1717;3399;3508
34480;1210;1098;1710;3392;3516
34520;1203;1095;1707;3385;3534
34560;1195;1092;1703;3377;3544
34600;1188;1091;1699;3364;3569
34630;1182;1088;1695;3368;3562
34670;1175;1085;1690;3370;3585
34710;1170;1078;1686;3368;3607
34750;1162;1073;1683;3364;3622
34780;1155;1069;1681;3369;3636
34820;1149;1067;1679;3369;3668
34860;1145;1063;1676;3371;3674
34900;1136;1061;1670;3364;3690
34930;1131;1059;1667;3351;3697
34970;1125;1052;1664;3346;3707
35010;1119;1048;1661;3353;3732
35050;1114;1045;1658;3354;3753
35080;1109;1041;1656;3346;3771
35120;1102;1031;1655;3338;3789
35160;1099;1029;1653;3333;3806
35200;1093;1028;1649;3334;3815
35230;1086;1027;1647;3343;3836
35270;1080;1024;1645;3343;3859
35310;1073;1019;1643;3334;3885
35350;1071;1013;1641;3334;3894
35380;1070;1008;1639;3335;3909
35420;1063;1002;1637;3328;3915
35460;1054;993;1635;3330;3932
35480;1049;991;1634;3326;3937
35500;1045;989;1633;3325;3944
35530;1041;985;1633;3316;3956
35570;1038;981;1632;3318;3971
35610;1033;978;1630;3317;3982
35650;1028;977;1623;3306;3987
35680;1024;975;1619;3303;3987
35720;1022;973;1616;3289;4006
35760;1019;970;1615;3284;4015
35800;1015;965;1615;3275;4025
35830;1010;959;1615;3271;4037
35870;1007;953;1615;3265;4043
35910;1004;949;1615;3264;4065
36070;994;943;1613;3250;4095
36100;987;940;1611;3252;4095
36140;984;938;1611;3248;4095
36180;981;937;1610;3244;4095
36220;977;935;1609;3238;4095
36260;974;932;1608;3236;4095
36300;973;929;1607;3233;4095
36330;973;927;1607;3229;4095
36370;972;926;1607;3225;4095
36410;971;925;1607;3216;4095
36450;971;924;1606;3210;4095
36530;969;921;1606;3201;4095
36570;967;919;1605;3199;4095
36610;966;918;1604;3205;4095
36650;966;917;1604;3204;4095
36690;965;916;1603;3205;4095
36730;965;916;1603;3205;4095
36770;965;916;1603;3202;4095
36810;965;916;1603;3193;4095
36850;964;916;1603;3185;4095
36880;963;916;1602;3186;4095
36920;962;915;1601;3191;4095
36960;962;914;1600;3192;4095
37000;962;913;1600;3191;4095
37030;962;913;1601;3191;4095
37070;962;913;1601;3189;4095
37110;962;912;1601;3192;4095
37150;962;912;1601;3195;4095
37180;961;912;1601;3196;4095
37220;962;912;1601;3200;4095
37260;962;912;1601;3202;4095
37300;962;912;1601;3204;4095
37330;962;912;1601;3205;4095
37370;962;912;1601;3206;4095
37410;961;912;1601;3202;4095
37450;962;912;1601;3201;4095
37480;962;912;1601;3200;4095
37520;962;912;1601;3201;4095
37560;962;912;1601;3202;4095
37600;962;911;1601;3205;4095
37630;962;911;1601;3205;4095
37670;961;911;1601;3203;4095
37710;961;911;1601;3199;4094
37750;961;911;1601;3197;4051
37780;961;911;1601;3207;3995
37820;961;911;1600;3223;3908
37860;961;911;1601;3236;3788
37900;961;911;1601;3265;3642
37930;961;911;1601;3281;3541
37970;961;912;1601;3301;3418
38010;962;912;1601;3320;3317
38050;963;912;1601;3331;3236
38080;963;912;1601;3338;3218
38120;963;912;1601;3341;3182
38160;964;912;1601;3361;3117
38200;964;912;1601;3366;3066
38230;965;912;1601;3370;3044
38270;965;912;1601;3378;2985
38310;965;912;1601;3383;2947
38350;965;912;1601;3377;2894
38380;966;912;1601;3376;2865
38420;968;912;1601;3384;2843
38460;970;912;1601;3391;2811
38500;971;912;1601;3397;2803
38530;973;912;1601;3406;2787
38570;976;912;1601;3417;2773
38610;979;912;1601;3423;2763
38650;983;912;1601;3437;2751
38680;985;912;1601;3440;2740
38720;990;912;1601;3451;2718
38760;996;912;1601;3469;2702
38800;1002;912;1601;3484;2694
38830;1007;912;1601;3489;2683
38870;1012;912;1602;3504;2669
38910;1018;913;1602;3514;2656
38950;1021;913;1602;3530;2638
38980;1025;913;1602;3540;2634
39020;1031;913;1602;3552;2629
39060;1037;913;1602;3567;2620
39100;1043;913;1602;3587;2602
39130;1049;913;1602;3571;2610
39170;1053;913;1602;3599;2585
39210;1062;914;1602;3620;2584
39250;1065;914;1602;3641;2566
39280;1069;914;1601;3649;2563
39320;1076;914;1602;3660;2542
39360;1086;914;1602;3669;2544
39400;1092;914;1601;3673;2550
39430;1095;914;1601;3680;2543
39470;1101;914;1602;3668;2566
39510;1105;914;1602;3658;2581
39550;1107;914;1602;3635;2608
39590;1108;914;1602;3603;2634
39630;1109;914;1602;3576;2651
39670;1110;914;1602;3522;2689
39710;1110;914;1602;3482;2733
39750;1110;914;1602;3441;2763
39780;1110;914;1602;3432;2786
39820;1110;914;1602;3417;2808
39860;1110;914;1602;3392;2865
39900;1110;914;1601;3375;2924
39930;1110;914;1601;3368;2961
39980;1110;914;1601;3360;3030
40020;1110;914;1601;3340;3079
40080;1104;914;1602;3322;3135
40120;1101;914;1602;3327;3174
40160;1096;914;1601;3320;3206
40200;1090;914;1601;3320;3237
40230;1084;914;1601;3309;3255
40270;1079;914;1602;3308;3270
40310;1075;914;1602;3312;3280
40350;1074;914;1602;3311;3272
40430;1073;914;1602;3331;3258
40470;1072;914;1601;3347;3225
40510;1072;913;1601;3364;3161
40550;1072;914;1602;3383;3083
40590;1072;914;1602;3390;3012
40630;1073;914;1602;3399;2971
40670;1073;914;1601;3413;2868
40710;1073;914;1601;3434;2812
40750;1073;914;1602;3482;2784
40780;1073;913;1602;3508;2756
40820;1073;913;1602;3529;2715
40860;1073;913;1602;3539;2707
40900;1073;913;1602;3553;2692
40930;1073;913;1602;3571;2648
40970;1075;913;1602;3605;2641
41010;1081;913;1602;3643;2622
41050;1089;914;1602;3665;2609
41080;1093;914;1602;3688;2596
41120;1101;914;1602;3715;2581
41160;1107;914;1602;3732;2585
41200;1114;914;1602;3738;2574
41230;1119;914;1602;3739;2573
41270;1122;914;1602;3741;2584
41310;1123;914;1602;3733;2594
41350;1125;914;1603;3685;2621
41380;1125;914;1604;3661;2645
41420;1125;914;1604;3618;2677
41460;1126;913;1604;3584;2715
41500;1126;913;1604;3531;2734
41530;1126;913;1604;3517;2744
41570;1127;913;1604;3493;2776
41610;1127;914;1605;3486;2799
41650;1127;914;1605;3442;2859
41680;1127;913;1605;3440;2912
41720;1127;913;1605;3436;2962
41760;1126;913;1605;3416;3000
41800;1126;913;1604;3403;3055
41830;1125;913;1604;3401;3075
41870;1120;913;1605;3394;3118
41910;1115;913;1605;3392;3153
41950;1108;913;1605;3372;3206
41980;1102;913;1605;3368;3232
42020;1097;913;1605;3363;3264
42060;1091;913;1605;3358;3289
42100;1085;913;1605;3354;3308
42130;1081;913;1605;3349;3312
42170;1078;913;1605;3348;3317
42210;1076;913;1605;3353;3308
42250;1075;913;1605;3355;3296
42280;1075;913;1605;3363;3282
42320;1075;913;1605;3372;3221
42360;1074;913;1605;3389;3158
42400;1074;913;1605;3408;3047
42430;1075;913;1605;3417;3008
42470;1075;913;1605;3428;2959
42510;1075;914;1606;3450;2864
42550;1076;914;1606;3478;2813
42580;1076;914;1605;3511;2782
42620;1076;914;1605;3533;2764
42660;1076;914;1605;3549;2745
42700;1076;914;1605;3548;2727
42730;1077;914;1605;3563;2705
42770;1076;914;1605;3595;2692
42810;1079;914;1605;3625;2672
42850;1087;914;1605;3660;2652
42880;1092;914;1605;3672;2648
42920;1096;914;1605;3685;2628
42960;1103;914;1605;3703;2610
43000;1109;914;1605;3731;2582
43030;1117;914;1605;3747;2570
43070;1122;914;1605;3765;2548
43110;1125;914;1607;3771;2536
43150;1132;914;1608;3774;2539
43180;1137;914;1609;3775;2546
43220;1140;914;1610;3760;2576
43260;1142;914;1611;3711;2618
43300;1142;914;1611;3663;2641
43330;1143;914;1611;3621;2658
43370;1144;914;1611;3566;2671
43410;1144;914;1611;3506;2692
43450;1144;914;1611;3459;2724
43480;1144;914;1611;3439;2757
43520;1143;914;1611;3435;2777
43560;1143;914;1611;3413;2810
43600;1143;914;1611;3395;2871
43630;1143;914;1611;3393;2906
43670;1144;914;1611;3380;2955
43710;1143;914;1611;3370;3000
43750;1134;914;1611;3364;3038
43780;1130;914;1611;3350;3059
43820;1126;914;1611;3319;3085
43860;1120;914;1611;3297;3123
43900;1115;914;1611;3284;3157
43930;1110;914;1611;3267;3172
43970;1104;914;1611;3254;3191
44010;1100;914;1611;3242;3208
44050;1098;914;1611;3242;3224
44080;1096;914;1611;3248;3224
44120;1095;914;1611;3246;3219
44160;1094;914;1611;3246;3225
44200;1094;914;1611;3255;3218
44230;1094;914;1611;3276;3200
44270;1094;914;1611;3303;3155
44310;1094;914;1611;3324;3078
44350;1094;914;1611;3353;3003
44380;1094;914;1612;3364;2981
44420;1094;914;1611;3376;2863
44460;1094;914;1611;3390;2800
44500;1094;914;1611;3444;2762
44530;1095;914;1611;3499;2734
44570;1095;914;1611;3577;2699
44610;1095;914;1611;3680;2624
44650;1095;914;1611;3732;2614
44680;1095;914;1611;3729;2616
44720;1095;914;1611;3651;2667
44760;1096;914;1611;3538;2658
44800;1096;914;1611;3462;2712
44830;1097;914;1611;3472;2743
44870;1100;914;1611;3484;2751
44910;1103;914;1611;3455;2762
44950;1105;914;1611;3424;2771
44980;1105;914;1611;3390;2790
45020;1106;914;1611;3362;2828
45060;1106;914;1611;3330;2854
45100;1106;914;1611;3336;2853
45130;1106;914;1612;3354;2852
45170;1106;914;1611;3331;2907
45210;1107;914;1611;3286;2983
45250;1107;914;1611;3260;3079
45280;1106;914;1611;3247;3175
45320;1106;914;1611;3239;3250
45360;1106;914;1611;3235;3329
45400;1106;914;1611;3230;3352
45430;1106;914;1611;3255;3361
45470;1104;914;1611;3306;3372
45510;1102;914;1611;3326;3384
45550;1100;914;1611;3329;3419
45580;1100;914;1611;3324;3456
45620;1100;914;1611;3345;3405
45660;1100;914;1611;3378;3314
45700;1100;914;1611;3394;3207
45730;1100;914;1611;3389;3150
45770;1100;914;1611;3381;3061
45810;1100;914;1611;3363;2992
45850;1102;914;1611;3341;2879
45880;1102;914;1611;3342;2844
45920;1102;914;1611;3355;2795
45960;1103;914;1611;3367;2775
46000;1103;914;1612;3383;2750
46030;1103;914;1612;3406;2700
46070;1106;914;1612;3426;2690
46110;1110;914;1612;3455;2674
46150;1117;914;1611;3512;2665
46180;1121;914;1611;3548;2652
46220;1128;914;1611;3549;2637
46260;1137;914;1611;3521;2636
46300;1143;914;1611;3510;2640
46330;1150;914;1611;3516;2622
46370;1159;914;1610;3526;2607
46410;1164;914;1613;3523;2593
46450;1172;914;1614;3542;2583
46480;1180;914;1614;3566;2579
46520;1188;914;1616;3571;2567
46560;1195;914;1619;3559;2578
46600;1201;914;1622;3586;2556
46630;1212;914;1625;3574;2540
46670;1222;914;1628;3585;2543
46710;1229;914;1631;3628;2529
46750;1236;914;1637;3647;2494
46780;1242;914;1641;3639;2499
46820;1247;914;1646;3637;2509
46860;1256;914;1649;3652;2497
46900;1262;914;1651;3647;2477
46930;1267;914;1652;3644;2451
46970;1269;914;1653;3629;2459
47010;1270;914;1653;3544;2504
47050;1271;914;1653;3451;2546
47080;1271;914;1653;3407;2592
47120;1271;914;1653;3415;2621
47160;1272;913;1653;3408;2648
47200;1272;914;1653;3381;2714
47230;1272;914;1653;3320;2757
47270;1272;914;1653;3287;2821
47310;1272;914;1653;3318;2859
47350;1272;914;1653;3344;2886
47380;1272;914;1653;3351;2900
47420;1266;914;1653;3355;2910
47460;1257;914;1653;3332;2915
47500;1250;914;1653;3336;2913
47530;1243;914;1654;3318;2915
47570;1239;914;1654;3307;2931
47610;1233;914;1654;3315;2943
47650;1227;914;1654;3307;2931
47680;1217;914;1654;3300;2994
47720;1209;914;1654;3275;3036
47760;1202;914;1654;3278;3067
47800;1195;914;1654;3279;3072
47830;1188;914;1654;3271;3091
47870;1179;914;1654;3261;3105
47910;1173;914;1654;3256;3136
47950;1165;914;1654;3260;3151
47980;1157;914;1654;3270;3164
48020;1152;914;1654;3278;3167
48060;1148;914;1654;3263;3174
48100;1146;914;1654;3249;3166
48130;1145;914;1654;3246;3137
48170;1145;914;1654;3242;3115
48210;1145;914;1654;3251;3062
48250;1145;914;1654;3272;2992
48280;1145;914;1654;3291;2889
48320;1145;914;1653;3297;2828
48360;1145;913;1653;3341;2737
48400;1144;913;1653;3361;2694
48430;1144;913;1653;3369;2689
48470;1144;914;1653;3381;2674
48510;1144;914;1654;3421;2660
48550;1144;914;1654;3416;2644
48580;1144;914;1654;3397;2629
48620;1144;914;1654;3417;2583
48660;1145;913;1654;3475;2510
48700;1148;913;1654;3443;2530
48730;1155;914;1654;3434;2502
48770;1162;914;1654;3523;2427
48810;1170;914;1654;3552;2395
48850;1178;915;1654;3566;2380
48880;1183;914;1654;3579;2368
48920;1189;914;1654;3574;2359
48960;1194;914;1654;3568;2351
49000;1197;914;1654;3569;2363
49030;1198;914;1654;3581;2396
49050;1199;914;1653;3588;2399
49060;1200;914;1653;3592;2402
49110;1200;914;1653;3600;2400
49160;1201;914;1653;3476;2485
49260;1201;914;1654;3339;2677
49300;1202;914;1654;3340;2717
49340;1202;914;1654;3342;2764
49380;1202;914;1654;3338;2810
49420;1202;914;1654;3321;2820
49460;1202;914;1654;3313;2870
49500;1200;914;1653;3306;2937
49530;1194;914;1653;3310;2971
49570;1187;914;1653;3325;3004
49610;1180;914;1653;3346;3018
49650;1174;914;1653;3301;3048
49680;1168;913;1654;3280;3090
49720;1159;913;1654;3269;3123
49760;1153;914;1653;3278;3164
49800;1148;914;1653;3286;3196
49830;1140;914;1654;3287;3208
49870;1132;914;1654;3285;3223
49910;1130;913;1654;3279;3229
49950;1127;914;1654;3281;3226
49980;1126;914;1654;3289;3212
50020;1126;914;1654;3304;3165
50060;1126;913;1654;3307;3097
50100;1126;913;1653;3311;3035
50130;1126;914;1654;3318;2961
50170;1126;914;1654;3352;2853
50210;1126;914;1654;3357;2772
50240;1126;914;1654;3385;2717
50280;1126;914;1654;3384;2683
50320;1125;914;1654;3408;2661
50360;1125;914;1653;3435;2640
50400;1125;914;1653;3466;2619
50430;1125;914;1653;3467;2629
50470;1124;914;1654;3561;2543
50510;1126;914;1654;3578;2545
50540;1134;914;1654;3571;2546
50580;1139;914;1653;3606;2526
50620;1146;914;1654;3633;2510
50660;1156;913;1654;3643;2505
50700;1162;913;1653;3645;2506
50780;1171;913;1653;3677;2509
50820;1176;913;1654;3681;2560
50860;1179;913;1654;3671;2570
50900;1180;913;1654;3463;2556
50940;1181;913;1654;3412;2558
50980;1182;913;1653;3556;2594
51020;1183;913;1654;3562;2668
51060;1183;913;1654;3427;2696
51100;1183;913;1654;3519;2690
51130;1183;914;1654;3544;2720
51170;1182;914;1654;3528;2756
51210;1182;914;1653;3502;2808
51250;1182;914;1654;3501;2859
51280;1181;914;1654;3443;2876
51320;1175;914;1654;3456;2915
51360;1171;914;1654;3535;2961
51400;1165;914;1654;3540;3037
51430;1159;914;1654;3499;3084
51470;1153;914;1654;3503;3134
51510;1148;914;1654;3514;3195
51550;1146;914;1654;3519;3272
51580;1138;913;1654;3495;3306
51620;1133;913;1654;3487;3341
51660;1129;913;1654;3479;3362
51700;1123;913;1654;3482;3373
51730;1119;914;1654;3505;3401
51770;1115;914;1654;3525;3442
51810;1113;914;1654;3537;3480
51850;1110;914;1654;3528;3501
51880;1108;914;1654;3538;3501
51920;1107;914;1654;3540;3487
51960;1107;914;1654;3553;3476
52000;1106;914;1654;3539;3461
52030;1106;914;1654;3551;3456
52070;1106;914;1654;3548;3466
52110;1106;914;1654;3589;3386
52150;1106;914;1654;3616;3289
52180;1106;914;1654;3640;3223
52220;1106;913;1654;3656;3174
52260;1106;913;1653;3669;3147
52300;1106;913;1653;3680;3153
52330;1107;914;1654;3704;3128
52370;1108;914;1654;3770;3113
52410;1110;914;1654;3808;3106
52450;1112;914;1654;3869;3085
52480;1119;914;1654;3868;3067
52520;1122;914;1654;3858;3060
52560;1125;914;1654;3838;3066
52600;1134;914;1653;3843;3074
52630;1139;914;1654;3864;3057
52670;1144;914;1654;3926;3026
52710;1152;914;1655;3947;3001
52750;1161;914;1655;3981;2987
52780;1165;914;1654;4000;2974
52820;1171;914;1654;4025;2975
52860;1178;914;1654;4039;2975
52900;1186;914;1654;4024;2967
52930;1193;914;1654;4024;2968
52970;1199;914;1654;4028;2952
53010;1211;914;1654;4037;2939
53050;1222;914;1654;4067;2931
53080;1228;914;1654;4095;2934
53120;1233;914;1654;4095;2926
53160;1239;914;1654;4095;2924
53200;1243;914;1654;4095;2930
53230;1246;914;1655;4095;2937
53270;1247;914;1655;4095;2960
53310;1248;914;1656;4095;2949
53350;1249;914;1655;4086;2990
53380;1249;914;1655;4023;3033
53420;1248;914;1655;3915;3008
53460;1247;914;1655;3736;2904
53500;1247;914;1655;3624;2825
53530;1248;914;1655;3545;2782
53570;1248;914;1656;3441;2778
53610;1247;914;1656;3327;2798
53650;1244;914;1656;3239;2849
53680;1239;914;1656;3245;2826
53720;1236;914;1656;3260;2846
53760;1230;914;1656;3278;2858
53800;1224;914;1655;3247;2895
53830;1215;914;1655;3247;2905
53870;1208;914;1655;3243;2936
53910;1201;914;1656;3228;2964
53950;1194;914;1656;3224;2975
53980;1187;913;1655;3231;2981
54020;1178;913;1655;3224;3015
54060;1171;913;1656;3233;3034
54100;1161;913;1656;3235;3063
54130;1154;913;1656;3223;3082
54170;1149;913;1656;3210;3094
54210;1141;914;1656;3205;3104
54250;1134;914;1656;3212;3122
54280;1130;914;1656;3213;3134
54320;1127;914;1656;3209;3143
54360;1126;914;1656;3209;3127
54400;1125;914;1655;3217;3097
54430;1125;914;1656;3227;3047
54470;1125;914;1656;3244;2973
54510;1125;914;1656;3242;2922
54550;1126;914;1656;3240;2842
54580;1126;913;1656;3259;2766
54620;1125;913;1656;3280;2695
54660;1125;913;1656;3323;2638
54700;1125;914;1656;3336;2624
54730;1125;914;1656;3366;2610
54770;1125;914;1656;3384;2581
54810;1125;914;1657;3392;2568
54840;1125;914;1656;3409;2550
54850;1125;914;1656;3416;2541
54880;1132;914;1656;3451;2527
54920;1139;914;1655;3492;2511
54960;1145;914;1655;3496;2483
55000;1154;914;1655;3510;2452
55030;1162;914;1656;3530;2422
55070;1168;914;1656;3546;2416
55110;1175;914;1656;3548;2411
55150;1182;914;1656;3544;2417
55180;1189;914;1656;3534;2433
55220;1194;914;1656;3536;2439
55260;1196;914;1655;3535;2456
55300;1198;914;1655;3541;2454
55330;1199;914;1656;3541;2449
55370;1200;914;1656;3509;2482
55410;1200;914;1657;3457;2548
55450;1200;914;1657;3384;2631
55480;1200;914;1656;3350;2658
55520;1200;914;1656;3318;2709
55560;1200;914;1656;3301;2741
55600;1200;914;1656;3314;2755
55630;1200;914;1656;3292;2771
55670;1200;914;1656;3285;2826
55710;1199;914;1656;3267;2885
55750;1194;914;1656;3259;2893
55780;1187;914;1656;3258;2914
55820;1180;914;1656;3254;2936
55860;1174;914;1655;3245;2978
55900;1168;914;1655;3241;3012
55930;1160;914;1656;3241;3045
55970;1153;914;1656;3256;3093
56010;1149;914;1657;3260;3111
56050;1139;914;1657;3250;3123
56080;1132;914;1656;3244;3136
56120;1128;913;1656;3233;3158
56160;1122;914;1656;3228;3169
56200;1118;914;1656;3243;3178
56230;1116;914;1656;3251;3176
56270;1115;914;1656;3253;3178
56310;1114;914;1656;3244;3170
56350;1114;914;1656;3260;3127
56380;1115;914;1656;3264;3063
56420;1115;914;1656;3270;2982
56460;1115;914;1656;3267;2909
56500;1115;914;1656;3292;2834
56530;1115;914;1656;3304;2776
56570;1115;914;1656;3334;2699
56610;1115;914;1656;3362;2663
56650;1115;914;1656;3384;2648
56680;1115;914;1656;3403;2628
56720;1115;914;1656;3410;2609
56760;1114;914;1656;3434;2569
56800;1120;914;1656;3457;2571
56830;1123;914;1656;3492;2525
56860;1126;914;1655;3507;2506
56870;1132;914;1656;3522;2503
56910;1138;914;1656;3584;2463
56950;1144;914;1656;3611;2430
56980;1151;914;1656;3568;2422
57020;1159;914;1656;3579;2417
57060;1164;914;1656;3597;2427
57100;1168;914;1656;3584;2450
57130;1171;914;1656;3569;2478
57170;1173;914;1656;3611;2498
57210;1174;914;1656;3636;2475
57250;1175;914;1656;3560;2535
57280;1175;914;1656;3494;2604
57320;1175;914;1656;3454;2651
57360;1175;914;1656;3410;2693
57400;1176;914;1656;3345;2739
57430;1177;914;1656;3325;2787
57470;1177;914;1656;3304;2822
57510;1177;914;1656;3319;2858
57550;1177;914;1656;3310;2900
57580;1176;914;1656;3289;2938
57620;1172;914;1655;3309;2958
57660;1167;914;1656;3305;2997
57700;1159;914;1656;3303;3029
57730;1153;914;1656;3277;3078
57770;1148;914;1656;3276;3128
57810;1140;914;1656;3280;3162
57850;1132;914;1656;3259;3211
57880;1128;914;1656;3255;3245
57920;1122;914;1656;3243;3292
57960;1118;914;1656;3210;3389
58000;1116;914;1656;3167;3462
58030;1115;914;1656;3169;3468
58070;1115;914;1656;3179;3452
58110;1115;914;1656;3191;3421
58150;1115;914;1656;3187;3365
58180;1115;914;1656;3189;3327
58220;1115;913;1656;3198;3273
58260;1115;913;1656;3215;3261
58300;1114;913;1656;3254;3143
58330;1115;914;1656;3269;3109
58370;1115;914;1657;3251;3106
58410;1115;914;1656;3229;3117
58450;1116;914;1657;3258;3096
58480;1115;914;1656;3282;3077
58520;1120;914;1656;3271;3034
58560;1123;914;1656;3264;2940
58600;1133;914;1656;3257;2880
58630;1139;914;1656;3234;2852
58670;1145;914;1657;3226;2849
58710;1153;914;1657;3220;2811
58750;1161;914;1657;3211;2831
58780;1166;914;1656;3200;2775
58820;1173;914;1656;3196;2697
58860;1181;914;1656;3206;2680
58890;1188;914;1656;3210;2662
58900;1192;914;1656;3206;2667
58930;1196;914;1656;3229;2619
58970;1201;914;1656;3273;2563
59010;1209;914;1656;3271;2559
59050;1220;914;1656;3364;2516
59080;1226;914;1656;3478;2466
59120;1231;914;1656;3630;2383
59160;1237;914;1656;3673;2363
59200;1243;914;1656;3688;2366
59230;1250;914;1656;3699;2353
59270;1257;914;1656;3679;2366
59310;1262;914;1656;3691;2357
59350;1265;914;1656;3705;2388
59380;1266;914;1656;3679;2416
59420;1267;914;1656;3641;2477
59460;1268;914;1656;3601;2500
59500;1268;914;1656;3535;2557
59530;1267;914;1656;3477;2575
59570;1267;914;1656;3431;2627
59610;1268;914;1657;3379;2683
59650;1268;914;1656;3344;2715
59680;1267;914;1656;3342;2746
59720;1267;914;1656;3337;2771
59760;1266;914;1656;3309;2814
59800;1259;914;1656;3294;2841
59840;1252;914;1656;3296;2878
59880;1244;914;1656;3305;2893
59920;1239;914;1657;3310;2913
59960;1235;914;1656;3303;2931
60000;1231;914;1656;3288;2929
60030;1218;914;1657;3298;2952
60070;1211;914;1657;3297;2986
60110;1205;914;1657;3284;3026
60150;1197;914;1657;3279;3044
60180;1190;914;1657;3281;3064
60220;1183;914;1656;3278;3093
60260;1175;914;1656;3281;3121
60300;1169;914;1655;3279;3142
60330;1161;914;1656;3285;3157
60370;1154;914;1656;3285;3182
60410;1149;914;1656;3269;3195
60450;1145;914;1655;3271;3200
60480;1139;914;1655;3269;3210
60520;1135;914;1656;3273;3208
60560;1133;913;1656;3279;3184
60590;1132;914;1656;3274;3171
60630;1131;914;1657;3275;3119
60670;1131;914;1657;3282;3044
60710;1131;914;1657;3285;2985
60750;1131;914;1657;3276;2867
60830;1132;914;1657;3323;2698
60870;1133;914;1657;3368;2669
60910;1134;914;1657;3396;2636
60950;1134;914;1657;3412;2590
60990;1134;914;1657;3417;2586
61020;1134;914;1657;3431;2564
61030;1135;914;1657;3435;2548
61070;1139;914;1657;3466;2510
61110;1144;914;1657;3494;2486
61150;1151;914;1657;3504;2463
61180;1159;914;1657;3512;2446
61220;1164;914;1656;3526;2432
61260;1172;914;1656;3549;2416
61300;1180;914;1656;3556;2407
61330;1185;914;1657;3563;2400
61370;1192;914;1657;3568;2400
61410;1196;914;1657;3565;2404
61450;1198;914;1657;3562;2412
61480;1199;914;1657;3566;2440
61520;1200;914;1657;3564;2443
61560;1201;914;1657;3534;2473
61600;1200;914;1656;3464;2535
61630;1201;914;1656;3415;2585
61670;1201;914;1657;3371;2661
61710;1201;914;1657;3320;2698
61750;1201;914;1657;3300;2764
61780;1201;914;1656;3287;2792
61820;1201;914;1656;3297;2790
61860;1201;914;1656;3281;2847
61900;1201;914;1656;3270;2881
61930;1199;914;1656;3246;2932
61970;1194;914;1657;3252;2956
62010;1187;914;1657;3253;2979
62050;1179;914;1657;3250;3015
62080;1173;914;1657;3241;3054
62120;1167;914;1657;3244;3092
62160;1159;914;1656;3237;3123
62200;1153;914;1656;3237;3146
62230;1148;914;1657;3228;3152
62270;1145;914;1656;3226;3161
62310;1140;914;1656;3221;3168
62350;1135;914;1656;3215;3169
62380;1132;914;1657;3211;3161
62420;1130;914;1657;3209;3133
62460;1129;914;1657;3203;3071
62500;1128;914;1656;3216;3025
62530;1129;914;1656;3222;2993
62570;1129;914;1656;3230;2886
62610;1129;914;1656;3235;2785
62650;1130;914;1657;3245;2720
62680;1130;914;1657;3263;2683
62720;1130;914;1657;3303;2598
62760;1130;913;1657;3311;2576
62800;1131;914;1657;3320;2553
62830;1131;914;1657;3334;2548
62870;1132;914;1657;3348;2515
62910;1138;914;1657;3354;2487
62950;1143;914;1657;3374;2465
62980;1147;914;1657;3392;2455
63020;1156;914;1657;3422;2417
63060;1163;914;1657;3443;2392
63100;1172;914;1657;3443;2377
63130;1177;914;1657;3464;2360
63170;1184;914;1657;3484;2353
63210;1191;914;1657;3511;2353
63250;1197;914;1657;3519;2363
63280;1201;914;1656;3531;2377
63320;1204;914;1656;3541;2383
63360;1206;914;1656;3546;2395
63400;1209;914;1656;3538;2421
63430;1212;914;1657;3506;2433
63470;1214;914;1657;3488;2431
63510;1215;914;1657;3414;2484
63550;1215;914;1657;3323;2560
63580;1214;914;1656;3291;2591
63620;1213;914;1656;3280;2628
63660;1213;914;1656;3250;2678
63700;1213;914;1656;3222;2744
63730;1214;914;1656;3204;2786
63770;1214;914;1656;3199;2820
63810;1214;914;1657;3214;2806
63850;1211;914;1657;3206;2860
63880;1207;914;1657;3206;2884
63920;1203;914;1657;3191;2911
63960;1195;914;1657;3183;2958
64000;1187;914;1657;3182;2964
64030;1182;915;1657;3185;2966
64070;1176;914;1657;3178;2994
64110;1170;914;1657;3175;3032
64150;1161;914;1657;3185;3057
64180;1154;914;1656;3180;3065
64220;1148;914;1656;3162;3074
64260;1146;914;1656;3165;3080
64300;1143;914;1656;3155;3086
64330;1142;914;1656;3151;3077
64370;1141;914;1656;3152;3069
64410;1141;914;1656;3160;3057
64450;1140;914;1656;3169;3019
64480;1139;914;1656;3172;3002
64520;1140;914;1656;3179;2917
64560;1140;913;1656;3210;2815
64600;1141;913;1656;3223;2736
64640;1142;913;1656;3245;2666
64680;1142;913;1656;3257;2602
64720;1142;913;1656;3277;2547
64760;1142;914;1656;3293;2523
64800;1142;914;1655;3291;2513
64830;1142;914;1656;3303;2501
64860;1143;914;1656;3315;2472
64870;1144;914;1656;3325;2458
64910;1146;914;1656;3362;2463
64950;1152;914;1656;3387;2439
64980;1158;914;1656;3396;2428
65020;1163;914;1656;3393;2406
65060;1172;914;1656;3394;2375
65100;1179;914;1656;3407;2350
65130;1185;914;1657;3428;2339
65170;1193;914;1657;3444;2330
65210;1198;914;1657;3457;2309
65250;1202;914;1656;3460;2299
65280;1212;914;1656;3458;2307
65320;1220;914;1656;3457;2318
65360;1226;914;1656;3452;2316
65400;1229;914;1655;3458;2338
65430;1232;914;1656;3465;2345
65470;1234;914;1656;3452;2360
65510;1234;914;1656;3423;2379
14;1234;914;1656;3356;2433
44;1234;914;1656;3312;2502
84;1234;914;1656;3251;2567
124;1234;914;1656;3235;2618
164;1234;914;1656;3211;2682
194;1234;914;1656;3202;2725
234;1235;914;1656;3191;2756
274;1235;914;1656;3179;2805
314;1229;914;1656;3162;2850
344;1217;914;1656;3164;2868
384;1212;914;1656;3175;2874
424;1206;914;1656;3164;2904
464;1199;914;1656;3156;2924
494;1193;914;1656;3159;2945
534;1187;914;1657;3151;2966
574;1178;914;1657;3147;2995
614;1171;914;1656;3130;3022
644;1164;913;1656;3127;3048
684;1156;914;1657;3122;3067
724;1151;914;1657;3113;3079
764;1146;914;1656;3108;3085
794;1145;914;1656;3110;3089
834;1145;914;1656;3112;3077
874;1145;914;1656;3107;3069
914;1144;914;1656;3120;3042
994;1144;914;1656;3159;2846
1034;1144;913;1657;3174;2762
1074;1145;914;1657;3191;2680
1114;1144;914;1657;3234;2601
1154;1144;914;1657;3254;2538
1194;1144;914;1657;3253;2525
1234;1145;914;1657;3286;2501
1274;1145;914;1657;3301;2478
1314;1145;914;1657;3332;2449
1344;1147;914;1656;3356;2438
1384;1154;914;1657;3371;2429
1424;1161;914;1657;3394;2394
1464;1168;914;1657;3395;2354
1494;1176;914;1657;3414;2347
1534;1183;914;1657;3425;2321
1574;1191;914;1657;3435;2310
1614;1197;914;1657;3447;2290
1644;1201;914;1657;3454;2290
1684;1205;914;1657;3459;2286
1724;1214;914;1657;3462;2291
1764;1219;914;1657;3458;2297
1794;1222;914;1657;3449;2321
1834;1224;914;1657;3437;2353
1874;1225;915;1657;3406;2375
1914;1225;915;1657;3346;2431
1944;1225;914;1657;3309;2511
1984;1225;914;1657;3256;2574
2024;1226;914;1656;3247;2610
2064;1226;914;1656;3217;2679
2094;1226;914;1657;3201;2711
2134;1226;914;1657;3185;2763
2174;1226;914;1657;3176;2802
2214;1218;914;1657;3170;2839
2244;1212;914;1657;3171;2821
2284;1207;914;1656;3166;2869
2324;1202;914;1656;3149;2905
2364;1195;914;1656;3147;2924
2394;1189;914;1657;3140;2941
2434;1182;914;1657;3129;2972
2474;1175;914;1657;3112;3011
2514;1169;914;1657;3106;3036
2544;1160;914;1656;3099;3059
2584;1153;914;1656;3095;3078
2624;1149;914;1656;3095;3085
2664;1147;914;1656;3094;3084
2694;1145;914;1656;3092;3076
2734;1144;914;1656;3096;3063
2774;1145;914;1656;3104;3048
2814;1145;914;1656;3131;2940
2844;1145;914;1656;3150;2852
2884;1145;914;1656;3164;2772
2924;1145;914;1656;3194;2675
2964;1145;914;1656;3232;2599
2994;1145;915;1656;3235;2565
3034;1145;914;1657;3255;2526
3074;1145;914;1657;3263;2518
3114;1145;914;1657;3282;2506
3144;1145;914;1656;3300;2471
3184;1146;914;1656;3330;2442
3224;1150;914;1656;3346;2432
3264;1158;914;1656;3365;2405
3294;1164;914;1657;3381;2387
3334;1171;914;1657;3401;2358
3374;1178;914;1657;3411;2331
3414;1184;914;1657;3423;2318
3444;1191;914;1656;3432;2310
3484;1197;914;1656;3438;2295
3524;1201;914;1656;3445;2286
3564;1210;914;1656;3447;2292
3594;1217;914;1657;3445;2298
3634;1223;914;1657;3446;2297
3674;1227;914;1657;3440;2328
3714;1229;914;1657;3440;2332
3744;1230;914;1657;3427;2337
3784;1232;914;1657;3382;2378
3824;1232;914;1657;3323;2465
3864;1232;915;1657;3266;2541
3894;1232;915;1657;3241;2579
3934;1232;915;1657;3222;2631
3974;1233;915;1657;3196;2691
4014;1233;915;1657;3191;2733
4044;1233;914;1656;3192;2765
4084;1233;914;1656;3174;2798
4124;1228;914;1656;3163;2845
4164;1217;914;1656;3176;2844
4194;1211;914;1656;3159;2879
4234;1207;914;1656;3160;2896
4274;1200;914;1656;3154;2927
4314;1194;914;1656;3150;2953
4344;1188;914;1656;3144;2972
4384;1180;914;1656;3131;3014
4424;1174;914;1656;3126;3044
4464;1168;914;1656;3123;3071
4494;1161;914;1656;3123;3083
4534;1156;914;1656;3125;3083
4574;1152;914;1656;3126;3082
4614;1150;914;1656;3127;3085
4644;1149;914;1656;3129;3076
4684;1148;914;1656;3131;3066
4724;1148;914;1656;3153;3016
4764;1148;914;1656;3168;2899
4794;1148;914;1657;3185;2820
4834;1148;914;1657;3185;2738
4874;1148;914;1657;3224;2633
4914;1148;914;1657;3243;2589
4944;1148;914;1656;3248;2550
4984;1148;914;1656;3267;2528
5024;1148;914;1656;3297;2499
5064;1148;914;1656;3316;2469
5094;1148;914;1657;3333;2450
5134;1153;914;1657;3350;2429
5174;1160;914;1656;3370;2404
5214;1166;914;1657;3386;2388
5244;1173;914;1657;3405;2378
5284;1180;914;1657;3416;2350
5324;1188;914;1657;3433;2334
5364;1195;914;1657;3452;2330
5394;1199;914;1657;3452;2326
5434;1202;914;1657;3468;2314
5474;1214;914;1657;3480;2306
5514;1223;914;1657;3485;2313
5544;1228;914;1657;3481;2318
5584;1231;914;1656;3472;2323
5624;1233;914;1656;3463;2336
5664;1234;914;1656;3418;2370
5694;1234;914;1657;3401;2384
5734;1235;914;1657;3344;2429
5774;1235;914;1657;3297;2507
5814;1236;914;1656;3255;2582
5844;1236;914;1657;3236;2610
5884;1235;914;1657;3209;2677
5924;1235;914;1657;3196;2727
5964;1236;914;1656;3190;2766
5994;1236;914;1656;3180;2794
6034;1233;914;1656;3171;2839
6074;1221;914;1656;3162;2864
6114;1214;914;1656;3160;2858
6144;1209;914;1656;3167;2894
6184;1202;914;1656;3153;2931
6224;1195;914;1656;3149;2950
6264;1188;914;1656;3137;2985
6294;1180;914;1657;3129;3003
6334;1174;914;1657;3129;3038
6374;1168;914;1657;3127;3067
6414;1160;914;1657;3133;3077
6444;1155;914;1657;3135;3078
6484;1151;914;1656;3136;3085
6524;1149;914;1656;3132;3085
6564;1148;914;1656;3140;3075
6594;1148;914;1656;3138;3039
6634;1148;914;1657;3162;2950
6674;1148;914;1656;3179;2841
6714;1148;914;1656;3194;2742
6744;1148;914;1656;3204;2684
6784;1148;914;1656;3233;2600
6824;1148;914;1656;3253;2543
6864;1148;914;1656;3272;2516
6904;1148;914;1656;3296;2504
6944;1148;914;1656;3295;2474
7014;1152;915;1656;3300;2408
7054;1160;915;1656;3305;2387
7094;1166;915;1657;3310;2353
7134;1174;915;1657;3361;2346
7174;1182;915;1657;3379;2341
7214;1189;914;1656;3387;2326
7244;1194;914;1657;3389;2322
7284;1199;914;1657;3417;2296
7324;1208;914;1656;3446;2286
7364;1219;914;1656;3465;2289
7394;1227;914;1657;3474;2291
7434;1231;914;1657;3480;2288
7474;1234;914;1657;3470;2294
7514;1235;914;1656;3451;2307
7544;1236;914;1656;3445;2320
7584;1236;914;1656;3442;2321
7624;1236;914;1656;3402;2355
7664;1236;914;1655;3343;2427
7694;1236;914;1656;3299;2483
7734;1237;914;1657;3265;2553
7774;1237;914;1657;3242;2611
7814;1236;914;1656;3209;2669
7844;1236;914;1656;3192;2712
7884;1236;914;1656;3175;2751
7924;1237;914;1656;3175;2779
7964;1235;913;1655;3169;2826
7994;1233;914;1656;3177;2844
8034;1222;914;1656;3178;2862
8074;1215;914;1657;3172;2866
8114;1208;914;1656;3163;2914
8144;1203;914;1656;3166;2945
8184;1196;914;1656;3162;2959
8224;1189;914;1656;3143;2994
8264;1180;914;1655;3129;3035
8294;1174;914;1656;3135;3056
8334;1169;914;1656;3132;3073
8374;1161;914;1656;3131;3076
8414;1155;914;1655;3128;3080
8444;1152;914;1656;3133;3090
8484;1150;914;1656;3127;3087
8524;1149;914;1656;3132;3078
8564;1148;914;1655;3141;3034
8594;1148;914;1656;3156;2963
8634;1148;914;1657;3185;2842
8674;1149;914;1657;3205;2753
8714;1148;914;1656;3229;2647
8744;1149;914;1656;3246;2610
8784;1149;914;1656;3259;2559
8824;1149;914;1656;3287;2518
8864;1148;914;1656;3302;2499
8894;1149;914;1656;3322;2483
8934;1149;914;1656;3354;2457
8964;1153;914;1656;3359;2445
9004;1160;914;1656;3373;2423
9044;1167;914;1656;3392;2404
9084;1175;914;1656;3414;2371
9124;1183;914;1656;3402;2367
9164;1190;914;1655;3409;2335
9194;1195;914;1656;3415;2322
9234;1200;914;1656;3421;2300
9274;1212;914;1657;3429;2289
9314;1223;914;1656;3434;2273
9344;1229;914;1656;3442;2265
9384;1233;914;1656;3441;2259
9424;1235;914;1656;3434;2265
9464;1236;914;1655;3424;2279
9494;1237;914;1656;3428;2285
9534;1238;914;1657;3403;2317
9574;1238;914;1657;3340;2389
9614;1238;914;1657;3274;2460
9644;1239;914;1656;3246;2516
9684;1239;914;1656;3216;2568
9724;1239;914;1656;3202;2617
9764;1239;914;1656;3182;2684
9794;1239;914;1656;3170;2710
9834;1239;914;1656;3164;2748
9874;1238;914;1656;3157;2782
9914;1236;914;1656;3161;2826
9994;1223;914;1657;3169;2885
10034;1215;914;1657;3152;2889
10074;1208;914;1657;3141;2921
10114;1202;914;1657;3141;2938
10154;1195;914;1657;3137;2964
10194;1188;914;1657;3139;3006
10234;1178;914;1657;3147;3041
10274;1172;914;1657;3164;3061
10314;1167;914;1657;3155;3070
10344;1160;914;1657;3153;3085
10384;1155;914;1657;3139;3087
10424;1153;914;1657;3120;3080
10464;1151;914;1657;3109;3070
10494;1150;914;1657;3113;3059
10534;1150;914;1657;3128;2992
10574;1151;914;1657;3142;2882
10614;1151;914;1657;3161;2799
10644;1151;914;1657;3180;2732
10684;1151;914;1656;3209;2619
10724;1151;914;1656;3230;2589
10764;1151;914;1656;3260;2539
10794;1151;914;1656;3290;2510
10834;1152;914;1656;3289;2503
10874;1152;914;1656;3290;2486
10914;1152;914;1656;3347;2455
10944;1157;914;1656;3359;2448
10984;1163;913;1656;3372;2435
11024;1169;914;1656;3396;2423
11064;1176;914;1656;3417;2402
11094;1183;914;1656;3418;2371
11134;1190;914;1656;3426;2348
11174;1195;914;1656;3446;2331
11214;1200;914;1657;3510;2343
11244;1204;914;1657;3543;2339
11284;1216;914;1657;3556;2339
11324;1225;914;1657;3568;2339
11364;1230;914;1657;3590;2343
11394;1233;914;1657;3594;2348
11434;1234;914;1657;3591;2378
11474;1235;914;1657;3573;2401
11514;1236;914;1657;3518;2451
11544;1236;914;1657;3504;2482
11584;1236;914;1656;3464;2507
11624;1235;914;1656;3395;2567
11664;1235;914;1656;3330;2623
11694;1236;914;1657;3317;2659
11734;1236;914;1657;3308;2705
11774;1236;914;1657;3283;2741
11814;1236;914;1657;3284;2793
11844;1236;914;1657;3285;2814
11884;1235;914;1657;3274;2866
11924;1234;914;1657;3266;2857
11964;1229;914;1657;3248;2921
11994;1220;914;1657;3243;2933
12034;1211;914;1657;3235;2955
12074;1205;914;1657;3231;3001
12114;1197;914;1657;3223;3031
12144;1191;914;1656;3218;3045
12184;1183;914;1656;3220;3080
12224;1175;914;1656;3226;3096
12264;1168;914;1657;3224;3119
12294;1162;914;1657;3223;3141
12334;1157;914;1657;3221;3155
12374;1152;914;1657;3234;3164
12414;1149;914;1657;3239;3164
12444;1148;914;1657;3242;3161
12484;1147;914;1657;3243;3134
12524;1147;914;1657;3244;3057
12564;1147;913;1656;3231;3027
12594;1147;913;1657;3225;2943
12634;1147;914;1657;3241;2815
12674;1148;914;1657;3276;2734
12714;1148;914;1657;3297;2652
12744;1148;914;1657;3312;2621
12784;1148;914;1657;3338;2607
12824;1148;914;1656;3357;2580
12834;1148;914;1656;3365;2575
12874;1148;914;1656;3385;2527
12914;1148;914;1656;3412;2482
12944;1151;914;1656;3432;2467
12984;1159;914;1656;3459;2452
13024;1165;913;1657;3477;2426
13064;1173;914;1656;3503;2410
13094;1180;914;1656;3515;2399
13134;1188;914;1656;3512;2384
13174;1194;914;1656;3520;2385
13204;1200;914;1656;3537;2374
13244;1203;914;1656;3538;2372
13284;1208;914;1657;3541;2367
13324;1214;914;1657;3535;2411
13364;1217;914;1656;3515;2440
13394;1219;914;1656;3497;2458
13434;1220;914;1657;3455;2488
13474;1220;914;1657;3397;2550
13514;1220;914;1656;3351;2629
13544;1220;914;1656;3338;2669
13584;1220;914;1656;3314;2712
13624;1220;914;1656;3273;2758
13664;1219;914;1656;3261;2808
13694;1220;914;1656;3263;2833
13734;1220;914;1657;3261;2835
13774;1216;914;1657;3242;2914
13804;1210;913;1656;3250;2936
13844;1203;913;1656;3251;2954
13884;1198;913;1657;3243;2992
13924;1192;913;1657;3230;3020
13964;1184;913;1656;3219;3039
13994;1176;913;1656;3215;3059
14034;1171;913;1656;3209;3092
14074;1163;914;1656;3223;3124
14114;1156;913;1656;3224;3133
14144;1151;913;1656;3233;3154
14184;1147;913;1656;3229;3164
14224;1145;913;1656;3221;3164
14264;1143;913;1656;3219;3157
14294;1143;913;1656;3215;3154
14334;1143;913;1656;3221;3102
14374;1144;913;1656;3214;3037
14414;1144;913;1655;3216;2995
14444;1144;914;1655;3224;2903
14484;1144;914;1656;3246;2788
14524;1144;914;1656;3265;2710
14564;1144;913;1655;3272;2651
14594;1144;914;1656;3288;2613
14634;1145;914;1656;3310;2593
14674;1145;914;1656;3321;2574
14714;1145;914;1656;3328;2518
14744;1145;914;1656;3352;2503
14784;1146;914;1656;3368;2469
14824;1149;914;1657;3372;2453
14864;1156;913;1656;3396;2419
14894;1162;913;1657;3398;2399
14934;1169;914;1656;3410;2371
14974;1176;914;1656;3426;2357
15014;1183;914;1655;3441;2344
15044;1191;914;1656;3460;2335
15084;1197;914;1657;3472;2313
15154;1209;914;1657;3489;2286
15194;1218;914;1657;3486;2304
15234;1226;914;1656;3496;2306
15274;1230;914;1656;3492;2316
15314;1231;914;1656;3473;2352
15344;1232;913;1657;3457;2383
15384;1233;914;1657;3431;2411
15424;1234;914;1656;3398;2465
15464;1233;913;1656;3340;2557
15494;1234;913;1656;3306;2609
15534;1234;913;1656;3282;2664
15574;1234;913;1656;3260;2720
15614;1234;913;1656;3232;2762
15644;1234;913;1656;3221;2793
15684;1234;913;1656;3217;2833
15724;1233;913;1656;3194;2890
15764;1230;913;1655;3194;2896
15794;1220;913;1656;3188;2905
15834;1212;913;1656;3192;2936
15874;1205;913;1656;3190;2960
15914;1197;913;1656;3181;2997
15944;1191;913;1656;3181;3023
15984;1184;913;1656;3178;3056
16024;1176;913;1656;3172;3090
16064;1170;913;1655;3169;3114
16094;1165;913;1656;3169;3127
16124;1159;913;1656;3172;3129
16174;1156;913;1656;3173;3134
16204;1153;913;1656;3172;3137
16234;1152;913;1656;3176;3121
16274;1151;913;1656;3178;3081
16314;1151;913;1656;3192;3038
16354;1151;914;1656;3197;2963
16394;1151;914;1657;3210;2853
16434;1151;914;1656;3240;2766
16474;1151;914;1657;3253;2669
16514;1151;914;1656;3270;2601
16544;1152;914;1656;3285;2570
16584;1152;913;1656;3298;2535
16624;1152;913;1656;3315;2521
16664;1151;913;1655;3342;2488
16694;1151;913;1656;3364;2470
16734;1156;913;1657;3382;2452
16774;1162;914;1657;3398;2432
16814;1168;914;1656;3422;2414
16844;1175;914;1656;3440;2389
16884;1182;914;1656;3452;2374
16924;1190;914;1656;3460;2352
16964;1195;914;1655;3477;2338
17044;1207;914;1656;3513;2320
17084;1217;914;1656;3520;2336
17124;1225;914;1657;3526;2333
17164;1229;914;1657;3515;2349
17204;1231;914;1657;3503;2364
17244;1232;914;1657;3470;2410
17284;1233;914;1657;3428;2443
17324;1233;914;1657;3396;2484
17364;1234;914;1657;3353;2562
17394;1234;914;1657;3306;2617
17434;1235;914;1657;3279;2672
17474;1235;914;1657;3256;2727
17484;1235;914;1657;3254;2737
17514;1234;914;1657;3243;2770
17544;1234;914;1656;3219;2805
17584;1234;914;1656;3215;2836
17624;1233;914;1656;3208;2884
17664;1229;914;1657;3192;2892
17694;1219;914;1657;3205;2905
17734;1211;914;1657;3195;2942
17774;1205;914;1657;3187;2961
17814;1197;914;1657;3172;2985
17844;1191;914;1657;3161;3019
17884;1184;914;1657;3160;3044
17924;1176;913;1657;3155;3057
17964;1171;913;1656;3152;3070
17994;1167;913;1656;3142;3087
18034;1162;913;1656;3135;3108
18074;1159;914;1657;3144;3103
18114;1156;914;1657;3149;3081
18144;1155;914;1656;3155;3071
18184;1154;914;1657;3157;3051
18224;1154;914;1657;3187;2923
18264;1155;913;1657;3208;2826
18294;1155;913;1657;3223;2760
18334;1155;914;1657;3242;2666
18374;1156;914;1657;3263;2601
18414;1156;914;1657;3282;2547
18444;1156;914;1657;3293;2525
18484;1156;913;1657;3308;2507
18524;1156;913;1657;3332;2480
18564;1156;913;1657;3352;2465
18594;1159;913;1657;3367;2444
18634;1164;914;1657;3391;2408
18674;1172;914;1657;3406;2392
18714;1179;914;1657;3426;2382
18744;1184;914;1657;3446;2373
18784;1191;913;1656;3461;2349
18824;1196;914;1656;3464;2327
18864;1202;914;1656;3473;2308
18894;1210;914;1656;3482;2295
18934;1218;914;1656;3489;2308
18974;1225;914;1657;3498;2309
19014;1230;914;1657;3506;2309
19044;1232;914;1657;3513;2338
19084;1233;914;1657;3474;2363
19124;1233;914;1657;3438;2421
19164;1234;914;1656;3415;2459
19194;1234;914;1656;3371;2497
19234;1234;914;1656;3317;2585
19274;1234;914;1656;3291;2637
19314;1235;914;1657;3268;2678
19344;1235;914;1656;3252;2722
19384;1235;913;1657;3225;2774
19424;1235;913;1657;3211;2811
19464;1234;913;1657;3203;2852
19494;1231;913;1657;3200;2891
19534;1227;913;1657;3209;2892
19574;1216;914;1656;3209;2915
19614;1209;914;1657;3195;2952
19644;1203;913;1657;3201;2971
19684;1196;913;1656;3193;3011
19724;1188;913;1656;3188;3038
19764;1181;913;1656;3182;3075
19794;1175;913;1656;3190;3093
19834;1169;913;1656;3196;3120
19874;1162;913;1656;3206;3141
19914;1157;913;1656;3202;3141
19944;1154;913;1656;3203;3144
19984;1152;913;1656;3209;3150
20024;1151;913;1656;3220;3135
20064;1150;913;1656;3242;3066
20094;1149;913;1657;3242;3023
20134;1149;913;1657;3237;2962
20174;1150;913;1657;3252;2841
20214;1149;914;1656;3287;2750
20244;1150;914;1656;3317;2687
20284;1150;914;1656;3335;2635
20324;1150;914;1656;3327;2634
20364;1150;914;1656;3344;2588
20394;1150;914;1656;3376;2567
20434;1150;914;1656;3389;2524
20474;1150;914;1656;3416;2493
20514;1155;914;1656;3446;2472
20544;1160;914;1656;3466;2460
20584;1166;914;1656;3485;2434
20624;1174;913;1656;3492;2419
20664;1181;914;1656;3496;2395
20694;1188;914;1656;3526;2378
20734;1195;914;1656;3545;2367
20774;1200;914;1657;3554;2370
20814;1205;914;1657;3555;2360
20844;1214;914;1657;3566;2360
20884;1220;914;1656;3576;2369
20924;1222;914;1656;3565;2414
20964;1223;914;1656;3539;2444
20994;1224;914;1656;3508;2463
21034;1224;914;1656;3483;2487
21074;1225;914;1657;3444;2557
21114;1225;914;1657;3387;2621
21144;1225;914;1657;3357;2654
21184;1225;914;1657;3321;2707
21224;1225;914;1657;3300;2754
21264;1225;914;1656;3288;2787
21294;1226;914;1657;3262;2832
21334;1226;914;1657;3273;2829
21374;1225;914;1657;3258;2881
21414;1215;914;1656;3249;2913
21444;1208;914;1656;3241;2952
21484;1202;914;1656;3241;2976
21524;1195;914;1656;3241;3006
21564;1187;914;1656;3251;3037
21594;1180;914;1656;3242;3070
21634;1174;914;1656;3247;3102
21674;1168;914;1656;3236;3120
21714;1159;914;1656;3239;3146
21744;1152;914;1656;3236;3161
21784;1147;914;1656;3237;3181
21824;1145;914;1656;3236;3184
21864;1144;914;1656;3237;3177
21894;1144;914;1656;3240;3164
21934;1144;913;1656;3245;3132
21974;1144;913;1656;3255;3077
22014;1144;913;1657;3256;3033
22044;1144;913;1657;3253;2985
22084;1144;913;1656;3270;2868
22124;1144;913;1656;3292;2774
22164;1144;913;1656;3322;2703
22194;1144;913;1656;3344;2687
22234;1144;913;1656;3359;2631
22274;1145;913;1656;3372;2626
22314;1145;913;1657;3389;2603
22344;1145;913;1656;3398;2585
22384;1144;913;1657;3419;2550
22424;1145;914;1656;3447;2519
22464;1148;914;1656;3478;2493
22494;1155;914;1656;3485;2476
22534;1162;914;1656;3506;2441
22574;1169;914;1656;3529;2434
22614;1176;914;1656;3537;2418
22644;1183;914;1656;3545;2411
22684;1191;914;1656;3564;2407
22724;1196;914;1656;3569;2396
22764;1199;914;1656;3573;2395
22774;1202;914;1656;3572;2393
22794;1203;914;1657;3578;2396
22804;1204;914;1657;3578;2397
22835;1206;914;1658;3577;2418
22875;1208;915;1659;3560;2453
22915;1209;916;1660;3547;2471
22925;1209;916;1660;3548;2474