
55011;1146;898;907;2456;3246
55121;1719;1347;1361;2454;3259
55161;2006;1572;1588;2458;3260
55201;2150;1684;1701;2457;3258
55231;2222;1740;1758;2457;3260
55271;2258;1768;1786;2460;3264
55311;2276;1783;1800;2461;3268
55351;2285;1790;1807;2458;3267
55381;2290;1794;1811;2460;3268
55421;2292;1795;1813;2459;3267
55451;2293;1796;1814;2460;3269
55461;2294;1796;1814;2462;3270
55501;2294;1797;1814;2460;3270
55531;2294;1797;1814;2460;3271
55571;2293;1797;1814;2461;3269
55601;2293;1797;1814;2459;3271
55611;2293;1797;1814;2460;3271
55651;2293;1797;1814;2457;3273
55681;2293;1797;1815;2455;3272
55721;2293;1797;1814;2456;3269
55761;2293;1797;1814;2457;3272
55801;2293;1797;1814;2454;3266
55831;2292;1797;1814;2451;3264
55871;2293;1797;1814;2456;3264
55911;2293;1797;1814;2453;3263
55951;2293;1797;1814;2450;3249
55981;2293;1797;1814;2441;3224
56021;2293;1797;1814;2443;3230
56061;2293;1797;1814;2444;3242
56101;2293;1797;1814;2448;3250
56131;2293;1797;1814;2444;3249
56171;2293;1797;1814;2447;3253
56211;2293;1797;1814;2447;3256
56251;2293;1797;1814;2446;3251
56281;2293;1797;1814;2448;3256
56321;2293;1797;1814;2452;3262
56361;2293;1797;1814;2453;3264
56401;2293;1797;1814;2450;3261
56431;2293;1797;1814;2453;3258
56471;2293;1797;1814;2453;3255
56511;2293;1797;1814;2452;3254
56551;2293;1797;1814;2454;3257
56581;2293;1797;1814;2453;3255
56621;2293;1797;1814;2455;3263
56661;2293;1797;1814;2454;3254
56701;2293;1797;1814;2454;3254
56731;2293;1796;1814;2455;3253
56771;2293;1796;1814;2450;3247
56811;2293;1796;1814;2450;3245
56851;2293;1796;1814;2447;3242
56881;2293;1796;1814;2447;3241
56921;2293;1796;1814;2446;3235
56961;2293;1796;1814;2445;3239
57001;2293;1796;1814;2444;3232
57031;2293;1796;1814;2446;3235
57071;2293;1796;1814;2446;3237
57111;2292;1796;1813;2445;3235
57151;2293;1796;1813;2443;3230
57181;2293;1797;1813;2441;3228
57221;2293;1797;1814;2442;3229
57261;2293;1797;1814;2442;3229
57301;2293;1797;1815;2441;3230
57331;2293;1797;1815;2443;3232
57371;2293;1797;1814;2446;3232
57411;2293;1797;1814;2443;3232
57451;2293;1796;1814;2443;3233
57481;2293;1796;1814;2442;3232
57521;2293;1796;1814;2441;3229
57561;2293;1796;1814;2442;3231
57601;2293;1796;1814;2442;3231
57631;2293;1796;1814;2442;3231
57671;2293;1796;1814;2443;3232
57711;2293;1796;1814;2442;3229
57751;2293;1796;1814;2440;3228
57781;2292;1796;1814;2439;3227
57821;2292;1796;1814;2438;3225
57861;2293;1796;1814;2433;3218
57901;2293;1796;1814;2434;3221
57931;2293;1796;1814;2436;3219
57971;2293;1796;1814;2435;3221
58011;2293;1796;1814;2435;3221
58051;2293;1796;1813;2434;3220
58081;2293;1796;1813;2432;3212
58121;2293;1796;1814;2434;3217
58161;2293;1796;1814;2432;3215
58201;2293;1796;1814;2434;3215
58231;2292;1796;1814;2434;3214
58271;2292;1796;1814;2435;3215
58311;2292;1796;1814;2434;3215
58351;2292;1797;1814;2432;3215
58381;2292;1797;1814;2431;3211
58421;2292;1797;1814;2431;3211
58461;2293;1796;1814;2431;3214
58501;2293;1796;1814;2430;3214
58531;2293;1796;1814;2430;3213
58571;2292;1796;1814;2430;3215
58611;2292;1796;1814;2429;3214
58651;2292;1796;1814;2429;3214
58681;2292;1796;1814;2427;3214
58721;2293;1796;1814;2426;3213
58751;2292;1796;1814;2428;3215
58761;2293;1797;1814;2427;3213
58801;2293;1797;1814;2425;3216
58831;2293;1796;1814;2427;3215
58871;2293;1796;1814;2427;3220
58911;2293;1796;1814;2427;3222
58951;2293;1796;1814;2426;3220
58981;2293;1796;1814;2426;3222
59021;2293;1796;1814;2426;3225
59061;2293;1796;1814;2427;3227
59101;2293;1796;1814;2427;3227
59131;2293;1796;1814;2429;3228
59171;2293;1796;1814;2429;3232
59211;2293;1796;1814;2429;3232
59251;2293;1796;1814;2430;3233
59281;2293;1796;1814;2427;3232
59321;2293;1796;1814;2427;3231
59361;2293;1796;1814;2428;3234
59401;2293;1797;1814;2425;3233
59431;2293;1796;1814;2427;3233
59471;2293;1797;1814;2427;3234
59511;2293;1797;1814;2427;3233
59551;2293;1796;1814;2425;3229
59581;2293;1796;1814;2424;3223
59621;2293;1796;1814;2425;3223
59661;2293;1796;1814;2425;3223
59701;2293;1796;1814;2424;3224
59731;2293;1796;1814;2424;3223
59771;2293;1796;1814;2425;3226
59811;2293;1796;1814;2424;3224
59851;2293;1796;1814;2425;3221
59881;2293;1796;1814;2422;3222
59921;2293;1796;1814;2423;3221
59961;2293;1796;1814;2422;3221
60001;2293;1796;1814;2420;3220
60031;2293;1796;1814;2423;3224
60071;2293;1796;1814;2424;3228
60111;2293;1796;1814;2424;3228
60151;2293;1796;1814;2428;3233
60181;2293;1796;1814;2428;3235
60221;2293;1796;1814;2433;3237
60261;2292;1796;1814;2432;3230
60301;2292;1796;1814;2429;3224
60331;2292;1796;1814;2434;3230
60371;2292;1796;1814;2436;3235
60391;2292;1796;1814;2435;3235
60411;2292;1796;1814;2435;3236
60451;2292;1796;1814;2433;3227
60481;2292;1796;1814;2431;3219
60521;2292;1796;1814;2429;3196
60521;2292;1796;1814;2429;3196
60531;2292;1796;1814;2428;3180
60561;2292;1796;1814;2415;3149
60601;2292;1796;1814;2410;3135
60631;2292;1796;1814;2405;3114
60671;2293;1796;1814;2394;3068
60711;2293;1796;1814;2395;3068
60751;2293;1796;1814;2397;3083
60781;2293;1796;1814;2400;3088
60801;2292;1796;1813;2401;3091
60821;2293;1796;1813;2403;3098
60861;2293;1796;1813;2408;3112
60901;2293;1796;1813;2420;3136
60931;2293;1796;1813;2421;3138
60971;2293;1796;1813;2421;3139
61011;2293;1796;1814;2420;3138
61051;2293;1796;1814;2414;3136
61081;2293;1796;1814;2419;3144
61081;2293;1796;1814;2419;3144
61121;2293;1796;1814;2427;3174
61161;2293;1796;1814;2425;3184
61201;2293;1796;1814;2428;3190
61231;2293;1796;1814;2428;3185
61271;2293;1796;1814;2431;3179
61311;2293;1796;1814;2421;3155
61351;2293;1796;1814;2407;3115
61381;2293;1797;1814;2405;3109
61421;2293;1797;1814;2403;3104
61461;2293;1797;1814;2409;3113
61501;2293;1797;1814;2413;3117
61531;2293;1797;1814;2410;3111
61571;2292;1797;1814;2401;3073
61611;2292;1796;1814;2394;3056
61651;2292;1796;1814;2396;3050
61681;2292;1796;1814;2394;3039
61721;2292;1796;1814;2391;3023
61761;2292;1796;1814;2393;3030
61801;2292;1796;1814;2393;3041
61831;2292;1796;1814;2403;3060
61871;2292;1796;1813;2409;3081
61911;2292;1796;1813;2414;3091
61951;2292;1796;1813;2420;3114
61981;2292;1796;1814;2423;3121
62021;2292;1796;1814;2424;3135
62061;2292;1796;1814;2429;3143
62101;2292;1796;1814;2428;3141
62131;2292;1796;1814;2425;3135
62171;2292;1796;1814;2421;3129
62211;2292;1796;1814;2420;3115
62251;2292;1796;1814;2416;3110
62281;2292;1797;1814;2415;3110
62321;2292;1797;1815;2416;3111
62361;2293;1797;1815;2418;3118
62401;2293;1797;1815;2421;3128
62431;2292;1797;1815;2422;3130
62471;2292;1797;1814;2422;3130
62511;2292;1796;1814;2423;3131
62551;2292;1796;1814;2432;3143
62581;2293;1796;1814;2429;3144
62621;2293;1796;1814;2429;3141
62661;2293;1796;1814;2427;3137
62701;2293;1796;1814;2427;3133
62731;2292;1796;1814;2423;3128
62771;2292;1796;1814;2422;3123
62811;2292;1796;1814;2420;3120
62851;2292;1796;1814;2419;3121
62881;2292;1796;1814;2420;3124
62921;2292;1796;1814;2421;3125
62961;2292;1796;1814;2420;3127
63001;2292;1796;1814;2422;3130
63031;2292;1796;1814;2426;3132
63071;2292;1796;1814;2427;3130
63111;2292;1796;1814;2426;3129
63151;2292;1796;1814;2426;3129
63181;2293;1796;1814;2426;3132
63221;2293;1796;1814;2421;3130
63261;2292;1796;1814;2421;3128
63301;2292;1796;1814;2423;3132
63331;2292;1796;1814;2424;3136
63371;2292;1796;1814;2425;3137
63411;2292;1796;1814;2421;3133
63451;2292;1796;1814;2422;3138
63481;2292;1796;1814;2421;3140
63521;2292;1796;1814;2417;3130
63561;2292;1796;1814;2422;3145
63601;2292;1796;1814;2420;3144
63631;2292;1796;1814;2424;3146
63671;2292;1796;1814;2424;3160
63711;2292;1796;1814;2424;3161
63751;2292;1796;1813;2425;3159
63781;2292;1796;1814;2419;3151
63821;2292;1796;1814;2416;3144
63861;2292;1796;1814;2414;3139
63901;2292;1796;1814;2415;3142
63931;2292;1796;1814;2417;3143
63971;2292;1796;1814;2420;3147
64011;2292;1796;1814;2421;3149
64051;2292;1796;1814;2422;3159
64081;2292;1796;1814;2421;3159
64121;2292;1796;1814;2421;3162
64161;2292;1796;1814;2419;3163
64201;2292;1796;1814;2417;3160
64231;2292;1796;1814;2418;3162
64271;2292;1796;1814;2417;3163
64311;2292;1796;1814;2420;3162
64351;2292;1796;1814;2415;3161
64381;2292;1796;1814;2417;3162
64421;2292;1796;1814;2414;3161
64461;2292;1796;1814;2411;3163
64501;2292;1796;1814;2411;3161
64531;2292;1796;1814;2412;3163
64571;2292;1796;1814;2413;3163
64591;2292;1796;1814;2412;3168
64641;2292;1796;1814;2411;3168
64681;2292;1796;1814;2410;3163
64721;2292;1796;1814;2411;3164
64761;2292;1796;1814;2410;3164
64801;2292;1796;1814;2411;3168
64831;2292;1796;1813;2413;3167
64871;2292;1796;1813;2413;3168
64911;2292;1796;1813;2411;3166
64951;2292;1796;1813;2413;3164
64981;2292;1796;1814;2411;3163
65021;2292;1796;1814;2411;3165
65061;2292;1796;1814;2411;3160
65101;2292;1796;1814;2411;3163
65131;2292;1796;1814;2411;3161
65171;2292;1796;1814;2411;3160
65211;2292;1796;1814;2411;3163
65251;2292;1796;1814;2411;3164
65281;2292;1796;1814;2410;3162
65321;2292;1796;1814;2409;3167
65361;2292;1796;1814;2410;3171
65401;2292;1796;1814;2407;3169
65431;2292;1796;1814;2406;3171
65471;2292;1796;1814;2408;3173
65511;2292;1796;1814;2406;3174
15;2292;1796;1814;2408;3175
45;2292;1796;1814;2405;3177
85;2292;1796;1814;2405;3179
125;2292;1796;1814;2407;3179
165;2292;1796;1814;2406;3173
195;2292;1796;1814;2409;3175
235;2292;1796;1814;2408;3176
275;2292;1796;1814;2408;3178
315;2292;1796;1814;2411;3182
345;2293;1796;1809;2410;3182
385;2295;1796;1801;2409;3184
425;2292;1796;1792;2410;3190
465;2288;1796;1786;2411;3196
495;2284;1796;1782;2410;3201
535;2280;1796;1780;2410;3201
575;2277;1796;1779;2409;3206
615;2270;1796;1777;2410;3209
645;2264;1796;1777;2411;3206
685;2254;1796;1770;2412;3212
725;2249;1796;1764;2412;3212
765;2233;1796;1759;2412;3212
795;2227;1796;1755;2414;3211
835;2211;1796;1751;2412;3209
875;2204;1796;1748;2409;3203
915;2198;1795;1747;2412;3206
945;2196;1796;1747;2409;3203
985;2195;1796;1747;2414;3207
1025;2193;1796;1745;2413;3205
1065;2189;1796;1742;2411;3204
1095;2186;1796;1739;2416;3204
1135;2182;1796;1738;2415;3207
1175;2175;1796;1730;2415;3206
1215;2163;1796;1724;2414;3203
1245;2163;1796;1721;2412;3199
1285;2156;1796;1720;2413;3198
1325;2146;1796;1718;2413;3200
1365;2142;1796;1717;2412;3196
1395;2131;1796;1712;2413;3197
1435;2122;1796;1707;2416;3200
1475;2058;1796;1704;2414;3205
1515;2020;1796;1700;2415;3209
1545;2000;1796;1696;2412;3213
1585;1979;1796;1692;2411;3208
1625;1972;1796;1689;2412;3218
1665;1968;1796;1685;2409;3213
1695;1959;1796;1680;2413;3220
1735;1952;1796;1676;2402;3212
1775;1943;1796;1672;2399;3213
1815;1935;1796;1669;2396;3208
1845;1929;1796;1666;2398;3219
1885;1930;1796;1663;2390;3209
1925;1928;1796;1659;2392;3213
1965;1925;1796;1656;2387;3208
1995;1917;1796;1653;2390;3214
2035;1910;1796;1649;2389;3212
2075;1906;1796;1645;2393;3218
2115;1895;1796;1640;2394;3214
2145;1889;1796;1636;2394;3212
2185;1889;1796;1633;2395;3213
2225;1885;1796;1631;2393;3213
2265;1876;1796;1629;2391;3211
2295;1877;1796;1625;2389;3208
2335;1874;1796;1621;2389;3211
2375;1872;1796;1619;2393;3213
2415;1870;1796;1617;2391;3210
2445;1865;1796;1616;2388;3211
2485;1863;1796;1615;2386;3213
2525;1857;1796;1612;2387;3216
2565;1847;1796;1607;2389;3218
2595;1841;1796;1602;2390;3221
2635;1837;1796;1598;2388;3220
2675;1835;1796;1595;2386;3222
2715;1825;1796;1590;2384;3216
2745;1820;1796;1584;2382;3215
2785;1817;1796;1582;2380;3212
2825;1814;1796;1581;2377;3210
2865;1810;1796;1579;2378;3204
2895;1805;1796;1577;2380;3209
2935;1795;1795;1574;2382;3211
2975;1794;1794;1572;2381;3209
3015;1789;1790;1570;2381;3209
3045;1787;1789;1568;2378;3205
3085;1780;1787;1566;2378;3211
3125;1774;1781;1564;2378;3201
3165;1772;1772;1561;2377;3196
3195;1763;1765;1559;2375;3191
3235;1751;1765;1556;2375;3195
3275;1743;1763;1554;2374;3193
3315;1743;1756;1552;2373;3193
3345;1748;1753;1550;2370;3189
3385;1750;1753;1549;2371;3191
3425;1751;1753;1549;2373;3187
3465;1749;1751;1549;2372;3188
3495;1745;1749;1549;2373;3188
3535;1730;1744;1548;2371;3189
3575;1688;1735;1543;2371;3186
3615;1644;1721;1540;2371;3188
3645;1615;1722;1538;2371;3184
3685;1604;1723;1537;2372;3188
3725;1603;1722;1536;2371;3184
3765;1603;1713;1536;2374;3187
3795;1558;1705;1535;2375;3186
3835;1543;1686;1534;2375;3186
3875;1533;1673;1532;2373;3180
3915;1529;1670;1530;2375;3194
3945;1526;1668;1529;2373;3189
3985;1509;1677;1523;2372;3181
4025;1501;1681;1519;2370;3177
4065;1494;1684;1517;2370;3181
4095;1486;1684;1515;2373;3181
4135;1480;1678;1514;2372;3178
4175;1473;1675;1510;2375;3180
4215;1470;1674;1508;2378;3182
4245;1469;1673;1508;2376;3177
4285;1459;1661;1507;2374;3163
4325;1455;1653;1506;2374;3164
4365;1446;1647;1500;2371;3161
4395;1442;1641;1496;2372;3163
4435;1440;1639;1495;2371;3181
4475;1439;1638;1494;2372;3185
4515;1439;1637;1494;2371;3173
4545;1438;1636;1494;2367;3168
4585;1437;1636;1494;2369;3176
4625;1436;1635;1494;2367;3176
4665;1436;1634;1494;2370;3174
4695;1436;1633;1494;2373;3179
4735;1436;1633;1493;2370;3169
4775;1436;1633;1493;2367;3167
4815;1435;1632;1493;2370;3160
4845;1435;1630;1494;2366;3163
4885;1434;1632;1494;2367;3168
4925;1434;1633;1494;2367;3173
4965;1434;1633;1494;2366;3165
4995;1434;1633;1494;2369;3161
5035;1434;1633;1494;2364;3159
5075;1434;1633;1493;2365;3157
5115;1434;1633;1493;2365;3155
5145;1434;1633;1493;2363;3155
5185;1434;1633;1491;2362;3159
5225;1434;1633;1487;2360;3153
5265;1434;1634;1486;2355;3148
5295;1434;1634;1485;2353;3142
5335;1434;1634;1485;2347;3136
5375;1434;1634;1485;2344;3141
5415;1433;1634;1485;2347;3141
5445;1433;1634;1484;2347;3144
5485;1433;1634;1484;2346;3147
5525;1433;1634;1484;2351;3149
5565;1433;1634;1483;2351;3150
5595;1432;1634;1483;2355;3157
5635;1429;1633;1481;2358;3154
5675;1426;1633;1478;2356;3156
5715;1425;1633;1476;2358;3161
5745;1425;1633;1476;2355;3161
5785;1424;1634;1475;2356;3164
5825;1422;1634;1473;2355;3160
5865;1421;1634;1471;2357;3163
5895;1421;1634;1470;2356;3172
5935;1421;1634;1469;2356;3173
5975;1421;1634;1469;2356;3167
6015;1421;1634;1469;2359;3172
6045;1421;1634;1469;2358;3166
6085;1421;1634;1469;2357;3179
6125;1421;1634;1469;2357;3176
6165;1421;1634;1468;2360;3180
6195;1421;1634;1466;2363;3186
6235;1418;1634;1464;2363;3183
6275;1417;1634;1463;2361;3189
6315;1416;1634;1462;2361;3185
6345;1416;1634;1462;2359;3187
6385;1415;1634;1462;2356;3172
6425;1415;1634;1462;2358;3186
6465;1413;1634;1462;2359;3186
6495;1414;1634;1461;2360;3180
6535;1415;1634;1459;2358;3183
6575;1415;1634;1458;2359;3186
6615;1415;1634;1458;2358;3187
6645;1415;1634;1458;2359;3186
6685;1415;1634;1458;2358;3186
6725;1414;1634;1458;2359;3187
6765;1411;1634;1457;2359;3187
6795;1410;1634;1456;2359;3190
6835;1410;1634;1456;2361;3194
6875;1410;1634;1455;2360;3196
6915;1410;1634;1455;2361;3196
6945;1410;1634;1455;2360;3197
6985;1410;1634;1455;2360;3199
7025;1410;1635;1455;2359;3196
7065;1410;1635;1455;2360;3193
7095;1410;1634;1454;2360;3196
7135;1410;1634;1454;2360;3195
7175;1409;1634;1454;2359;3194
7215;1409;1634;1453;2360;3192
7245;1409;1634;1453;2359;3193
7285;1408;1634;1453;2357;3187
7325;1408;1634;1452;2362;3196
7365;1408;1634;1452;2361;3191
7395;1406;1634;1451;2362;3198
7435;1405;1634;1451;2364;3198
7475;1404;1634;1451;2364;3194
7515;1403;1634;1451;2363;3195
7545;1404;1634;1451;2361;3194
7585;1404;1634;1451;2362;3198
7625;1404;1634;1451;2356;3189
7665;1405;1634;1451;2356;3190
7695;1405;1634;1450;2358;3190
7735;1405;1634;1450;2362;3196
7775;1405;1635;1450;2361;3200
7815;1405;1635;1450;2361;3203
7845;1405;1635;1450;2360;3206
7885;1404;1636;1450;2360;3210
7925;1404;1636;1450;2360;3222
7965;1404;1636;1450;2361;3231
7995;1404;1636;1450;2364;3245
8035;1404;1636;1450;2367;3248
8075;1404;1636;1450;2370;3257
8115;1403;1636;1450;2371;3251
8145;1406;1636;1451;2374;3254
8185;1410;1636;1451;2379;3262
8225;1415;1636;1451;2377;3262
8265;1422;1636;1451;2378;3268
8295;1430;1637;1451;2378;3270
8335;1440;1638;1451;2384;3267
8375;1446;1639;1451;2387;3264
8415;1445;1641;1451;2392;3270
8445;1455;1642;1452;2387;3265
8485;1464;1643;1452;2387;3266
8525;1467;1645;1452;2382;3267
8565;1470;1645;1452;2384;3273
8595;1472;1645;1451;2388;3273
8635;1479;1647;1453;2392;3275
8675;1483;1648;1458;2396;3279
8715;1501;1652;1463;2394;3278
8745;1512;1654;1468;2388;3274
8785;1518;1656;1473;2396;3275
8825;1557;1657;1479;2394;3279
8865;1578;1658;1487;2398;3282
8895;1626;1658;1492;2397;3281
8935;1679;1660;1500;2397;3284
8975;1711;1661;1508;2401;3286
9015;1732;1663;1513;2396;3285
9045;1745;1663;1517;2400;3286
9085;1756;1668;1523;2400;3288
9125;1774;1671;1529;2396;3287
9165;1791;1673;1534;2398;3290
9195;1800;1675;1538;2397;3287
9235;1808;1675;1542;2394;3292
9275;1821;1675;1548;2391;3291
9315;1833;1674;1555;2392;3290
9345;1843;1678;1563;2392;3286
9385;1859;1681;1570;2389;3286
9425;1871;1679;1574;2395;3281
9465;1883;1678;1581;2392;3281
9495;1896;1676;1587;2394;3284
9535;1907;1675;1595;2393;3278
9575;1910;1673;1603;2393;3286
9615;1937;1674;1609;2392;3286
9645;1949;1668;1614;2386;3268
9685;1964;1671;1620;2379;3260
9725;1975;1672;1624;2375;3254
9765;1988;1672;1627;2373;3248
9795;1995;1670;1630;2373;3245
9835;2002;1671;1634;2368;3235
9875;2005;1655;1639;2370;3241
9915;2078;1643;1645;2363;3229
9945;2113;1636;1649;2361;3233
9985;2140;1631;1652;2361;3234
10025;2157;1557;1654;2358;3225
10065;2174;1607;1656;2354;3234
10095;2184;1655;1659;2352;3231
10135;2200;1683;1667;2350;3221
10175;2219;1699;1672;2350;3221
10215;2231;1711;1678;2354;3228
10245;2241;1717;1682;2356;3225
10285;2245;1721;1684;2354;3229
10325;2248;1722;1686;2355;3230
10365;2256;1723;1687;2350;3215
10395;2269;1729;1688;2356;3230
10435;2279;1733;1689;2358;3229
10475;2297;1742;1693;2360;3228
10515;2313;1748;1699;2351;3209
10545;2330;1759;1709;2335;3159
10585;2347;1774;1715;2319;3128
10625;2372;1787;1719;2278;3096
10665;2398;1806;1721;2226;3040
10695;2421;1827;1726;2213;3004
10735;2446;1849;1732;2183;2967
10775;2468;1850;1737;2178;2950
10815;2490;1876;1740;2145;2917
10845;2507;1890;1742;2139;2934
10885;2523;1905;1742;2136;2953
10925;2537;1920;1743;2102;2963
10965;2558;1941;1743;2084;2967
10995;2571;1957;1743;2035;3039
11035;2584;1978;1743;2032;3137
11075;2599;1991;1743;2054;3225
11115;2609;2001;1743;2065;3265
11145;2614;2008;1743;2161;3326
11185;2617;2013;1743;2171;3324
11225;2618;2015;1743;2181;3341
11265;2618;2016;1743;2182;3361
11295;2618;2019;1743;2174;3394
11335;2617;2020;1743;2159;3484
11375;2617;2017;1746;2150;3566
11415;2622;2021;1751;2132;3660
11445;2628;2022;1755;2137;3660
11485;2630;2023;1757;2144;3641
11525;2631;2024;1758;2143;3673
11565;2634;2023;1759;2138;3652
11595;2635;2024;1759;2136;3638
11635;2635;2024;1759;2139;3643
11675;2635;2023;1759;2143;3618
11715;2635;2023;1759;2152;3553
11745;2636;2024;1760;2152;3546
11785;2636;2024;1760;2149;3556
11825;2635;2024;1760;2145;3544
11865;2635;2025;1760;2145;3522
11895;2635;2024;1760;2153;3502
11935;2634;2024;1760;2155;3483
11975;2634;2024;1760;2148;3495
12015;2634;2024;1761;2150;3472
12045;2634;2024;1762;2149;3456
12085;2634;2024;1763;2156;3446
12125;2634;2024;1764;2157;3436
12165;2634;2024;1764;2160;3415
12195;2634;2024;1764;2160;3425
12235;2634;2024;1765;2161;3426
12275;2633;2024;1765;2161;3417
12315;2633;2024;1764;2161;3390
12345;2633;2024;1764;2160;3406
12385;2633;2024;1765;2160;3412
12425;2634;2024;1765;2159;3385
12465;2634;2024;1764;2163;3367
12495;2634;2024;1764;2163;3360
12535;2634;2024;1764;2165;3333
12575;2634;2024;1764;2169;3279
12615;2634;2024;1768;2172;3236
12645;2634;2025;1772;2173;3210
12685;2638;2026;1775;2179;3203
12725;2637;2026;1777;2176;3161
12765;2636;2026;1779;2175;3098
12795;2634;2026;1779;2174;3033
12835;2634;2026;1779;2178;2974
12875;2632;2026;1779;2183;2929
12915;2633;2025;1779;2168;2915
12945;2619;2026;1779;2185;2956
12985;2593;2023;1779;2208;2975
13025;2568;2018;1779;2242;3001
13065;2534;2014;1779;2284;3051
13095;2500;2013;1778;2305;3086
13135;2466;2013;1762;2311;3108
13175;2427;2015;1740;2316;3092
13215;2395;2016;1722;2323;3091
13245;2367;2017;1706;2330;3092
13285;2340;2015;1691;2329;3078
13325;2318;2015;1674;2328;3079
13365;2293;2015;1659;2326;3075
13395;2271;2015;1644;2333;3078
13435;2253;2016;1631;2332;3071
13475;2233;2016;1621;2334;3065
13515;2213;2016;1611;2335;3055
13545;2198;2017;1600;2333;3053
13585;2185;2017;1590;2336;3051
13625;2167;2013;1574;2339;3047
13665;2083;2017;1559;2339;3045
13695;2029;2015;1545;2341;3047
13735;1995;2015;1533;2339;3044
13775;1976;2012;1522;2339;3051
13815;1946;2009;1514;2339;3055
13845;1933;2004;1508;2338;3049
13885;1923;2001;1503;2335;3045
13925;1914;1988;1499;2329;3043
13965;1894;1974;1497;2330;3041
13995;1883;1962;1496;2334;3040
14035;1867;1960;1495;2335;3042
14075;1855;1949;1495;2334;3039
14115;1843;1940;1494;2335;3037
14145;1829;1934;1493;2338;3037
14185;1821;1927;1489;2342;3043
14225;1804;1915;1485;2342;3043
14265;1792;1912;1480;2339;3033
14295;1787;1909;1477;2344;3039
14335;1784;1909;1475;2344;3045
14375;1777;1903;1475;2341;3038
14415;1773;1888;1474;2337;3033
14445;1756;1881;1474;2330;3027
14485;1753;1879;1474;2331;3031
14525;1752;1878;1473;2334;3032
14565;1745;1877;1472;2333;3032
14595;1745;1876;1468;2331;3024
14635;1734;1865;1463;2331;3031
14675;1709;1858;1459;2330;3024
14715;1688;1854;1455;2327;3025
14745;1661;1851;1453;2325;3013
14785;1638;1850;1452;2326;3019
14825;1628;1851;1450;2324;3027
14865;1623;1838;1449;2328;3022
14895;1615;1832;1448;2328;3026
14935;1614;1829;1448;2335;3033
14975;1610;1827;1447;2334;3034
14985;1597;1827;1446;2333;3033
15025;1565;1827;1445;2332;3035
15055;1550;1827;1442;2335;3039
15085;1540;1827;1441;2333;3036
15125;1534;1828;1441;2331;3035
15165;1523;1827;1439;2330;3030
15205;1523;1817;1435;2328;3027
15245;1523;1816;1433;2328;3029
15285;1523;1816;1432;2329;3030
15325;1523;1816;1431;2325;3026
15355;1518;1812;1430;2329;3024
15385;1516;1810;1430;2327;3025
15425;1514;1809;1430;2326;3025
15465;1513;1808;1430;2326;3024
15505;1513;1808;1430;2328;3024
15535;1513;1808;1430;2330;3027
15575;1513;1808;1430;2330;3025
15615;1510;1808;1430;2330;3026
15655;1504;1808;1428;2330;3028
15695;1499;1808;1427;2331;3030
15735;1497;1807;1427;2330;3026
15775;1499;1807;1427;2332;3028
15805;1499;1807;1427;2330;3027
15845;1499;1807;1427;2330;3028
15885;1499;1807;1426;2329;3028
15925;1501;1807;1426;2329;3027
15955;1499;1807;1425;2329;3028
15995;1499;1807;1424;2327;3025
16035;1502;1808;1424;2326;3027
16075;1503;1808;1423;2327;3028
16105;1503;1808;1423;2327;3027
16145;1504;1808;1423;2327;3026
16185;1506;1808;1423;2327;3025
16225;1507;1808;1423;2325;3024
16265;1508;1807;1423;2326;3019
16305;1509;1808;1423;2327;3023
16345;1502;1805;1424;2326;3022
16385;1498;1805;1424;2325;3016
16465;1496;1805;1424;2329;3019
16505;1492;1805;1424;2329;3022
16545;1491;1805;1424;2328;3025
16585;1491;1805;1424;2328;3030
16625;1492;1805;1424;2331;3038
16665;1487;1806;1424;2343;3054
16695;1486;1806;1424;2349;3065
16735;1488;1807;1424;2349;3075
16775;1491;1807;1424;2350;3079
16815;1502;1807;1424;2344;3079
16845;1509;1807;1424;2341;3070
16885;1517;1807;1424;2344;3076
16925;1539;1807;1424;2348;3082
16965;1558;1807;1424;2353;3085
16995;1582;1807;1424;2352;3090
17035;1591;1808;1424;2354;3096
17075;1637;1808;1424;2358;3102
17115;1682;1808;1427;2358;3106
17145;1713;1807;1436;2357;3106
17185;1726;1807;1442;2358;3116
17225;1736;1807;1447;2361;3113
17265;1748;1807;1453;2361;3117
17295;1760;1807;1459;2362;3124
17335;1765;1807;1464;2362;3123
17375;1775;1806;1468;2364;3125
17415;1781;1805;1475;2365;3123
17445;1793;1805;1482;2366;3123
17485;1805;1804;1490;2366;3125
17525;1819;1803;1497;2368;3127
17565;1830;1802;1503;2369;3129
17595;1841;1801;1509;2372;3134
17635;1852;1802;1513;2371;3135
17675;1853;1804;1516;2371;3134
17715;1868;1809;1521;2371;3133
17755;1886;1810;1528;2372;3137
17795;1905;1808;1540;2372;3139
17835;1923;1806;1548;2374;3141
17875;1942;1810;1556;2375;3141
17905;1952;1812;1564;2374;3143
17945;1974;1814;1571;2375;3149
17985;2003;1817;1590;2377;3153
18025;2122;1835;1619;2373;3146
18055;2209;1840;1647;2374;3142
18095;2273;1845;1668;2367;3150
18135;2312;1847;1683;2341;3124
18175;2332;1851;1691;2344;3124
18205;2345;1853;1696;2342;3125
18245;2362;1853;1700;2334;3114
18285;2376;1863;1704;2321;3071
18325;2404;1868;1713;2297;3019
18355;2431;1883;1718;2275;2985
18395;2449;1896;1722;2261;2991
18435;2462;1902;1724;2265;3006
18475;2467;1905;1726;2270;3012
18505;2470;1907;1727;2270;3005
18545;2474;1908;1728;2271;3030
18585;2479;1908;1729;2264;2997
18625;2492;1914;1731;2250;2986
18665;2499;1917;1733;2242;2970
18705;2506;1920;1735;2243;2968
18745;2510;1921;1737;2242;2969
18785;2514;1922;1738;2236;2978
18825;2528;1929;1739;2197;2893
18865;2538;1934;1740;2187;2932
18905;2546;1939;1740;2184;2969
18945;2555;1949;1741;2186;2991
18985;2567;1955;1741;2176;3009
19025;2585;1965;1742;2155;3039
19065;2594;1977;1744;2143;3038
19095;2609;1988;1749;2125;3074
19135;2614;1999;1752;2127;3233
19175;2621;2007;1754;2134;3371
19215;2626;2011;1755;2135;3420
19245;2629;2014;1756;2126;3468
19285;2631;2017;1757;2127;3514
19325;2633;2021;1757;2123;3534
19365;2635;2021;1757;2119;3601
19395;2637;2020;1757;2117;3626
19435;2637;2020;1757;2130;3626
19475;2637;2019;1758;2123;3672
19515;2641;2021;1758;2116;3722
19545;2642;2022;1758;2108;3716
19585;2643;2022;1759;2106;3709
19625;2643;2023;1759;2107;3714
19665;2644;2020;1759;2101;3722
19695;2646;2020;1760;2100;3757
19735;2646;2023;1760;2111;3777
19775;2645;2024;1760;2121;3743
19815;2645;2026;1760;2119;3720
19845;2644;2026;1761;2120;3712
19885;2644;2026;1761;2118;3707
19925;2645;2090;1761;2118;3704
19965;2645;2123;1761;2118;3701
19995;2644;2139;1761;2117;3696
20035;2644;2147;1761;2117;3699
20075;2644;2151;1761;2117;3698
20115;2644;2154;1761;2119;3684
20145;2644;2156;1761;2121;3667
20185;2645;2157;1761;2118;3673
20225;2645;2157;1762;2119;3676
20265;2645;2157;1762;2113;3685
20295;2645;2158;1762;2115;3697
20335;2645;2158;1762;2113;3714
20375;2646;2160;1762;2106;3726
20415;2646;2163;1762;2117;3718
20445;2647;2165;1762;2117;3714
20485;2647;2166;1762;2114;3736
20525;2648;2167;1762;2115;3755
20565;2649;2166;1762;2119;3736
20595;2649;2165;1762;2120;3725
20635;2649;2165;1762;2122;3716
20675;2649;2164;1763;2122;3703
20715;2649;2164;1765;2131;3678
20745;2649;2164;1766;2132;3652
20785;2649;2164;1766;2135;3538
20825;2648;2163;1766;2136;3311
20865;2648;2162;1766;2115;3021
20895;2648;2162;1767;2127;2973
20935;2653;2162;1767;2132;2867
20975;2656;2161;1767;2135;2829
21015;2654;2161;1767;2161;2866
21045;2641;2161;1767;2183;2921
21085;2621;2161;1767;2212;2969
21125;2599;2161;1767;2239;2987
21165;2571;2160;1767;2252;2997
21195;2538;2160;1767;2262;2996
21235;2504;2161;1762;2268;3005
21275;2473;2160;1754;2282;3024
21315;2456;2160;1740;2285;3023
21345;2427;2162;1731;2288;3019
21385;2406;2163;1718;2289;3013
21425;2374;2163;1703;2291;3000
21465;2350;2165;1689;2292;2996
21495;2326;2166;1672;2293;2989
21535;2298;2165;1656;2294;2980
21575;2275;2164;1639;2294;2977
21615;2246;2167;1625;2293;2974
21645;2223;2161;1612;2293;2970
21685;2202;2155;1599;2290;2966
21725;2176;2147;1587;2292;2970
21765;2158;2138;1575;2291;2968
21795;2141;2133;1566;2289;2965
21835;2064;2126;1557;2292;2969
21875;2013;2125;1547;2293;2969
21915;1984;2062;1538;2287;2968
21945;1957;2020;1529;2290;2969
21985;1935;1992;1522;2291;2970
22025;1921;1977;1518;2292;2971
22065;1907;1965;1513;2289;2968
22095;1894;1963;1510;2290;2970
22135;1884;1955;1503;2291;2973
22175;1875;1948;1499;2288;2968
22215;1859;1941;1492;2295;2967
22245;1837;1933;1487;2296;2967
22285;1826;1927;1481;2297;2965
22325;1806;1916;1474;2297;2963
22365;1790;1891;1466;2300;2961
22395;1763;1883;1457;2297;2957
22435;1753;1881;1448;2309;2993
22475;1748;1880;1443;2309;2998
22515;1736;1879;1437;2310;3000
22545;1697;1873;1431;2311;2998
22585;1651;1863;1427;2313;3000
22625;1628;1859;1426;2312;3005
22665;1609;1858;1425;2312;3011
22695;1601;1855;1424;2314;3009
22735;1590;1854;1424;2316;3009
22775;1557;1836;1424;2314;3007
22815;1543;1821;1424;2312;3006
22845;1536;1815;1424;2313;3010
22885;1523;1812;1424;2310;3007
22925;1502;1804;1422;2312;3002
22965;1496;1801;1421;2313;3007
22995;1491;1799;1420;2314;3008
23035;1491;1798;1420;2315;3005
23075;1491;1797;1419;2316;3004
23115;1490;1796;1419;2315;3002
23145;1484;1794;1419;2315;3000
23185;1481;1793;1418;2312;3004
23225;1478;1792;1417;2312;3003
23265;1475;1792;1416;2313;3005
23295;1475;1792;1416;2310;2996
23335;1476;1792;1416;2309;2995
23375;1476;1792;1416;2311;2998
23415;1477;1792;1416;2314;3009
23445;1477;1792;1416;2314;3005
23485;1477;1792;1416;2316;3007
23525;1476;1792;1416;2316;3009
23565;1475;1792;1416;2316;3002
23595;1475;1792;1415;2314;2999
23635;1476;1792;1415;2315;3006
23675;1476;1792;1415;2315;3002
23715;1476;1792;1415;2315;3009
23745;1476;1792;1415;2314;3000
23785;1476;1792;1415;2316;3008
23825;1476;1792;1415;2319;3012
23865;1476;1792;1415;2319;2998
23895;1476;1792;1415;2319;3011
23935;1476;1792;1414;2319;3013
23975;1476;1792;1414;2319;3013
24015;1476;1792;1414;2317;3014
24045;1476;1792;1414;2317;3011
24085;1476;1792;1414;2318;3016
24125;1476;1791;1414;2321;3021
24165;1476;1791;1414;2322;3017
24195;1476;1791;1414;2324;3016
24235;1476;1791;1414;2324;3019
24275;1476;1791;1414;2326;3021
24315;1476;1791;1414;2326;3022
24345;1476;1792;1414;2327;3023
24385;1475;1792;1414;2326;3020
24425;1476;1792;1414;2322;3021
24465;1476;1792;1414;2321;3018
24495;1477;1792;1414;2320;3009
24535;1478;1792;1414;2319;3008
24575;1478;1792;1414;2322;3012
24615;1478;1792;1414;2324;3020
24645;1477;1791;1414;2322;3010
24685;1477;1791;1414;2324;3015
24725;1476;1791;1413;2323;3007
24765;1475;1791;1413;2322;3006
24795;1476;1791;1413;2323;3006
24835;1478;1791;1413;2322;2999
24865;1478;1791;1413;2324;3001
24875;1478;1791;1413;2322;3002
24915;1478;1791;1413;2324;3008
24945;1478;1791;1413;2324;3006
24985;1479;1791;1413;2323;3004
25025;1477;1791;1413;2321;2998
25065;1476;1791;1412;2323;2996
25095;1467;1791;1411;2322;3000
25135;1465;1791;1410;2322;2999
25175;1465;1791;1410;2320;2997
25215;1466;1791;1410;2319;2997
25245;1468;1791;1409;2324;2999
25285;1468;1791;1409;2324;3001
25325;1469;1791;1409;2325;3010
25365;1468;1791;1409;2327;3012
25395;1468;1791;1409;2327;3014
25435;1465;1791;1409;2330;3011
25475;1469;1791;1409;2326;3010
25515;1471;1792;1408;2327;3009
25555;1472;1792;1409;2324;3005
25595;1472;1791;1409;2325;3009
25635;1472;1792;1409;2327;3013
25665;1473;1792;1408;2326;3016
25675;1473;1792;1408;2326;3013
25705;1472;1791;1408;2326;3006
25745;1468;1791;1408;2327;3008
25785;1469;1791;1408;2326;3000
25825;1469;1791;1408;2325;3003
25895;1469;1791;1408;2325;3008
25935;1469;1791;1408;2326;3012
25975;1469;1791;1408;2325;3011
26005;1469;1791;1408;2326;3010
26045;1469;1791;1408;2325;3010
26235;1469;1791;1408;2336;3018
26275;1469;1791;1408;2334;3022
26305;1469;1791;1408;2334;3024
26335;1469;1791;1408;2330;3018
26375;1469;1791;1408;2329;3017
26415;1469;1791;1408;2330;3020
26455;1469;1791;1408;2330;3016
26495;1470;1791;1408;2329;3014
26535;1470;1791;1408;2331;3016
26575;1470;1791;1408;2330;3017
26605;1470;1791;1408;2331;3019
26645;1469;1791;1408;2335;3034
26685;1470;1791;1408;2337;3034
26725;1470;1791;1408;2335;3035
26755;1471;1791;1408;2336;3033
26795;1471;1792;1408;2336;3034
26835;1471;1792;1408;2337;3035
26875;1471;1791;1408;2341;3041
26905;1470;1791;1408;2341;3042
26945;1470;1791;1408;2342;3044
26985;1470;1791;1408;2344;3051
27015;1470;1791;1408;2346;3052
27025;1470;1791;1408;2348;3051
27055;1471;1791;1408;2348;3052
27095;1471;1791;1408;2353;3061
27135;1471;1792;1407;2355;3063
27175;1470;1792;1407;2354;3056
27205;1470;1792;1407;2352;3056
27245;1470;1792;1406;2356;3058
27285;1470;1792;1406;2354;3053
27325;1470;1792;1406;2353;3059
27355;1471;1791;1406;2353;3062
27385;1471;1791;1406;2355;3069
27425;1471;1791;1406;2358;3073
27465;1471;1792;1406;2359;3073
27505;1472;1792;1406;2360;3080
27545;1472;1793;1406;2359;3084
27585;1471;1794;1406;2361;3080
27625;1471;1795;1406;2369;3092
27655;1472;1795;1406;2370;3096
27695;1470;1796;1406;2372;3094
27735;1471;1797;1406;2373;3099
27775;1471;1795;1407;2372;3099
27805;1472;1793;1407;2376;3106
27845;1469;1793;1407;2375;3107
27885;1478;1791;1407;2378;3113
27925;1479;1803;1407;2382;3114
27955;1484;1809;1407;2383;3111
27995;1490;1812;1408;2382;3111
28035;1486;1814;1407;2386;3128
28075;1495;1815;1407;2389;3149
28105;1500;1815;1407;2391;3149
28145;1506;1815;1407;2395;3159
28185;1516;1814;1407;2403;3166
28225;1524;1810;1407;2400;3157
28255;1552;1814;1407;2392;3135
28295;1592;1833;1407;2394;3149
28335;1665;1843;1407;2403;3166
28375;1704;1848;1410;2404;3185
28405;1717;1850;1412;2410;3194
28445;1738;1852;1415;2423;3218
28485;1730;1853;1419;2431;3247
28525;1734;1853;1421;2432;3250
28555;1752;1853;1422;2434;3250
28595;1755;1853;1428;2434;3237
28635;1769;1853;1440;2430;3224
28675;1793;1849;1451;2433;3234
28705;1812;1852;1461;2434;3239
28745;1834;1852;1473;2436;3254
28785;1856;1853;1484;2436;3249
28825;1878;1854;1497;2434;3242
28855;1902;1852;1510;2429;3239
28895;1929;1852;1522;2430;3237
28935;1950;1853;1533;2422;3223
28975;1975;1854;1545;2421;3222
29005;2031;1853;1559;2420;3221
29045;2125;1862;1582;2417;3208
29085;2206;1869;1604;2407;3193
29125;2296;1869;1642;2352;3119
29155;2358;1859;1673;2293;3042
29195;2397;1855;1690;2281;3018
29235;2434;1877;1706;2226;2900
29275;2479;1902;1715;2168;2841
29305;2517;1930;1721;2138;2818
29345;2546;1951;1725;2133;2849
29385;2574;1963;1730;2128;2880
29425;2594;1981;1735;2101;2919
29455;2615;2002;1738;2072;3098
29495;2629;2009;1743;2075;3395
29535;2640;1972;1748;2075;3488
29605;2649;1989;1750;2086;3505
29645;2659;1996;1751;2084;3547
29685;2666;2082;1752;2086;3576
29725;2669;2125;1752;2086;3562
29755;2672;2147;1753;2088;3587
29795;2673;2158;1753;2091;3571
29835;2672;2167;1753;2083;3577
29875;2672;2174;1753;2151;3617
29905;2674;2181;1753;2176;3640
29945;2674;2189;1753;2177;3641
29985;2674;2192;1753;2171;3634
30025;2674;2192;1753;2173;3618
30055;2675;2192;1753;2174;3604
30095;2675;2193;1754;2173;3612
30135;2675;2193;1753;2170;3615
30175;2677;2193;1754;2168;3624
30205;2677;2193;1753;2163;3643
30235;2678;2194;1753;2168;3655
30275;2678;2194;1753;2168;3635
30305;2678;2193;1753;2170;3621
30345;2677;2192;1753;2167;3641
30385;2676;2190;1753;2172;3616
30435;2677;2190;1753;2172;3599
30475;2677;2189;1753;2175;3590
30505;2677;2189;1753;2178;3591
30545;2677;2189;1753;2179;3600
30585;2676;2189;1754;2181;3596
30625;2677;2188;1754;2186;3598
30655;2676;2188;1754;2183;3590
30695;2676;2188;1754;2184;3588
30735;2677;2188;1754;2186;3578
30775;2677;2188;1754;2189;3575
30805;2678;2188;1754;2187;3577
30835;2679;2188;1754;2186;3577
30875;2682;2188;1754;2184;3577
30915;2681;2188;1754;2184;3574
30955;2680;2188;1754;2182;3560
30995;2679;2188;1754;2185;3544
31035;2679;2188;1754;2185;3535
31075;2678;2188;1754;2186;3537
31105;2677;2188;1754;2185;3544
31145;2676;2188;1754;2186;3539
31185;2676;2188;1754;2192;3531
31225;2676;2188;1754;2196;3518
31255;2677;2188;1754;2197;3502
31295;2677;2188;1754;2195;3519
31335;2678;2188;1754;2195;3526
31375;2678;2188;1754;2194;3509
31405;2678;2188;1754;2196;3497
31445;2677;2188;1754;2193;3489
31485;2677;2188;1754;2193;3490
31525;2677;2188;1754;2194;3496
31555;2678;2188;1754;2190;3494
31595;2678;2188;1754;2188;3492
31635;2678;2188;1754;2186;3486
31675;2678;2188;1754;2185;3483
31705;2678;2188;1754;2189;3482
31745;2677;2188;1754;2196;3462
31785;2677;2188;1754;2197;3440
31825;2677;2188;1754;2197;3449
31855;2677;2188;1754;2198;3454
31895;2677;2188;1754;2199;3421
31935;2677;2188;1754;2197;3391
31975;2677;2188;1754;2197;3386
32005;2677;2187;1754;2190;3401
32035;2677;2188;1754;2188;3393
32075;2677;2187;1754;2189;3339
32115;2677;2187;1754;2178;3248
32155;2678;2187;1754;2168;2986
32195;2678;2186;1753;2176;2845
32235;2672;2186;1752;2209;2891
32275;2628;2189;1752;2266;3022
32305;2590;2187;1752;2312;3042
32345;2545;2186;1752;2353;3103
32385;2504;2185;1749;2355;3105
32425;2477;2185;1743;2356;3104
32455;2456;2185;1733;2356;3104
32495;2431;2185;1722;2360;3093
32535;2408;2185;1709;2359;3092
32575;2389;2185;1694;2363;3085
32605;2360;2184;1680;2366;3083
32645;2335;2184;1666;2362;3080
32685;2313;2184;1648;2362;3083
32725;2291;2184;1631;2360;3078
32755;2265;2184;1620;2362;3079
32795;2240;2184;1603;2362;3072
32835;2217;2184;1587;2361;3063
32875;2192;2185;1572;2362;3063
32905;2171;2184;1559;2401;3131
32945;2152;2179;1544;2404;3128
32985;2075;2455;1531;2401;3125
33025;2024;2312;1520;2399;3126
33055;1997;2230;1512;2398;3122
33085;1974;2186;1502;2399;3123
33125;1948;2165;1491;2401;3131
33165;1930;2145;1484;2399;3130
33205;1910;2132;1473;2400;3133
33235;1899;2069;1467;2399;3139
33275;1889;2036;1459;2400;3145
33315;1876;2013;1452;2403;3135
33355;1858;1995;1443;2406;3139
33395;1843;1985;1432;2403;3136
33435;1830;1980;1427;2404;3125
33475;1822;1966;1424;2402;3125
33505;1818;1962;1422;2405;3127
33545;1808;1960;1420;2406;3122
33585;1798;1959;1417;2407;3123
33625;1792;1958;1415;2407;3120
33665;1783;1945;1410;2404;3117
33735;1778;1939;1408;2407;3119
33775;1767;1932;1407;2402;3119
33805;1753;1917;1407;2400;3107
33845;1748;1908;1407;2396;3106
33885;1739;1901;1407;2395;3101
33925;1735;1896;1404;2393;3097
33955;1733;1892;1402;2395;3101
33995;1726;1880;1400;2395;3106
34035;1693;1869;1398;2395;3105
34075;1682;1867;1396;2396;3106
34105;1670;1865;1395;2398;3107
34145;1654;1865;1395;2395;3099
34185;1621;1869;1395;2393;3092
34225;1608;1872;1395;2395;3095
34255;1609;1874;1395;2396;3095
34295;1608;1875;1395;2398;3098
34335;1603;1876;1394;2396;3094
34375;1610;1876;1394;2396;3093
34405;1602;1876;1392;2399;3094
34445;1561;1868;1390;2400;3096
34485;1542;1864;1389;2403;3099
34525;1527;1862;1389;2401;3099
34555;1513;1861;1388;2401;3100
34595;1519;1854;1388;2406;3095
34635;1519;1849;1388;2404;3101
34675;1517;1846;1388;2406;3104
34705;1516;1845;1388;2410;3108
34745;1515;1845;1388;2408;3109
34785;1513;1844;1388;2405;3106
34825;1506;1835;1388;2406;3107
34855;1503;1831;1388;2406;3107
34885;1502;1829;1388;2407;3112
34925;1502;1829;1388;2410;3110
34965;1502;1828;1388;2414;3115
35005;1502;1828;1388;2413;3112
35045;1502;1828;1388;2411;3112
35085;1502;1828;1388;2411;3114
35125;1502;1828;1388;2407;3113
35155;1502;1828;1388;2407;3112
35195;1502;1828;1389;2408;3109
35235;1501;1828;1389;2408;3110
35275;1501;1828;1389;2405;3110
35305;1499;1828;1389;2403;3108
35345;1499;1828;1389;2406;3107
35385;1499;1828;1389;2405;3104
35425;1499;1828;1389;2407;3107
35455;1499;1828;1389;2407;3107
35495;1498;1828;1389;2407;3109
35535;1498;1828;1389;2409;3106
35575;1497;1828;1389;2411;3111
35605;1497;1827;1389;2411;3116
35645;1497;1827;1389;2411;3115
35685;1497;1827;1389;2412;3114
35725;1497;1827;1389;2406;3106
35755;1497;1828;1389;2405;3102
35795;1497;1828;1389;2408;3102
35835;1499;1828;1389;2406;3100
35875;1498;1828;1389;2406;3101
35905;1498;1828;1389;2405;3101
35945;1499;1828;1389;2408;3098
35985;1499;1828;1389;2408;3099
36025;1499;1828;1389;2410;3099
36055;1501;1828;1389;2409;3099
36095;1500;1828;1389;2409;3101
36135;1499;1828;1389;2410;3101
36175;1499;1828;1389;2411;3105
36205;1498;1828;1389;2412;3105
36245;1501;1828;1389;2410;3100
36285;1501;1828;1389;2411;3106
36325;1500;1828;1389;2409;3102
36355;1500;1828;1389;2408;3101
36395;1500;1828;1389;2405;3103
36435;1500;1828;1389;2410;3106
36475;1500;1828;1388;2412;3110
36505;1500;1828;1388;2411;3109
36545;1500;1828;1388;2410;3109
36585;1500;1828;1388;2411;3108
36625;1500;1828;1388;2411;3112
36655;1501;1829;1388;2407;3110
36695;1502;1829;1388;2413;3114
36735;1501;1829;1388;2416;3118
36775;1500;1829;1388;2418;3120
36805;1501;1829;1388;2419;3122
36845;1500;1829;1388;2419;3123
36885;1499;1829;1388;2421;3128
36925;1499;1829;1388;2423;3129
36955;1501;1829;1389;2421;3130
36995;1502;1829;1389;2424;3135
37035;1501;1830;1389;2424;3140
37075;1500;1830;1389;2424;3142
37105;1500;1830;1389;2427;3148
37145;1501;1830;1389;2430;3149
37185;1501;1830;1389;2431;3150
37225;1501;1830;1389;2434;3153
37255;1501;1830;1389;2434;3155
37295;1502;1830;1389;2435;3156
37335;1500;1830;1389;2435;3158
37375;1506;1830;1389;2435;3156
37405;1511;1830;1389;2437;3157
37445;1519;1830;1389;2437;3157
37485;1520;1830;1389;2437;3158
37525;1532;1830;1389;2437;3158
37555;1551;1830;1389;2434;3158
37595;1579;1830;1389;2436;3159
37635;1605;1830;1389;2437;3163
37675;1637;1830;1389;2436;3166
37705;1679;1830;1389;2439;3168
37745;1702;1830;1390;2439;3170
37785;1721;1830;1398;2439;3168
37825;1733;1830;1406;2440;3170
37855;1741;1830;1415;2442;3170
37895;1757;1830;1427;2441;3170
37935;1762;1829;1437;2442;3172
37975;1770;1829;1443;2444;3173
38005;1778;1829;1447;2447;3174
38045;1783;1829;1451;2446;3174
38085;1797;1829;1458;2445;3175
38125;1813;1829;1469;2444;3174
38155;1828;1829;1477;2442;3172
38195;1842;1829;1488;2442;3175
38235;1864;1829;1500;2442;3176
38275;1885;1828;1510;2441;3176
38305;1904;1828;1516;2440;3175
38345;1914;1828;1523;2441;3178
38385;1940;1828;1537;2442;3180
38425;1960;1830;1548;2442;3177
38455;1980;1832;1560;2440;3181
38495;1998;1840;1576;2440;3182
38535;2084;1845;1593;2440;3180
38575;2139;1848;1606;2441;3182
38605;2187;1849;1618;2439;3186
38645;2231;1848;1631;2440;3189
38685;2259;1848;1642;2441;3188
38725;2283;1848;1650;2441;3188
38755;2299;1849;1657;2438;3190
38795;2315;1849;1664;2436;3193
38835;2335;1851;1672;2438;3204
38875;2362;1853;1681;2419;3175
38905;2378;1854;1689;2399;3162
38945;2393;1864;1696;2374;3131
38985;2408;1868;1700;2364;3099
39025;2424;1868;1702;2347;3058
39055;2445;1881;1710;2324;3013
39095;2465;1890;1716;2304;2986
39135;2480;1897;1720;2300;2994
39175;2490;1901;1722;2300;2999
39205;2496;1903;1723;2293;2991
39245;2509;1909;1726;2279;2980
39285;2524;1917;1728;2274;2977
39325;2530;1925;1730;2274;2964
39355;2543;1927;1731;2253;2956
39395;2556;1937;1737;2194;2890
39435;2566;1943;1740;2201;2903
39475;2570;1946;1742;2208;2906
39505;2572;1948;1743;2208;2909
39545;2577;1951;1744;2186;2904
39585;2584;1959;1744;2180;2904
39625;2587;1963;1744;2183;2915
39655;2589;1965;1745;2186;2920
39685;2590;1966;1745;2189;2923
39725;2590;1967;1745;2192;2923
39765;2592;1967;1745;2190;2927
39805;2596;1967;1744;2188;2947
39845;2594;1966;1745;2188;2947
39885;2594;1966;1745;2190;2946
39925;2594;1966;1745;2187;2946
39955;2594;1966;1745;2188;2944
39995;2594;1967;1745;2185;2948
40035;2594;1967;1745;2187;2944
40075;2594;1967;1745;2188;2948
40105;2593;1967;1745;2188;2950
40145;2593;1968;1745;2189;2946
40185;2593;1968;1745;2186;2942
40225;2593;1968;1746;2189;2941
40255;2594;1969;1746;2190;2936
40295;2594;1970;1747;2189;2927
40335;2593;1970;1748;2190;2914
40375;2593;1969;1749;2190;2900
40405;2593;1969;1749;2193;2898
40445;2593;1969;1749;2191;2899
40485;2593;1969;1749;2191;2903
40525;2593;1969;1749;2189;2903
40555;2593;1969;1749;2189;2900
40595;2593;1970;1750;2192;2894
40635;2593;1970;1750;2188;2891
40675;2593;1970;1751;2187;2881
40705;2593;1970;1752;2188;2859
40745;2593;1970;1753;2187;2847
40785;2593;1970;1753;2190;2835
40825;2594;1971;1754;2189;2816
40855;2594;1971;1754;2188;2804
40895;2595;1971;1755;2197;2807
40935;2595;1972;1755;2201;2812
40975;2596;1972;1755;2198;2809
41005;2596;1972;1755;2200;2808
41045;2596;1972;1756;2207;2813
41085;2596;1972;1756;2212;2812
41125;2599;1972;1756;2215;2818
41155;2601;1972;1756;2220;2817
41195;2603;1972;1756;2239;2859
41235;2596;1972;1756;2257;2915
41275;2581;1972;1756;2287;2991
41305;2573;1972;1756;2303;3018
41345;2550;1972;1756;2311;3068
41385;2531;1971;1756;2322;3093
41425;2515;1969;1756;2336;3111
41455;2491;1968;1756;2338;3120
41495;2466;1965;1756;2341;3124
41535;2445;1959;1756;2341;3116
41575;2417;1957;1756;2343;3111
41605;2389;1956;1753;2345;3104
41645;2360;1954;1745;2345;3099
41685;2333;1954;1732;2344;3100
41725;2302;1944;1722;2344;3107
41755;2273;1937;1713;2344;3110
41795;2247;1935;1702;2344;3104
41835;2214;1917;1690;2347;3108
41875;2183;1876;1679;2343;3107
41905;2154;1874;1666;2343;3106
41945;2066;1862;1650;2343;3108
41985;2009;1858;1640;2338;3106
42025;1960;1841;1630;2340;3105
42055;1928;1833;1623;2340;3106
42095;1905;1828;1614;2344;3105
42135;1877;1820;1600;2343;3105
42175;1848;1801;1586;2343;3103
42205;1822;1798;1572;2343;3102
42245;1793;1796;1557;2342;3100
42285;1770;1787;1543;2342;3099
42325;1758;1777;1530;2343;3100
42355;1735;1766;1522;2339;3094
42395;1684;1757;1514;2338;3088
42435;1641;1750;1506;2340;3089
42475;1578;1736;1500;2339;3077
42505;1554;1730;1496;2340;3087
42535;1531;1725;1490;2339;3081
42575;1515;1723;1486;2339;3074
42615;1503;1723;1484;2339;3087
42655;1491;1721;1480;2346;3105
42695;1485;1716;1476;2352;3117
42735;1478;1709;1473;2355;3123
42775;1476;1698;1468;2360;3133
42805;1466;1674;1461;2361;3132
42845;1460;1682;1457;2360;3134
42885;1457;1687;1453;2366;3135
42925;1445;1688;1444;2365;3147
42955;1437;1687;1437;2371;3137
42995;1433;1686;1434;2371;3145
43035;1428;1686;1433;2370;3136
43075;1424;1683;1430;2366;3126
43105;1421;1681;1429;2364;3128
43145;1418;1677;1428;2370;3128
43185;1406;1670;1425;2368;3128
43225;1393;1665;1423;2367;3123
43255;1388;1663;1422;2374;3129
43295;1383;1658;1421;2378;3135
43335;1381;1655;1420;2384;3154
43375;1380;1654;1418;2384;3160
43405;1379;1652;1416;2384;3158
43445;1372;1648;1413;2384;3157
43485;1369;1646;1412;2388;3157
43525;1368;1646;1411;2387;3153
43555;1366;1644;1410;2382;3147
43595;1368;1637;1409;2383;3158
43635;1369;1635;1408;2385;3159
43675;1369;1633;1408;2385;3160
43705;1369;1632;1408;2383;3161
43745;1369;1632;1409;2382;3160
43785;1369;1632;1409;2384;3161
43825;1368;1632;1409;2378;3155
43855;1368;1633;1409;2383;3155
43895;1368;1631;1409;2379;3149
43935;1368;1632;1408;2376;3143
43975;1369;1632;1408;2377;3145
44005;1369;1632;1408;2377;3146
44045;1369;1632;1408;2378;3144
44085;1369;1632;1409;2379;3143
44125;1368;1631;1409;2378;3142
44155;1369;1631;1409;2377;3144
44195;1369;1631;1409;2377;3145
44235;1369;1631;1409;2376;3148
44275;1368;1631;1409;2377;3146
44305;1368;1631;1409;2377;3144
44345;1368;1631;1409;2377;3142
44385;1368;1631;1409;2377;3144
44425;1368;1631;1409;2379;3144
44455;1368;1631;1409;2381;3148
44495;1368;1630;1409;2382;3145
44535;1367;1630;1409;2378;3141
44575;1367;1629;1408;2380;3141
44605;1367;1629;1408;2379;3141
44645;1367;1630;1408;2377;3143
44685;1367;1629;1408;2378;3144
44725;1367;1630;1408;2380;3146
44755;1367;1629;1408;2381;3148
44795;1367;1629;1408;2381;3150
44835;1367;1629;1408;2382;3150
44875;1367;1629;1408;2382;3151
44905;1367;1629;1408;2382;3148
44945;1367;1629;1408;2383;3149
44985;1367;1629;1408;2383;3148
45025;1367;1630;1408;2383;3152
45055;1367;1630;1408;2385;3155
45085;1367;1630;1408;2382;3156
45125;1367;1630;1408;2384;3155
45165;1367;1631;1408;2387;3161
45205;1367;1630;1408;2385;3162
45245;1367;1631;1408;2386;3161
45285;1367;1631;1408;2386;3156
45325;1367;1631;1408;2385;3155
45355;1367;1631;1408;2386;3156
45385;1367;1631;1408;2385;3156
45425;1367;1631;1408;2386;3152
45465;1367;1631;1409;2386;3153
45505;1367;1631;1409;2386;3149
45535;1367;1631;1408;2387;3151
45575;1367;1631;1408;2385;3152
45615;1367;1631;1408;2386;3153
45655;1367;1631;1408;2385;3153
45695;1367;1631;1408;2388;3154
45735;1367;1632;1408;2388;3158
45775;1367;1632;1408;2388;3160
45805;1367;1633;1408;2390;3165
45835;1367;1633;1408;2393;3167
45875;1367;1633;1408;2391;3170
45915;1366;1633;1408;2390;3170
45955;1366;1637;1408;2396;3176
45995;1366;1640;1408;2393;3174
46035;1366;1641;1408;2395;3174
46075;1366;1643;1408;2396;3173
46105;1367;1646;1408;2394;3173
46145;1367;1647;1408;2393;3176
46185;1367;1648;1408;2399;3179
46225;1366;1651;1408;2406;3185
46255;1366;1654;1408;2405;3185
46295;1371;1659;1408;2407;3188
46335;1380;1660;1408;2409;3193
46375;1399;1669;1408;2412;3197
46405;1419;1676;1408;2410;3201
46445;1435;1680;1409;2412;3199
46485;1444;1682;1410;2414;3198
46525;1444;1682;1412;2415;3199
46555;1454;1682;1415;2414;3198
46595;1461;1681;1421;2417;3204
46635;1475;1680;1434;2416;3208
46675;1496;1671;1453;2417;3207
46705;1511;1676;1466;2416;3206
46745;1531;1679;1476;2419;3210
46785;1569;1679;1487;2421;3215
46825;1589;1509;1497;2425;3225
46855;1661;1593;1506;2428;3228
46895;1693;1650;1514;2431;3232
46935;1737;1677;1526;2429;3236
46975;1770;1696;1539;2428;3237
47005;1794;1709;1547;2427;3238
47045;1813;1714;1552;2426;3238
47085;1839;1719;1562;2426;3245
47125;1871;1733;1571;2426;3248
47155;1898;1743;1581;2428;3243
47185;1931;1747;1594;2427;3249
47225;1966;1755;1604;2427;3248
47265;1984;1759;1611;2427;3247
47305;2090;1773;1622;2428;3248
47345;2173;1783;1639;2423;3243
47385;2242;1785;1658;2422;3240
47425;2318;1816;1678;2371;3194
47455;2373;1836;1692;2325;3097
47495;2425;1849;1706;2278;2986
47535;2472;1877;1720;2243;2959
47575;2495;1892;1729;2258;2978
47605;2508;1900;1734;2252;2988
47645;2532;1911;1738;2194;2895
47685;2552;1918;1741;2179;2901
47725;2564;1920;1744;2185;2898
47755;2572;1923;1745;2185;2915
47795;2577;1927;1746;2164;2927
47835;2588;1943;1747;2157;2954
47875;2596;1955;1747;2134;2951
47905;2605;1966;1748;2128;2945
47935;2612;1971;1748;2124;2980
47975;2615;1975;1749;2128;2969
48015;2616;1977;1749;2131;2979
48055;2618;1985;1750;2116;3031
48095;2629;1992;1752;2117;3051
48135;2633;1996;1753;2119;3111
48175;2634;1999;1754;2119;3117
48205;2635;2001;1755;2121;3137
48235;2636;2001;1755;2120;3157
48275;2637;2001;1755;2118;3180
48315;2637;2006;1756;2112;3270
48355;2639;2010;1756;2118;3339
48395;2639;2013;1756;2122;3338
48435;2639;2015;1756;2123;3335
48475;2639;2016;1756;2123;3329
48505;2639;2017;1756;2122;3326
48545;2640;2017;1756;2119;3326
48585;2640;2017;1756;2122;3316
48625;2639;2018;1756;2125;3299
48655;2638;2018;1756;2126;3289
48695;2638;2018;1756;2127;3291
48735;2639;2018;1756;2127;3278
48775;2638;2018;1756;2123;3266
48805;2639;2018;1757;2127;3247
48845;2639;2018;1757;2126;3232
48885;2639;2018;1758;2124;3221
48925;2640;2018;1758;2125;3216
48955;2639;2018;1758;2126;3206
48995;2639;2018;1758;2128;3199
49035;2639;2018;1758;2125;3198
49075;2639;2018;1758;2126;3200
49105;2639;2018;1758;2125;3203
49145;2639;2018;1758;2124;3202
49185;2639;2018;1758;2125;3199
49225;2639;2018;1758;2127;3179
49255;2639;2018;1758;2131;3147
49285;2639;2019;1758;2136;3105
49325;2639;2019;1758;2137;3049
49365;2639;2019;1759;2131;2980
49405;2638;2019;1759;2162;2861
49445;2638;2019;1759;2174;2833
49485;2638;2019;1759;2187;2820
49515;2638;2019;1759;2196;2841
49555;2644;2019;1759;2207;2871
49595;2641;2019;1759;2243;2955
49635;2634;2019;1759;2263;3001
49675;2623;2019;1759;2283;3027
49705;2613;2019;1759;2294;3051
49735;2594;2019;1759;2303;3048
49775;2579;2019;1759;2304;3078
49815;2557;2019;1759;2314;3103
49855;2523;2019;1760;2336;3128
49895;2489;2018;1759;2341;3128
49935;2459;2019;1753;2346;3127
49975;2421;2018;1738;2347;3113
50005;2384;2018;1729;2345;3107
50045;2358;2018;1717;2346;3105
50085;2332;2018;1703;2345;3097
50105;2309;2018;1693;2345;3099
50125;2296;2018;1686;2345;3098
50155;2282;2017;1679;2346;3102
50185;2263;2017;1666;2347;3103
50225;2240;2018;1650;2344;3094
50275;2227;2018;1640;2346;3109
50305;2220;2018;1636;2344;3107
50345;2217;2018;1633;2346;3104
50355;2215;2018;1631;2347;3103