
2345;1190;858;838;1889;1418
2465;1785;1287;1257;1898;1411
2495;2083;1501;1466;1894;1403
2505;2231;1608;1571;1895;1404
2535;2305;1662;1623;1898;1401
2555;2342;1689;1649;1894;1400
2575;2361;1702;1662;1895;1402
2615;2370;1709;1668;1895;1405
2655;2375;1712;1671;1893;1403
2685;2378;1714;1673;1895;1405
2725;2378;1715;1674;1889;1409
2765;2379;1715;1674;1888;1407
2805;2379;1715;1675;1890;1409
2835;2380;1715;1674;1892;1409
2875;2380;1715;1675;1896;1409
2915;2379;1715;1675;1892;1411
2955;2380;1715;1675;1892;1411
2985;2380;1716;1675;1887;1413
3025;2382;1716;1675;1889;1413
3065;2382;1716;1675;1887;1415
3105;2380;1716;1675;1890;1414
3135;2380;1716;1675;1891;1414
3175;2378;1716;1675;1893;1414
3215;2380;1716;1675;1897;1415
3255;2377;1716;1675;1899;1414
3285;2375;1716;1675;1897;1413
3325;2379;1716;1674;1897;1414
3365;2380;1716;1674;1894;1413
3405;2381;1716;1674;1896;1414
3435;2381;1716;1674;1897;1413
3475;2381;1716;1674;1896;1414
3515;2380;1716;1674;1896;1414
3555;2379;1716;1674;1900;1414
3585;2380;1716;1674;1900;1414
3625;2380;1716;1674;1896;1416
3665;2379;1716;1674;1899;1418
3705;2380;1716;1674;1895;1420
3735;2380;1716;1674;1892;1419
3775;2380;1716;1674;1890;1421
3815;2380;1716;1675;1891;1422
3855;2380;1716;1674;1881;1421
3885;2380;1716;1675;1880;1423
3925;2379;1716;1675;1880;1421
3965;2379;1716;1675;1878;1420
4005;2379;1716;1675;1879;1420
4035;2379;1716;1675;1881;1419
4075;2379;1716;1675;1888;1418
4115;2379;1715;1675;1890;1418
4155;2379;1716;1675;1889;1418
4185;2379;1716;1675;1893;1419
4225;2379;1716;1675;1892;1419
4265;2379;1716;1675;1893;1418
4305;2380;1716;1675;1880;1417
4335;2379;1716;1674;1869;1427
4375;2379;1716;1674;1841;1458
4415;2379;1716;1674;1828;1497
4455;2381;1716;1675;1805;1513
4485;2381;1716;1675;1788;1522
4525;2379;1716;1675;1774;1538
4565;2377;1716;1675;1756;1559
4605;2375;1716;1675;1761;1579
4635;2374;1716;1675;1766;1596
4675;2372;1716;1675;1770;1607
4715;2372;1716;1675;1758;1616
4755;2369;1716;1675;1748;1625
4785;2368;1715;1675;1747;1626
4825;2364;1715;1675;1743;1630
4865;2360;1715;1675;1741;1639
4905;2360;1715;1675;1738;1646
4935;2358;1716;1675;1737;1644
4975;2358;1716;1675;1733;1645
5015;2358;1716;1675;1730;1651
5055;2358;1716;1675;1722;1652
5085;2355;1716;1675;1722;1657
5125;2346;1716;1674;1721;1658
5165;2341;1715;1675;1722;1657
5205;2337;1715;1674;1724;1662
5235;2333;1716;1674;1712;1669
5275;2330;1716;1675;1709;1670
5315;2325;1716;1675;1707;1676
5355;2320;1715;1675;1709;1679
5385;2316;1715;1675;1713;1680
5425;2313;1715;1674;1716;1682
5465;2303;1715;1675;1718;1690
5505;2297;1715;1675;1717;1694
5535;2298;1715;1675;1715;1696
5575;2295;1715;1675;1709;1700
5615;2287;1715;1675;1708;1702
5655;2280;1715;1675;1707;1708
5685;2272;1715;1675;1702;1713
5725;2269;1716;1675;1698;1722
5765;2264;1715;1675;1703;1729
5805;2257;1715;1675;1703;1732
5835;2251;1715;1675;1706;1734
5875;2242;1715;1675;1709;1734
5915;2236;1715;1675;1706;1736
5955;2228;1715;1675;1705;1736
5985;2222;1715;1674;1715;1742
6025;2217;1715;1674;1720;1735
6065;2209;1715;1674;1717;1738
6105;2200;1715;1674;1712;1740
6135;2197;1715;1674;1709;1741
6175;2188;1716;1674;1704;1740
6215;2187;1716;1674;1699;1747
6255;2178;1716;1675;1693;1751
6285;2171;1716;1675;1695;1749
6325;2159;1716;1675;1697;1751
6365;2150;1716;1675;1691;1757
6405;2140;1716;1675;1690;1754
6435;2133;1716;1675;1684;1752
6475;2073;1716;1675;1681;1751
6515;2035;1716;1674;1683;1755
6555;2012;1716;1674;1681;1759
6585;1994;1715;1673;1679;1758
6625;1985;1716;1672;1677;1762
6665;1975;1716;1671;1676;1767
6705;1970;1716;1670;1685;1765
6735;1958;1716;1668;1692;1769
6775;1950;1716;1666;1683;1770
6815;1943;1715;1662;1687;1771
6855;1937;1715;1656;1691;1768
6885;1930;1715;1652;1686;1790
6925;1922;1714;1650;1683;1795
6965;1910;1707;1648;1697;1782
7005;1902;1698;1647;1687;1780
7035;1893;1690;1646;1694;1777
7075;1881;1677;1644;1691;1791
7115;1869;1664;1644;1689;1795
7155;1862;1654;1644;1688;1802
7185;1856;1647;1644;1686;1808
7225;1849;1642;1642;1689;1808
7265;1841;1630;1641;1691;1807
7305;1831;1629;1638;1690;1807
7335;1821;1623;1637;1686;1823
7375;1809;1617;1635;1685;1831
7415;1800;1614;1633;1690;1822
7455;1789;1610;1632;1690;1829
7485;1784;1605;1632;1685;1833
7525;1769;1600;1631;1698;1832
7565;1763;1592;1631;1680;1846
7605;1751;1577;1629;1685;1847
7635;1745;1570;1628;1685;1851
7675;1730;1530;1628;1688;1845
7715;1723;1536;1627;1675;1854
7755;1688;1534;1627;1686;1859
7785;1657;1539;1626;1676;1867
7825;1635;1539;1624;1676;1870
7865;1590;1534;1622;1674;1872
7905;1564;1530;1620;1668;1881
7935;1548;1514;1618;1667;1880
7975;1528;1509;1615;1656;1893
8015;1513;1501;1613;1643;1904
8055;1508;1497;1611;1647;1895
8085;1502;1495;1609;1647;1903
8125;1490;1491;1607;1640;1909
8165;1486;1484;1606;1638;1916
8205;1472;1479;1605;1641;1918
8235;1466;1473;1604;1636;1930
8275;1458;1467;1601;1634;1936
8315;1445;1449;1599;1632;1940
8355;1436;1441;1597;1636;1947
8385;1430;1439;1596;1644;1950
8425;1422;1437;1596;1640;1964
8465;1416;1436;1594;1643;1968
8505;1404;1426;1593;1636;1972
8535;1396;1421;1592;1633;1982
8575;1385;1414;1590;1637;1993
8615;1378;1401;1588;1638;2001
8655;1367;1395;1587;1631;2012
8685;1357;1394;1586;1635;2024
8725;1347;1391;1584;1626;2040
8765;1338;1383;1582;1626;2071
8805;1327;1377;1579;1634;2074
8835;1316;1345;1578;1628;2081
8875;1312;1349;1575;1622;2096
8905;1307;1348;1574;1629;2092
8915;1305;1346;1573;1631;2088
8955;1295;1343;1573;1627;2096
8985;1288;1337;1572;1624;2102
9025;1280;1329;1572;1621;2113
9065;1268;1320;1571;1624;2133
9105;1261;1305;1570;1623;2145
9135;1254;1297;1570;1628;2151
9175;1247;1288;1569;1629;2164
9215;1242;1281;1567;1630;2189
9255;1228;1275;1564;1627;2194
9285;1218;1270;1562;1626;2210
9325;1211;1259;1561;1622;2234
9365;1202;1253;1559;1621;2252
9405;1193;1248;1558;1619;2266
9435;1186;1240;1557;1616;2303
9475;1180;1213;1556;1619;2306
9515;1174;1216;1555;1619;2332
9555;1165;1218;1554;1616;2353
9585;1158;1214;1552;1611;2377
9625;1152;1203;1550;1612;2390
9665;1141;1190;1547;1611;2402
9705;1134;1191;1546;1613;2417
9735;1128;1190;1545;1611;2449
9775;1121;1181;1545;1610;2468
9815;1116;1174;1544;1609;2480
9855;1108;1169;1544;1605;2511
9885;1104;1155;1543;1599;2544
9925;1099;1148;1543;1601;2589
9965;1090;1142;1542;1593;2637
10005;1084;1135;1541;1591;2669
10035;1081;1130;1542;1594;2684
10075;1079;1127;1542;1590;2677
10115;1078;1126;1542;1586;2668
10155;1077;1125;1542;1585;2649
10185;1075;1124;1542;1590;2603
10225;1074;1123;1542;1599;2511
10265;1074;1123;1542;1609;2402
10305;1073;1123;1541;1620;2295
10335;1072;1124;1541;1627;2207
10375;1072;1124;1541;1640;2130
10415;1073;1124;1540;1653;2083
10455;1075;1125;1540;1661;2028
10485;1077;1125;1540;1670;1997
10525;1077;1125;1540;1672;1976
10565;1078;1125;1541;1678;1948
10605;1078;1125;1541;1673;1926
10635;1079;1125;1541;1680;1902
10675;1080;1125;1541;1686;1879
10715;1085;1125;1542;1691;1863
10755;1095;1125;1543;1702;1838
10785;1101;1125;1542;1701;1823
10825;1107;1125;1542;1711;1802
10865;1111;1125;1542;1719;1787
10905;1120;1125;1542;1720;1771
10935;1126;1125;1543;1726;1758
10975;1132;1125;1543;1729;1751
11015;1137;1125;1543;1741;1749
11055;1144;1126;1543;1749;1749
11085;1149;1126;1543;1753;1750
11125;1158;1127;1544;1752;1743
11165;1165;1128;1543;1764;1732
11205;1173;1129;1543;1761;1728
11235;1178;1134;1543;1764;1723
11275;1184;1136;1542;1762;1721
11315;1192;1141;1542;1765;1714
11355;1197;1143;1542;1766;1711
11385;1199;1144;1542;1765;1719
11425;1201;1145;1543;1764;1719
11465;1202;1146;1543;1760;1718
11505;1203;1146;1543;1748;1737
11535;1204;1146;1543;1738;1754
11575;1204;1147;1543;1700;1762
11615;1203;1147;1543;1677;1820
11655;1204;1147;1543;1657;1857
11685;1201;1147;1543;1651;1870
11725;1199;1147;1543;1644;1908
11765;1199;1147;1543;1642;1936
11805;1199;1147;1544;1638;1953
11835;1199;1147;1543;1628;1972
11875;1196;1147;1543;1633;1996
11915;1192;1147;1543;1632;2015
11955;1186;1147;1543;1625;2042
11985;1180;1147;1543;1627;2071
12025;1175;1147;1543;1623;2091
12065;1168;1147;1543;1625;2117
12105;1160;1147;1543;1617;2139
12135;1154;1147;1543;1610;2159
12175;1150;1147;1543;1592;2189
12215;1141;1146;1543;1590;2218
12255;1134;1146;1544;1591;2244
12285;1131;1146;1543;1591;2263
12325;1122;1146;1544;1591;2299
12365;1118;1146;1544;1588;2324
12405;1111;1146;1544;1587;2352
12435;1105;1146;1544;1585;2403
12475;1102;1141;1544;1580;2465
12515;1096;1134;1544;1577;2527
12555;1088;1129;1544;1574;2577
12585;1083;1124;1544;1571;2615
12625;1078;1121;1544;1569;2647
12665;1076;1118;1543;1569;2659
12705;1075;1113;1543;1562;2664
12735;1075;1112;1543;1563;2673
12775;1075;1112;1543;1562;2671
12815;1075;1111;1543;1561;2667
12855;1074;1110;1543;1569;2662
12885;1074;1110;1543;1569;2619
12925;1074;1110;1543;1571;2516
12965;1074;1111;1543;1572;2385
13005;1074;1112;1543;1581;2258
13035;1074;1112;1543;1589;2182
13075;1072;1113;1543;1611;2099
13115;1073;1114;1543;1613;2033
13155;1075;1114;1543;1616;1998
13185;1075;1115;1543;1618;1969
13225;1076;1114;1543;1619;1945
13265;1077;1114;1543;1622;1921
13305;1078;1115;1543;1628;1884
13335;1078;1115;1543;1630;1868
13375;1081;1116;1543;1633;1849
13415;1090;1116;1543;1633;1835
13455;1098;1116;1543;1652;1814
13485;1103;1116;1543;1661;1799
13525;1109;1116;1543;1674;1780
13565;1112;1117;1543;1679;1773
13605;1120;1117;1543;1684;1768
13635;1127;1117;1544;1685;1761
13675;1132;1118;1544;1696;1756
13715;1137;1118;1544;1704;1761
13755;1145;1119;1544;1708;1757
13785;1151;1119;1544;1709;1747
13825;1159;1118;1544;1711;1739
13865;1167;1121;1544;1716;1730
13905;1175;1123;1544;1718;1723
13935;1178;1126;1544;1716;1710
13975;1186;1130;1544;1718;1701
14015;1193;1135;1544;1716;1701
14055;1201;1140;1544;1719;1694
14085;1207;1143;1544;1723;1682
14125;1217;1139;1544;1724;1679
14165;1227;1144;1544;1729;1664
14205;1233;1154;1544;1731;1658
14235;1238;1158;1544;1732;1659
14275;1243;1163;1543;1733;1660
14315;1249;1165;1543;1734;1660
14355;1251;1167;1543;1729;1666
14385;1251;1168;1543;1729;1679
14425;1252;1169;1543;1721;1696
14465;1253;1169;1543;1707;1724
14505;1254;1169;1543;1697;1755
14535;1254;1170;1543;1687;1773
14575;1251;1170;1544;1668;1794
14615;1247;1170;1544;1662;1817
14655;1245;1170;1543;1654;1846
14685;1245;1170;1543;1649;1870
14725;1244;1170;1543;1637;1897
14765;1243;1170;1543;1629;1911
14805;1243;1170;1543;1619;1928
14835;1240;1170;1543;1620;1945
14875;1235;1170;1544;1620;1967
14915;1222;1170;1544;1615;2002
14955;1213;1170;1544;1610;2017
14985;1208;1170;1544;1607;2040
15025;1200;1170;1544;1604;2078
15045;1196;1170;1543;1604;2095
15095;1190;1170;1543;1597;2117
15135;1181;1170;1543;1595;2136
15175;1175;1170;1543;1593;2158
15215;1167;1170;1543;1586;2191
15255;1159;1169;1543;1581;2226
15285;1154;1169;1543;1578;2248
15325;1149;1169;1544;1575;2280
15365;1139;1169;1544;1573;2298
15405;1133;1169;1544;1566;2321
15435;1127;1169;1544;1567;2326
15475;1121;1168;1544;1574;2329
15515;1116;1165;1544;1575;2339
15555;1108;1155;1544;1569;2395
15585;1104;1147;1543;1564;2457
15625;1101;1146;1543;1560;2538
15665;1094;1143;1544;1560;2601
15705;1087;1136;1544;1557;2666
15735;1082;1132;1544;1554;2700
15775;1079;1128;1543;1546;2732
15815;1077;1126;1543;1551;2725
15855;1076;1126;1543;1548;2718
15885;1075;1126;1543;1546;2715
15925;1075;1126;1543;1531;2705
15965;1076;1126;1543;1531;2650
16005;1077;1126;1543;1537;2545
16035;1076;1126;1543;1545;2464
16075;1076;1126;1542;1559;2349
16115;1076;1126;1542;1571;2226
16155;1075;1126;1542;1578;2154
16185;1075;1127;1543;1584;2117
16225;1076;1127;1543;1591;2063
16265;1078;1126;1543;1601;2018
16305;1083;1126;1543;1604;1980
16335;1089;1127;1543;1605;1961
16375;1097;1127;1543;1609;1918
16415;1103;1126;1543;1611;1895
16455;1108;1126;1543;1619;1880
16485;1111;1126;1543;1624;1861
16525;1119;1127;1543;1632;1833
16565;1125;1128;1543;1648;1809
16605;1131;1129;1543;1656;1797
16635;1138;1131;1543;1654;1791
16675;1146;1133;1543;1662;1783
16715;1154;1138;1543;1678;1765
16755;1162;1143;1543;1683;1765
16785;1170;1141;1543;1676;1772
16825;1175;1151;1543;1687;1760
16865;1181;1160;1543;1698;1743
16905;1190;1167;1543;1696;1740
16935;1196;1176;1543;1704;1738
16975;1201;1185;1543;1708;1725
17015;1208;1188;1543;1708;1706
17055;1222;1201;1543;1708;1706
17085;1231;1210;1543;1712;1704
17125;1236;1214;1543;1715;1682
17165;1243;1219;1543;1697;1666
17205;1246;1222;1543;1702;1657
17235;1255;1226;1543;1705;1646
17275;1264;1234;1543;1707;1649
17315;1271;1240;1543;1704;1644
17355;1273;1241;1543;1699;1646
17385;1275;1242;1543;1707;1650
17425;1277;1243;1543;1693;1649
17465;1276;1243;1543;1720;1673
17505;1277;1244;1543;1690;1676
17535;1279;1245;1543;1684;1702
17575;1279;1246;1543;1628;1714
17615;1280;1245;1543;1613;1705
17655;1281;1246;1543;1668;1725
17685;1278;1246;1543;1716;1772
17725;1271;1246;1543;1697;1807
17765;1262;1246;1543;1719;1824
17805;1255;1246;1543;1723;1820
17835;1249;1246;1543;1748;1831
17875;1245;1246;1544;1801;1829
17915;1240;1246;1543;1833;1796
17955;1227;1246;1543;1824;1797
17985;1211;1246;1543;1859;1835
18025;1208;1246;1543;1829;1842
18065;1198;1246;1543;1681;1845
18105;1191;1246;1544;1634;1872
18135;1185;1244;1544;1608;1888
18175;1179;1232;1544;1638;1876
18185;1174;1225;1544;1644;1876
18235;1165;1218;1544;1597;1950
18275;1158;1212;1544;1613;2019
18315;1151;1196;1544;1619;2025
18355;1144;1194;1544;1611;2075
18395;1136;1187;1544;1606;2097
18435;1126;1177;1544;1619;2124
18475;1120;1171;1544;1610;2174
18515;1115;1166;1543;1614;2200
18555;1108;1163;1543;1618;2208
18585;1106;1150;1544;1625;2221
18625;1097;1149;1543;1617;2241
18665;1089;1147;1543;1605;2254
18705;1082;1142;1543;1602;2265
18735;1077;1134;1543;1600;2278
18775;1075;1129;1542;1596;2291
18815;1068;1124;1540;1590;2326
18855;1059;1119;1539;1590;2349
18885;1051;1113;1538;1589;2356
18925;1045;1105;1537;1597;2365
18955;1040;1100;1537;1608;2340
18995;1035;1096;1537;1605;2389
19035;1031;1089;1537;1602;2436
19075;1026;1084;1537;1599;2457
19115;1022;1080;1537;1617;2475
19155;1015;1076;1536;1612;2496
19185;1011;1070;1535;1593;2517
19225;1005;1066;1535;1588;2533
19265;1001;1060;1535;1582;2551
19305;997;1057;1534;1580;2570
19335;995;1055;1533;1581;2571
19375;992;1054;1532;1579;2560
19415;990;1054;1531;1578;2558
19455;989;1054;1531;1579;2552
19485;988;1054;1531;1586;2554
19525;988;1054;1530;1583;2541
19565;986;1054;1531;1567;2482
19605;985;1054;1531;1575;2440
19635;984;1054;1531;1586;2400
19675;984;1055;1531;1597;2313
19705;984;1055;1531;1607;2242
19745;984;1055;1531;1625;2172
19785;984;1055;1531;1639;2093
19825;984;1055;1531;1645;2012
19865;985;1054;1531;1655;1962
19905;988;1055;1532;1665;1933
19935;991;1055;1533;1667;1912
19975;993;1055;1534;1682;1875
20015;995;1055;1533;1686;1854
20055;997;1055;1534;1687;1847
20085;998;1055;1534;1697;1827
20125;1002;1055;1533;1704;1815
20165;1008;1055;1534;1711;1778
20205;1014;1056;1535;1710;1769
20235;1021;1056;1535;1708;1770
20275;1025;1056;1535;1717;1768
20315;1030;1056;1534;1722;1755
20355;1035;1056;1534;1742;1740
20385;1041;1056;1534;1759;1732
20425;1046;1056;1534;1757;1720
20455;1056;1056;1534;1774;1709
20495;1065;1056;1533;1779;1700
20535;1070;1056;1534;1777;1699
20575;1074;1056;1534;1784;1694
20615;1075;1056;1534;1788;1690
20655;1076;1057;1533;1773;1690
20685;1077;1057;1533;1766;1697
20725;1078;1058;1534;1763;1717
20765;1078;1057;1533;1747;1740
20805;1079;1057;1534;1712;1811
20835;1078;1057;1533;1698;1853
20875;1077;1057;1534;1676;1891
20915;1077;1057;1534;1667;1919
20955;1078;1057;1534;1663;1948
20985;1077;1058;1534;1646;1976
21025;1078;1057;1534;1649;2009
21065;1078;1056;1534;1630;2048
21105;1077;1057;1534;1613;2090
21135;1075;1057;1534;1618;2112
21175;1073;1057;1535;1616;2144
21205;1070;1057;1535;1612;2164
21245;1060;1057;1534;1615;2203
21285;1052;1057;1534;1605;2223
21325;1046;1056;1535;1596;2254
21365;1041;1056;1535;1593;2285
21405;1036;1056;1534;1583;2314
21435;1032;1056;1535;1577;2328
21475;1028;1056;1535;1562;2365
21515;1025;1056;1534;1550;2387
21555;1022;1056;1534;1551;2408
21585;1018;1056;1534;1552;2435
21625;1013;1056;1534;1557;2465
21665;1009;1056;1535;1545;2491
21705;1004;1056;1534;1542;2519
21735;1001;1054;1535;1541;2520
21775;997;1054;1534;1535;2537
21815;995;1055;1535;1544;2539
21855;993;1055;1535;1542;2535
21885;992;1055;1535;1548;2532
21925;992;1055;1535;1548;2524
21955;991;1055;1535;1551;2524
21995;991;1055;1535;1550;2523
22035;991;1056;1534;1551;2527
22075;989;1056;1534;1549;2515
22115;988;1056;1534;1556;2474
22155;988;1056;1534;1565;2410
22185;988;1056;1535;1575;2336
22225;988;1056;1534;1601;2250
22265;987;1057;1534;1630;2193
22305;987;1056;1534;1648;2130
22335;987;1056;1535;1670;2083
22375;990;1056;1535;1687;2021
22415;992;1056;1535;1705;1974
22455;994;1056;1534;1717;1940
22485;996;1056;1535;1719;1917
22525;997;1056;1534;1725;1890
22565;1002;1056;1534;1738;1862
22605;1009;1056;1534;1746;1836
22635;1014;1056;1534;1756;1818
22675;1020;1056;1535;1761;1799
22705;1024;1056;1535;1766;1793
22745;1028;1056;1534;1767;1772
22785;1034;1056;1534;1776;1754
22825;1041;1057;1534;1782;1741
22865;1047;1057;1535;1785;1728
22905;1057;1056;1536;1785;1722
22935;1063;1056;1535;1790;1703
22975;1068;1056;1535;1789;1698
23015;1071;1056;1536;1790;1703
23055;1072;1056;1536;1788;1710
23085;1073;1056;1535;1785;1710
23125;1073;1056;1535;1778;1743
23165;1073;1056;1536;1761;1786
23205;1074;1056;1536;1745;1843
23235;1073;1056;1536;1735;1896
23275;1072;1056;1536;1719;1925
23315;1072;1056;1535;1707;1954
23355;1072;1056;1535;1705;1977
23385;1073;1056;1534;1695;1998
23425;1073;1056;1534;1681;2042
23455;1073;1057;1534;1670;2082
23495;1070;1057;1534;1647;2107
23535;1064;1057;1535;1651;2151
23575;1057;1057;1534;1640;2180
23615;1049;1056;1535;1625;2206
23655;1043;1056;1535;1623;2232
23685;1040;1056;1535;1624;2254
23725;1036;1056;1535;1621;2280
23765;1030;1056;1534;1612;2301
23805;1026;1056;1535;1606;2325
23835;1023;1057;1535;1602;2359
23875;1019;1057;1535;1597;2392
23915;1015;1057;1535;1595;2415
23955;1011;1057;1535;1591;2443
23985;1005;1057;1535;1588;2461
24025;1001;1057;1535;1583;2502
24065;999;1057;1535;1587;2526
24105;995;1057;1535;1585;2562
24135;990;1056;1534;1580;2581
24175;985;1047;1533;1578;2581
24205;983;1041;1533;1575;2592
24245;982;1039;1532;1576;2588
24285;982;1039;1533;1569;2585
24325;981;1039;1532;1570;2587
24365;982;1039;1532;1576;2586
24405;981;1040;1533;1578;2579
24435;981;1040;1532;1575;2575
24475;981;1040;1532;1579;2561
24515;979;1040;1532;1586;2526
24555;978;1041;1532;1598;2466
24585;978;1041;1532;1607;2419
24625;977;1041;1532;1619;2377
24665;976;1040;1532;1643;2314
24705;976;1040;1532;1670;2215
24735;978;1040;1532;1696;2157
24775;980;1040;1532;1715;2097
24815;982;1040;1532;1731;2013
24855;983;1040;1532;1750;1980
24885;984;1040;1532;1763;1955
24925;992;1040;1533;1775;1930
24955;996;1040;1533;1791;1901
24995;1003;1040;1533;1797;1868
25035;1012;1040;1533;1815;1843
25075;1019;1040;1533;1833;1836
25115;1023;1040;1533;1845;1826
25155;1029;1040;1534;1856;1803
25185;1032;1040;1533;1861;1796
25225;1038;1040;1533;1863;1775
25265;1043;1040;1533;1861;1764
25305;1048;1039;1533;1865;1763
25335;1051;1039;1533;1867;1772
25375;1052;1039;1533;1866;1779
25415;1053;1039;1533;1864;1778
25455;1053;1039;1533;1832;1848
25485;1054;1039;1534;1812;1890
25525;1054;1040;1534;1785;1956
25565;1052;1040;1534;1767;2003
25605;1051;1040;1534;1747;2040
25635;1052;1040;1534;1739;2073
25675;1051;1040;1534;1722;2104
25705;1051;1040;1533;1713;2119
25745;1048;1041;1533;1700;2166
25785;1042;1041;1533;1689;2204
25825;1037;1041;1533;1672;2232
25865;1033;1041;1534;1667;2265
25905;1029;1040;1534;1656;2280
25935;1026;1040;1534;1643;2311
25975;1022;1040;1534;1628;2348
26015;1018;1040;1534;1614;2382
26055;1014;1040;1534;1615;2404
26085;1010;1040;1534;1612;2430
26125;1005;1040;1533;1590;2466
26165;1001;1040;1534;1576;2503
26205;997;1041;1533;1567;2521
26235;992;1041;1533;1566;2550
26275;988;1040;1533;1574;2579
26315;984;1040;1533;1562;2601
26355;981;1040;1533;1562;2605
26385;980;1041;1533;1567;2597
26425;980;1041;1533;1567;2592
26455;981;1040;1532;1570;2588
26495;981;1041;1532;1571;2587
26535;982;1041;1533;1567;2584
26575;982;1041;1533;1569;2583
26615;981;1041;1532;1569;2582
26655;980;1041;1533;1571;2527
26685;980;1041;1533;1587;2497
26725;980;1041;1533;1600;2430
26765;980;1041;1533;1611;2391
26805;981;1041;1533;1649;2280
26835;981;1041;1533;1684;2208
26875;982;1041;1532;1713;2143
26915;982;1041;1533;1735;2070
26955;983;1041;1533;1764;2003
26985;986;1041;1533;1779;1984
27025;993;1041;1533;1786;1952
27065;999;1041;1533;1801;1912
27105;1007;1041;1534;1806;1887
27135;1013;1041;1534;1821;1866
27175;1020;1041;1534;1831;1848
27205;1023;1041;1533;1841;1831
27245;1028;1041;1534;1845;1807
27285;1034;1041;1533;1852;1799
27325;1041;1041;1534;1862;1775
27365;1047;1041;1535;1858;1768
27405;1050;1041;1534;1858;1762
27435;1053;1041;1534;1857;1760
27475;1054;1040;1534;1857;1769
27515;1054;1040;1534;1854;1767
27555;1054;1040;1533;1860;1790
27585;1055;1041;1533;1836;1850
27625;1055;1041;1533;1812;1909
27665;1055;1041;1533;1798;1976
27705;1055;1041;1533;1772;2009
27735;1055;1041;1534;1766;2039
27775;1054;1041;1534;1753;2083
27815;1053;1041;1534;1734;2112
27855;1050;1041;1534;1721;2141
27885;1045;1041;1534;1708;2175
27925;1039;1041;1534;1695;2204
27955;1036;1041;1534;1686;2219
27995;1031;1041;1534;1679;2252
28035;1028;1041;1533;1672;2270
28075;1026;1041;1533;1664;2311
28115;1021;1041;1534;1649;2348
28155;1016;1042;1534;1637;2381
28185;1012;1042;1534;1633;2405
28225;1008;1042;1533;1624;2441
28265;1003;1042;1534;1615;2469
28305;1000;1042;1534;1605;2505
28335;995;1041;1533;1592;2526
28375;989;1041;1533;1599;2561
28415;986;1041;1533;1594;2603
28455;983;1041;1533;1585;2634
28485;981;1041;1532;1584;2650
28525;980;1042;1532;1587;2633
28565;979;1041;1532;1585;2633
28605;979;1041;1532;1576;2638
28635;979;1041;1531;1571;2638
28675;979;1041;1531;1569;2637
28705;979;1041;1531;1561;2640
28745;979;1041;1531;1556;2650
28785;977;1041;1531;1555;2631
28825;977;1041;1531;1558;2582
28865;976;1042;1530;1581;2512
28905;976;1042;1530;1586;2459
28935;976;1042;1530;1592;2425
28975;977;1041;1530;1612;2340
29015;977;1041;1530;1637;2229
29055;980;1041;1530;1662;2154
29085;982;1041;1530;1677;2096
29125;983;1041;1530;1698;2045
29165;983;1041;1530;1706;2006
29205;984;1041;1531;1714;1990
29235;984;1041;1531;1716;1970
29275;987;1041;1531;1723;1934
29315;993;1041;1531;1718;1903
29355;999;1041;1531;1719;1875
29385;1007;1041;1531;1723;1858
29425;1014;1041;1531;1718;1835
29455;1020;1041;1531;1726;1815
29495;1023;1041;1531;1720;1801
29535;1029;1041;1531;1734;1773
29575;1033;1041;1531;1744;1761
29615;1040;1040;1532;1731;1722
29655;1046;1041;1531;1742;1713
29685;1051;1041;1531;1746;1710
29725;1060;1041;1532;1736;1694
29765;1067;1042;1532;1745;1697
29805;1070;1041;1532;1746;1699
29835;1073;1041;1532;1740;1695
29875;1074;1041;1531;1741;1693
29915;1075;1041;1531;1747;1698
29955;1075;1041;1532;1739;1705
29985;1076;1041;1531;1733;1719
30025;1077;1041;1531;1720;1737
30065;1077;1041;1531;1681;1770
30105;1077;1042;1531;1671;1839
30135;1077;1042;1531;1664;1882
30175;1077;1041;1531;1658;1912
30205;1077;1041;1531;1655;1934
30245;1077;1042;1531;1641;1972
30285;1078;1042;1532;1621;2006
30325;1078;1042;1531;1617;2041
30365;1077;1042;1531;1607;2092
30405;1075;1042;1531;1592;2115
30435;1072;1042;1531;1586;2140
30475;1067;1042;1531;1580;2167
30515;1058;1042;1531;1575;2197
30555;1050;1042;1532;1574;2224
30585;1045;1042;1532;1572;2246
30625;1039;1042;1532;1559;2276
30665;1035;1042;1532;1551;2306
30705;1030;1042;1532;1547;2335
30735;1026;1041;1532;1542;2362
30775;1022;1041;1531;1536;2393
30815;1019;1041;1531;1531;2420
30855;1014;1041;1531;1527;2458
30885;1011;1041;1531;1526;2470
30925;1006;1041;1531;1510;2503
30955;1002;1041;1531;1505;2515
30995;1000;1041;1531;1511;2525
31035;999;1041;1532;1513;2521
31075;999;1041;1532;1508;2524
31115;998;1041;1532;1507;2520
31155;997;1041;1532;1502;2520
31185;997;1041;1532;1502;2519
31225;997;1041;1532;1494;2522
31265;996;1041;1532;1493;2493
31305;996;1041;1531;1500;2440
31335;995;1041;1531;1506;2408
31375;995;1042;1531;1524;2333
31415;996;1042;1531;1541;2232
31455;997;1042;1531;1543;2171
31485;998;1042;1531;1547;2124
31525;999;1042;1532;1555;2054
31565;999;1042;1532;1558;2007
31605;999;1042;1532;1554;1982
31635;1000;1042;1532;1554;1965
31675;1000;1041;1532;1559;1933
31705;1001;1042;1532;1561;1914
31745;1004;1042;1531;1569;1890
31785;1010;1042;1531;1606;1845
31825;1016;1042;1532;1616;1820
31865;1021;1042;1532;1626;1781
31905;1027;1042;1532;1630;1766
31935;1031;1042;1532;1626;1749
31975;1037;1042;1532;1639;1727
32015;1044;1042;1532;1643;1723
32055;1053;1042;1532;1658;1720
32085;1061;1042;1532;1676;1727
32125;1068;1041;1532;1675;1716
32165;1072;1041;1532;1681;1700
32205;1076;1040;1532;1680;1698
32235;1077;1041;1532;1682;1697
32275;1082;1041;1532;1689;1697
32315;1092;1041;1532;1703;1692
32355;1098;1040;1532;1699;1686
32385;1102;1040;1531;1701;1676
32425;1107;1041;1531;1698;1668
32465;1110;1048;1531;1696;1656
32505;1119;1052;1531;1669;1657
32535;1124;1053;1531;1653;1682
32575;1128;1054;1531;1644;1684
32615;1132;1055;1531;1636;1696
32655;1134;1056;1531;1636;1692
32685;1135;1056;1531;1642;1702
32725;1136;1057;1531;1633;1717
32765;1136;1058;1531;1627;1764
32805;1136;1057;1531;1628;1775
32835;1136;1057;1531;1618;1783
32875;1135;1057;1531;1599;1821
32915;1135;1057;1531;1594;1865
32955;1134;1057;1531;1580;1885
32985;1134;1057;1531;1578;1916
33025;1134;1057;1531;1580;1936
33065;1134;1057;1531;1577;1954
33105;1131;1057;1530;1574;1967
33135;1130;1057;1530;1574;1979
33175;1122;1057;1530;1560;2007
33215;1117;1058;1530;1558;2033
33255;1112;1058;1531;1558;2036
33285;1106;1058;1531;1557;2043
33325;1103;1058;1531;1561;2064
33365;1096;1058;1531;1562;2099
33405;1088;1058;1531;1550;2133
33435;1081;1058;1531;1552;2150
33475;1076;1058;1531;1550;2179
33515;1073;1058;1531;1538;2220
33555;1067;1058;1531;1537;2254
33585;1059;1058;1531;1533;2275
33625;1052;1058;1531;1520;2305
33665;1046;1058;1532;1513;2334
33705;1043;1057;1532;1503;2371
33735;1038;1057;1532;1508;2397
33775;1032;1057;1531;1504;2437
33815;1026;1056;1531;1502;2469
33855;1023;1056;1531;1492;2492
33885;1021;1056;1531;1489;2509
33925;1019;1056;1531;1484;2525
33965;1017;1057;1531;1487;2525
34005;1016;1057;1531;1482;2519
34035;1015;1057;1531;1494;2515
34075;1014;1057;1531;1496;2515
34115;1014;1057;1531;1496;2523
34155;1014;1057;1532;1497;2519
34185;1014;1057;1532;1498;2480
34225;1015;1057;1531;1505;2406
34255;1015;1057;1531;1511;2337
34295;1015;1057;1531;1521;2227
34335;1016;1057;1531;1534;2167
34375;1017;1057;1531;1543;2099
34415;1018;1058;1531;1564;2035
34455;1020;1058;1531;1574;2001
34485;1022;1057;1531;1576;1981
34525;1023;1057;1531;1589;1957
34565;1023;1057;1531;1592;1942
34605;1025;1058;1532;1605;1926
34635;1027;1058;1532;1618;1898
34675;1031;1058;1531;1618;1874
34715;1035;1058;1531;1629;1861
34755;1041;1058;1532;1624;1841
34785;1046;1057;1532;1629;1828
34825;1057;1057;1531;1633;1809
34865;1065;1057;1531;1635;1802
34905;1070;1057;1531;1643;1791
34935;1075;1057;1531;1647;1785
34975;1080;1057;1531;1664;1778
35015;1088;1057;1531;1652;1784
35055;1095;1057;1531;1669;1775
35085;1099;1057;1531;1665;1761
35125;1105;1057;1531;1668;1750
35165;1110;1057;1531;1674;1744
35205;1111;1058;1532;1676;1731
35235;1117;1058;1531;1682;1719
35275;1123;1058;1531;1685;1698
35315;1130;1057;1531;1693;1691
35355;1137;1057;1531;1693;1673
35385;1143;1060;1532;1693;1685
35425;1149;1067;1531;1694;1657
35465;1158;1071;1531;1698;1656
35505;1167;1074;1531;1705;1624
35535;1172;1076;1531;1712;1620
35575;1176;1078;1531;1720;1605
35615;1180;1078;1531;1726;1607
35655;1183;1079;1532;1729;1614
35685;1185;1080;1531;1728;1622
35725;1186;1080;1531;1717;1666
35765;1187;1080;1531;1699;1710
35805;1187;1080;1531;1694;1728
35835;1187;1080;1531;1682;1756
35875;1186;1081;1532;1674;1774
35915;1182;1081;1531;1667;1792
35955;1182;1081;1531;1647;1805
35985;1180;1081;1531;1637;1824
36025;1180;1081;1531;1635;1846
36065;1180;1081;1531;1618;1867
36105;1180;1081;1532;1618;1887
36135;1180;1081;1532;1619;1907
36175;1176;1081;1532;1615;1927
36215;1173;1082;1532;1598;1943
36255;1168;1082;1532;1595;1926
36285;1163;1082;1532;1589;1971
36325;1156;1082;1532;1586;1989
36365;1151;1082;1532;1581;2027
36405;1141;1082;1532;1578;2058
36435;1135;1082;1533;1575;2071
36475;1129;1082;1532;1572;2096
36515;1121;1082;1533;1572;2122
36555;1117;1082;1533;1572;2146
36585;1109;1081;1534;1565;2149
36625;1104;1081;1534;1559;2180
36665;1100;1081;1534;1552;2212
36705;1091;1081;1534;1547;2249
36735;1083;1081;1534;1539;2266
36775;1077;1080;1534;1542;2308
36815;1075;1080;1534;1540;2336
36855;1071;1079;1535;1532;2375
36885;1065;1079;1535;1526;2405
36925;1055;1079;1535;1522;2451
36965;1050;1079;1535;1521;2474
37005;1046;1080;1535;1514;2489
37035;1041;1080;1535;1514;2505
37075;1037;1079;1535;1507;2518
37115;1035;1078;1535;1509;2521
37155;1033;1078;1536;1511;2507
37185;1033;1078;1536;1510;2508
37225;1033;1078;1536;1507;2506
37265;1031;1078;1536;1501;2501
37305;1029;1078;1536;1503;2455
37335;1028;1078;1535;1504;2391
37375;1028;1078;1535;1512;2319
37415;1027;1078;1535;1516;2230
37455;1028;1078;1534;1527;2133
37485;1031;1078;1535;1529;2101
37525;1032;1078;1535;1552;2032
37565;1032;1078;1536;1567;1999
37605;1033;1078;1536;1584;1956
37635;1035;1078;1536;1589;1936
37675;1035;1078;1536;1593;1920
37715;1036;1079;1535;1600;1901
37755;1040;1079;1535;1602;1870
37785;1045;1080;1535;1608;1860
37825;1054;1080;1535;1610;1841
37865;1064;1080;1535;1613;1829
37905;1070;1080;1536;1636;1809
37935;1075;1080;1536;1645;1794
37975;1081;1080;1536;1649;1791
38015;1090;1080;1536;1653;1787
38055;1096;1080;1536;1659;1773
38085;1102;1080;1536;1657;1770
38095;1105;1080;1536;1653;1777
38135;1109;1079;1536;1655;1759
38175;1111;1080;1536;1662;1750
38205;1117;1080;1536;1665;1750
38245;1123;1080;1536;1672;1728
38285;1127;1080;1536;1673;1721
38325;1131;1079;1536;1678;1697
38355;1135;1079;1536;1680;1694
38395;1142;1079;1536;1694;1683
38435;1149;1079;1536;1701;1662
38475;1159;1079;1536;1703;1640
38515;1167;1079;1536;1709;1632
38595;1174;1080;1533;1712;1622
38635;1177;1080;1531;1707;1623
38675;1181;1081;1531;1705;1629
38715;1183;1081;1531;1701;1659
38755;1184;1081;1531;1683;1669
38765;1184;1082;1532;1675;1693
38795;1184;1081;1532;1666;1721
38835;1184;1081;1532;1653;1744
38875;1183;1081;1532;1646;1770
38915;1184;1082;1533;1643;1788
38935;1184;1082;1533;1637;1792
38955;1184;1082;1533;1629;1804
38965;1183;1082;1533;1625;1807