
47924;765;668;883;2635;2039
48044;1147;1001;1324;2636;2046
48084;1338;1168;1544;2641;2045
48114;1434;1252;1654;2636;2053
48154;1481;1293;1710;2632;2073
48194;1504;1314;1738;2631;2084
48234;1513;1325;1751;2628;2098
48264;1515;1330;1758;2629;2108
48304;1513;1333;1761;2621;2124
48344;1510;1334;1761;2615;2138
48384;1507;1334;1762;2615;2153
48414;1500;1334;1760;2602;2169
48454;1491;1335;1758;2600;2188
48494;1485;1335;1757;2598;2210
48524;1480;1335;1757;2595;2222
48564;1474;1334;1756;2571;2243
48604;1458;1328;1755;2586;2233
48644;1454;1322;1755;2560;2249
48684;1445;1315;1753;2556;2254
48714;1431;1310;1752;2553;2258
48754;1424;1303;1752;2557;2275
48794;1415;1289;1751;2548;2275
48834;1408;1283;1750;2540;2285
48864;1398;1276;1750;2523;2288
48904;1386;1270;1749;2524;2303
48944;1381;1266;1749;2506;2315
48984;1371;1256;1748;2483;2316
49014;1350;1251;1746;2466;2316
49054;1341;1243;1745;2460;2327
49094;1338;1237;1744;2444;2339
49134;1330;1225;1744;2415;2341
49164;1322;1213;1742;2405;2347
49204;1312;1211;1742;2411;2354
49244;1308;1207;1741;2418;2365
49284;1300;1194;1741;2402;2366
49324;1292;1182;1739;2398;2389
49364;1281;1180;1737;2398;2394
49404;1271;1172;1734;2399;2406
49434;1265;1168;1732;2373;2417
49474;1259;1162;1731;2370;2451
49514;1254;1158;1730;2366;2476
49554;1244;1144;1728;2365;2491
49584;1238;1139;1727;2359;2515
49614;1232;1127;1727;2349;2540
49654;1218;1123;1725;2347;2551
49694;1206;1118;1723;2346;2564
49734;1203;1113;1723;2334;2583
49764;1200;1110;1723;2341;2587
49804;1192;1103;1723;2343;2612
49844;1184;1097;1722;2344;2623
49884;1177;1094;1722;2333;2646
49924;1169;1085;1722;2332;2640
49964;1161;1079;1722;2316;2698
50004;1152;1073;1721;2321;2703
50034;1146;1067;1720;2314;2730
50074;1139;1060;1720;2329;2738
50114;1134;1052;1719;2323;2756
50154;1129;1047;1718;2312;2779
50184;1122;1045;1718;2308;2802
50224;1117;1034;1717;2319;2815
50264;1112;1029;1717;2321;2841
50304;1107;1026;1716;2328;2847
50334;1103;1022;1714;2318;2865
50374;1095;1015;1712;2316;2874
50414;1088;1009;1711;2311;2903
50454;1083;1003;1710;2313;2917
50484;1079;996;1708;2298;2963
50524;1074;990;1708;2297;3004
50564;1070;984;1707;2306;3040
50604;1063;979;1706;2315;3060
50634;1058;976;1706;2303;3072
50674;1053;972;1705;2297;3102
50714;1045;967;1705;2293;3116
50754;1039;961;1706;2291;3131
50784;1036;955;1705;2294;3148
50814;1032;950;1705;2299;3154
50854;1028;945;1704;2294;3179
50894;1025;941;1704;2298;3205
50934;1021;936;1703;2298;3227
50974;1018;931;1703;2297;3237
51014;1013;927;1703;2302;3266
51054;1008;922;1702;2303;3290
51084;1005;918;1701;2308;3295
51124;1002;916;1700;2312;3285
51164;1001;915;1700;2329;3322
51204;1000;915;1701;2343;3303
51234;1000;915;1701;2344;3303
51264;999;915;1701;2349;3297
51304;999;915;1701;2352;3302
51344;999;915;1700;2359;3297
51374;999;915;1701;2354;3293
51384;999;915;1701;2352;3284
51424;998;915;1701;2369;3228
51464;999;915;1701;2367;3146
51504;999;915;1701;2383;3041
51534;999;915;1701;2383;2994
51564;999;915;1701;2386;2940
51604;999;915;1700;2383;2861
51644;999;915;1700;2407;2745
51684;1000;915;1700;2422;2660
51724;1004;915;1700;2428;2560
51764;1009;915;1700;2433;2498
51804;1014;916;1700;2456;2415
51834;1019;916;1701;2462;2371
51864;1023;916;1701;2466;2346
51904;1026;916;1701;2469;2306
51944;1030;916;1701;2472;2290
51984;1035;916;1701;2477;2273
52024;1038;916;1702;2480;2277
52064;1040;916;1702;2480;2282
52104;1041;916;1701;2483;2288
52134;1042;917;1702;2479;2288
52174;1042;916;1702;2470;2332
52214;1042;916;1702;2461;2393
52254;1041;916;1702;2441;2485
52284;1039;916;1703;2440;2525
52324;1037;916;1703;2412;2584
52364;1035;916;1702;2412;2643
52404;1033;916;1702;2398;2707
52434;1030;916;1702;2392;2748
52474;1028;916;1702;2387;2791
52514;1026;916;1701;2369;2845
52554;1022;916;1702;2364;2879
52584;1019;916;1701;2363;2910
52624;1018;915;1701;2351;2950
52664;1015;914;1701;2351;3000
52704;1010;913;1701;2341;3046
52734;1006;910;1701;2348;3064
52774;1002;909;1700;2338;3115
52814;1000;908;1700;2331;3161
52854;996;907;1700;2323;3208
52884;993;907;1699;2326;3230
52924;986;905;1698;2324;3250
52964;983;900;1698;2330;3261
53004;982;895;1697;2324;3307
53034;981;893;1697;2327;3330
53064;981;892;1696;2331;3338
53104;981;891;1697;2329;3351
53144;981;890;1697;2329;3356
53184;980;890;1696;2332;3353
53224;979;890;1696;2332;3352
53264;979;890;1696;2341;3349
53304;979;890;1696;2341;3350
53334;979;890;1696;2343;3345
53364;978;890;1696;2343;3350
53404;979;889;1696;2342;3345
53444;979;889;1696;2340;3345
53484;979;890;1696;2345;3343
53524;979;890;1695;2349;3339
53564;978;890;1695;2371;3353
53604;978;889;1696;2370;3316
53634;979;889;1697;2383;3259
53674;979;889;1697;2383;3153
53714;979;890;1697;2400;3008
53754;979;890;1697;2405;2898
53784;979;890;1697;2411;2856
53824;979;890;1696;2416;2823
53864;980;890;1697;2424;2745
53904;981;890;1696;2439;2673
53934;982;890;1696;2446;2610
53974;982;890;1696;2462;2550
54014;988;890;1696;2477;2488
54054;993;890;1696;2481;2437
54094;997;890;1696;2484;2383
54124;1003;890;1696;2489;2366
54164;1008;890;1696;2499;2352
54204;1011;890;1697;2502;2346
54244;1013;890;1697;2503;2336
54274;1014;890;1697;2504;2349
54314;1015;890;1697;2503;2350
54354;1016;890;1698;2503;2358
54384;1016;890;1698;2507;2358
54424;1016;890;1698;2500;2384
54464;1016;890;1698;2490;2454
54504;1016;890;1697;2484;2532
54534;1016;891;1698;2470;2588
54574;1016;890;1699;2452;2663
54614;1016;890;1698;2440;2739
54654;1014;890;1698;2430;2814
54684;1009;890;1698;2423;2851
54714;1006;890;1699;2420;2886
54754;1002;890;1698;2403;2943
54794;998;890;1698;2399;3005
54834;993;891;1698;2384;3066
54864;986;891;1698;2383;3097
54904;983;890;1698;2372;3155
54944;981;890;1698;2371;3194
54984;981;890;1696;2362;3254
55024;979;889;1696;2363;3293
55064;978;889;1696;2360;3335
55104;976;889;1695;2359;3364
55134;975;888;1696;2361;3381
55174;971;888;1695;2356;3394
55214;969;887;1695;2360;3391
55254;968;887;1696;2361;3388
55284;967;887;1696;2365;3384
55324;967;886;1696;2363;3381
55364;967;886;1696;2365;3381
55404;967;886;1696;2367;3382
55434;967;886;1696;2367;3378
55464;967;887;1695;2366;3382
55504;967;887;1696;2368;3384
55544;967;887;1696;2387;3378
55584;967;887;1696;2402;3327
55624;968;887;1695;2406;3252
55664;968;888;1695;2415;3138
55704;968;888;1695;2422;2967
55734;968;888;1696;2426;2909
55774;969;888;1696;2427;2840
55814;972;888;1696;2433;2807
55854;975;888;1696;2448;2752
55884;977;888;1695;2456;2687
55924;980;888;1695;2461;2634
55964;982;888;1695;2480;2559
56004;984;888;1695;2489;2498
56044;990;889;1695;2492;2435
56074;993;889;1696;2495;2407
56114;998;889;1697;2513;2382
56154;1003;888;1698;2515;2365
56194;1007;888;1697;2520;2356
56224;1009;888;1697;2521;2365
56264;1010;888;1697;2512;2373
56304;1011;888;1696;2513;2372
56334;1012;888;1697;2512;2372
56374;1012;888;1698;2496;2376
56424;1012;888;1698;2489;2444
56464;1013;888;1697;2474;2519
56524;1011;888;1697;2437;2633
56564;1008;888;1697;2427;2692
56604;1007;888;1697;2422;2764
56634;1006;888;1697;2423;2796
56674;1004;889;1697;2399;2853
56714;1001;889;1697;2401;2886
56754;998;889;1697;2390;2937
56784;995;888;1696;2395;2957
56824;988;888;1696;2379;3009
56864;984;888;1697;2386;3061
56904;981;888;1697;2383;3111
56934;981;888;1697;2382;3146
56974;981;888;1697;2383;3182
57014;981;888;1697;2379;3229
57054;980;888;1697;2382;3281
57084;979;888;1697;2382;3312
57124;978;887;1696;2383;3343
57164;975;887;1695;2382;3362
57194;971;887;1695;2385;3366
57234;969;887;1695;2390;3379
57274;968;887;1696;2389;3385
57314;967;887;1695;2390;3383
57354;967;887;1695;2396;3374
57384;967;887;1695;2397;3378
57424;967;887;1694;2399;3377
57464;966;887;1695;2402;3378
57504;966;887;1695;2402;3374
57534;966;887;1695;2406;3375
57574;966;887;1695;2409;3374
57614;966;887;1695;2408;3372
57654;966;887;1695;2409;3370
57684;966;887;1695;2412;3371
57724;965;887;1695;2412;3370
57764;965;887;1695;2416;3337
57804;965;887;1694;2425;3272
57834;964;887;1694;2423;3189
57874;965;887;1695;2445;3056
57914;966;888;1695;2455;2935
57954;966;888;1695;2467;2845
57994;968;888;1695;2468;2805
58024;969;887;1694;2479;2778
58064;973;887;1695;2490;2698
58104;975;888;1695;2503;2621
58134;979;888;1695;2518;2566
58174;981;888;1695;2523;2492
58214;985;888;1695;2522;2442
58254;991;888;1695;2535;2397
58284;994;888;1695;2542;2385
58324;996;888;1695;2545;2371
58364;998;888;1696;2544;2373
58404;1000;888;1695;2542;2379
58444;1002;888;1695;2538;2380
58474;1003;888;1696;2537;2384
58514;1003;888;1697;2534;2388
58554;1002;887;1696;2518;2426
58584;1002;887;1696;2509;2484
58624;1002;887;1696;2501;2567
58664;1002;888;1696;2468;2646
58704;1000;888;1696;2456;2716
58744;999;888;1696;2447;2798
58774;999;888;1696;2445;2852
58814;995;888;1695;2430;2900
58854;988;888;1696;2416;2954
58884;984;888;1695;2408;2997
58924;982;888;1695;2405;3068
58964;981;888;1695;2400;3138
59004;981;887;1695;2395;3194
59034;979;887;1694;2391;3250
59074;978;887;1694;2388;3296
59114;972;885;1694;2393;3321
59154;969;884;1694;2389;3355
59184;967;883;1694;2388;3377
59224;965;881;1694;2386;3396
59264;962;880;1693;2386;3403
59304;961;880;1693;2393;3393
59314;960;880;1693;2393;3390
59394;960;881;1694;2392;3386
59444;960;881;1693;2395;3387
59484;960;881;1693;2392;3384
59524;960;881;1692;2396;3382
59564;960;881;1693;2400;3378
59604;960;881;1693;2417;3394
59634;960;880;1693;2418;3364
59664;961;880;1693;2432;3325
59704;961;880;1693;2437;3278
59744;960;880;1693;2439;3191
59784;960;880;1693;2442;3076
59824;961;880;1694;2447;2957
59864;961;880;1693;2461;2875
59904;963;880;1693;2467;2803
59934;965;880;1694;2470;2776
59974;967;880;1694;2479;2749
60014;969;880;1694;2491;2675
60054;972;881;1693;2506;2625
60084;975;881;1693;2518;2573
60124;979;881;1694;2528;2510
60164;980;881;1695;2531;2454
60204;983;881;1695;2537;2407
60234;990;881;1694;2538;2398
60274;994;881;1694;2544;2391
60314;995;881;1695;2546;2394
60354;996;881;1694;2549;2399
60384;997;881;1694;2552;2404
60424;997;881;1694;2552;2408
60464;997;881;1694;2554;2412
60504;998;881;1694;2559;2419
60534;998;881;1695;2554;2453
60574;998;881;1695;2543;2531
60614;998;881;1695;2525;2593
60654;999;881;1695;2509;2673
60684;998;880;1696;2503;2726
60724;996;880;1695;2487;2791
60764;994;880;1695;2471;2842
60804;990;880;1695;2456;2894
60834;985;881;1695;2448;2918
60874;983;881;1695;2441;2952
60914;982;881;1695;2434;2992
60954;982;881;1694;2426;3038
60984;981;881;1694;2418;3069
61024;980;881;1694;2411;3133
61064;979;880;1693;2405;3184
61104;978;880;1692;2405;3230
61134;974;880;1693;2401;3256
61174;971;880;1693;2393;3290
61214;969;880;1694;2392;3318
61254;967;881;1694;2396;3346
61284;965;881;1693;2394;3366
61324;963;881;1693;2395;3385
61364;962;881;1693;2395;3399
61404;960;881;1692;2395;3406
61434;960;881;1693;2399;3406
61474;959;881;1693;2405;3402
61514;959;881;1693;2405;3399
61554;959;881;1693;2405;3395
61574;960;881;1693;2408;3395
61584;960;881;1693;2406;3397
61624;960;881;1692;2407;3396
61664;960;881;1692;2408;3394
61704;959;881;1692;2409;3394
61734;959;881;1692;2410;3394
61764;960;881;1692;2409;3394
61804;960;881;1693;2409;3393
61844;959;880;1693;2411;3391
61884;959;880;1693;2415;3392
61924;959;880;1693;2424;3359
61964;959;880;1693;2441;3284
62004;960;880;1692;2451;3192
62034;961;880;1693;2454;3072
62074;961;880;1692;2470;2969
62114;961;881;1692;2482;2884
62154;962;881;1692;2498;2826
62184;963;881;1692;2514;2786
62224;963;881;1693;2530;2755
62264;966;881;1693;2538;2679
62304;971;881;1693;2547;2620
62334;974;881;1693;2552;2575
62374;978;881;1693;2569;2511
62414;981;881;1693;2565;2462
62454;982;881;1693;2559;2429
62484;985;881;1693;2562;2420
62524;990;881;1694;2562;2413
62564;993;881;1694;2561;2415
62604;994;881;1695;2555;2417
62634;995;881;1694;2557;2426
62674;996;881;1695;2566;2420
62714;996;881;1695;2555;2428
62754;997;881;1694;2551;2461
62784;997;881;1694;2535;2506
62824;997;881;1694;2514;2589
62864;995;881;1694;2486;2676
62904;992;881;1694;2484;2747
62934;990;881;1694;2475;2813
62974;985;881;1694;2453;2876
63014;983;881;1694;2455;2931
63054;981;881;1693;2454;2976
63084;981;881;1693;2461;3018
63124;980;881;1693;2449;3078
63164;978;881;1692;2450;3147
63204;975;881;1692;2442;3238
63234;971;881;1692;2446;3264
63274;969;881;1691;2429;3316
63314;966;881;1691;2430;3346
63354;963;881;1691;2425;3373
63384;961;881;1691;2423;3386
63424;960;880;1691;2402;3419
63464;959;880;1690;2408;3417
63504;958;875;1690;2421;3373
63534;959;872;1690;2425;3366
63574;959;872;1690;2426;3366
63614;960;871;1691;2428;3362
63654;959;871;1691;2427;3357
63684;958;871;1690;2419;3358
63724;958;870;1690;2426;3359
63764;958;871;1690;2427;3358
63804;958;871;1690;2430;3358
63834;959;871;1689;2429;3360
63874;959;871;1690;2432;3358
63914;959;870;1690;2438;3352
63954;959;870;1690;2437;3316
63984;959;870;1691;2440;3272
64024;959;870;1691;2445;3149
64064;959;870;1691;2461;3038
64104;959;871;1691;2489;2942
64134;959;871;1690;2499;2884
64174;960;871;1690;2521;2811
64214;960;871;1690;2532;2772
64254;961;871;1690;2535;2705
64284;964;871;1690;2549;2643
64314;967;872;1690;2555;2596
64354;972;872;1691;2569;2523
64394;975;872;1691;2570;2479
64434;978;872;1691;2582;2438
64474;980;872;1691;2588;2428
64514;981;872;1691;2591;2425
64554;981;872;1691;2583;2426
64584;982;871;1692;2589;2431
64624;982;871;1692;2580;2431
64664;981;871;1692;2588;2433
64704;981;871;1693;2582;2449
64734;982;871;1693;2578;2477
64774;983;871;1693;2556;2551
64814;983;871;1693;2539;2631
64854;982;871;1693;2533;2714
64884;982;871;1693;2526;2759
64924;981;871;1692;2519;2839
64964;981;871;1692;2506;2882
65004;981;871;1692;2502;2931
65044;981;871;1692;2493;2969
65074;980;871;1692;2485;2989
65114;979;871;1692;2461;3025
65224;973;871;1691;2480;3143
65264;969;871;1690;2477;3161
65304;966;871;1690;2450;3209
65344;963;871;1690;2447;3226
65374;961;871;1690;2438;3244
65414;959;871;1689;2444;3259
65454;958;870;1690;2427;3285
65484;958;870;1689;2425;3303
65524;954;862;1689;2424;3222
28;951;856;1689;2416;3242
68;948;854;1689;2421;3264
98;945;853;1688;2420;3293
138;942;853;1689;2419;3295
178;940;853;1690;2417;3311
218;939;853;1689;2418;3313
248;938;851;1689;2413;3324
278;938;849;1689;2414;3330
318;938;848;1688;2413;3343
358;938;847;1688;2407;3375
398;937;845;1688;2413;3368
438;937;843;1688;2403;3400
478;936;842;1688;2402;3428
518;935;840;1689;2394;3430
548;934;839;1689;2393;3422
578;933;839;1688;2396;3418
618;933;839;1688;2404;3419
658;933;838;1689;2413;3417
698;933;838;1689;2411;3419
738;933;838;1690;2416;3419
778;934;838;1689;2414;3422
818;934;838;1688;2420;3415
858;933;838;1689;2417;3413
888;933;838;1689;2425;3419
928;933;838;1689;2425;3422
968;933;838;1689;2424;3416
998;933;837;1689;2420;3408
1038;933;838;1689;2420;3412
1078;934;838;1689;2430;3412
1118;934;838;1689;2433;3410
1148;933;838;1689;2430;3412
1178;933;838;1689;2424;3412
1218;933;838;1689;2422;3396
1258;933;838;1689;2422;3352
1298;933;838;1689;2435;3265
1338;933;838;1689;2443;3156
1378;933;838;1688;2470;3049
1418;933;838;1689;2497;2955
1448;933;838;1689;2501;2913
1478;934;838;1689;2504;2856
1518;935;838;1689;2514;2797
1558;937;838;1689;2530;2748
1598;938;838;1689;2532;2721
1638;939;838;1689;2532;2692
1678;942;838;1690;2538;2628
1718;948;839;1689;2539;2591
1748;953;839;1689;2567;2550
1788;957;839;1689;2584;2512
1828;960;839;1689;2580;2481
1868;963;838;1689;2576;2463
1898;966;838;1689;2571;2464
1938;968;838;1690;2580;2471
1978;969;838;1690;2587;2475
2018;969;839;1691;2589;2478
2048;969;839;1690;2590;2483
2088;969;839;1689;2589;2488
2128;969;839;1689;2595;2490
2168;969;839;1690;2593;2528
2198;969;839;1690;2588;2559
2238;969;839;1690;2568;2616
2278;968;839;1689;2542;2680
2318;966;839;1690;2532;2754
2348;965;838;1690;2531;2798
2388;964;839;1690;2513;2880
2428;962;839;1690;2512;2929
2468;960;838;1690;2482;2969
2498;959;838;1689;2481;2999
2538;957;838;1689;2472;3047
2578;953;839;1689;2479;3101
2618;949;839;1689;2455;3144
2648;944;839;1689;2443;3190
2678;941;839;1689;2456;3212
2718;939;839;1690;2473;3233
2758;939;839;1690;2477;3229
2798;939;839;1690;2467;3230
2838;939;839;1690;2456;3244
2878;938;839;1689;2462;3252
2918;939;839;1688;2446;3254
2948;939;838;1689;2439;3252
2988;938;838;1689;2434;3258
3028;938;838;1689;2438;3267
3068;937;838;1688;2444;3282
3108;936;838;1688;2432;3301
3138;935;839;1688;2424;3323
3178;934;839;1688;2407;3377
3218;932;833;1688;2405;3331
3258;930;830;1688;2415;3316
3288;929;828;1688;2419;3320
3328;929;828;1688;2421;3325
3368;929;828;1688;2419;3331
3408;928;828;1688;2420;3329
3438;929;828;1688;2422;3324
3478;929;828;1688;2420;3326
3518;929;828;1688;2429;3327
3558;929;828;1688;2446;3317
3588;929;828;1688;2449;3310
3628;929;828;1687;2440;3304
3668;929;827;1688;2436;3307
3698;929;827;1688;2436;3309
3738;929;827;1688;2457;3292
3778;929;828;1688;2467;3312
3818;930;828;1688;2467;3308
3848;929;828;1688;2453;3314
3888;929;828;1688;2453;3303
3928;929;828;1688;2446;3314
3968;929;828;1687;2443;3313
3998;929;828;1688;2452;3313
4028;929;828;1687;2464;3298
4068;929;828;1687;2490;3235
4108;929;827;1688;2499;3180
4148;930;827;1688;2498;3102
4188;930;827;1688;2511;3032
4228;930;827;1688;2537;2958
4268;930;828;1688;2548;2900
4308;932;828;1688;2582;2834
4338;933;828;1688;2587;2783
4378;934;828;1688;2591;2726
4418;936;828;1689;2581;2709
4448;937;828;1689;2585;2682
4488;938;828;1690;2597;2626
4528;939;828;1689;2603;2569
4568;945;828;1689;2600;2526
4598;951;828;1689;2593;2503
4638;955;828;1689;2595;2479
4678;957;828;1689;2585;2472
4718;958;828;1689;2575;2479
4758;959;828;1689;2569;2488
4788;959;828;1689;2581;2497
4828;960;828;1689;2585;2503
4868;961;828;1689;2578;2502
4908;961;828;1689;2575;2504
4938;961;828;1689;2565;2523
4978;961;828;1689;2566;2582
5018;961;829;1689;2540;2659
5058;960;829;1689;2532;2739
5088;958;828;1689;2528;2796
5128;958;828;1689;2518;2882
5168;957;829;1689;2503;2919
5208;952;829;1689;2499;2960
5238;949;829;1689;2490;2983
5278;944;828;1689;2473;3020
5318;941;829;1689;2468;3046
5348;939;829;1689;2451;3064
5388;938;828;1689;2439;3092
5428;938;828;1689;2436;3095
5468;938;828;1689;2434;3088
5508;938;828;1689;2432;3081
5538;938;828;1689;2427;3078
5578;938;828;1689;2429;3075
5618;938;827;1688;2427;3080
5658;938;827;1689;2422;3082
5688;938;826;1688;2430;3098
5728;937;826;1688;2436;3101
5768;936;824;1689;2435;3113
5808;935;824;1688;2432;3155
5838;934;824;1688;2434;3195
5878;932;824;1688;2442;3225
5918;932;823;1689;2441;3267
5958;931;823;1689;2435;3314
6038;930;823;1689;2433;3307
6078;929;823;1689;2436;3306
6118;929;823;1689;2437;3305
6198;929;822;1689;2438;3299
6238;928;822;1689;2441;3303
6278;928;823;1689;2449;3301
6318;928;823;1689;2459;3302
6358;928;823;1689;2467;3304
6388;928;823;1689;2468;3304
6428;928;823;1689;2464;3297
6468;928;822;1689;2459;3300
6508;928;822;1689;2464;3297
6538;928;822;1689;2456;3295
6578;928;822;1689;2453;3294
6618;928;823;1689;2443;3298
6658;928;823;1689;2452;3289
6688;928;823;1688;2452;3264
6728;927;823;1688;2455;3209
6768;928;823;1687;2464;3123
6808;928;823;1687;2477;3044
6838;928;823;1688;2482;2983
6878;929;823;1688;2504;2907
6918;929;823;1688;2528;2830
6958;931;823;1689;2539;2753
6988;932;823;1688;2553;2724
7028;932;823;1688;2567;2692
7068;934;823;1689;2574;2646
7108;936;823;1689;2590;2577
7138;938;823;1689;2595;2539
7178;941;823;1690;2596;2496
7218;948;823;1690;2608;2451
7258;954;823;1690;2611;2417
7288;957;823;1689;2611;2391
7328;961;823;1689;2612;2369
7368;965;823;1689;2624;2330
7408;968;823;1689;2633;2299
7438;971;823;1690;2633;2292
7478;973;823;1692;2644;2259
7518;977;823;1692;2630;2233
7558;980;823;1693;2632;2199
7588;981;823;1693;2629;2192
7628;989;823;1694;2643;2182
7668;993;823;1694;2654;2165
7708;999;823;1694;2663;2147
7738;1005;823;1695;2665;2136
7778;1011;823;1695;2676;2122
7818;1016;823;1696;2681;2112
7858;1020;823;1695;2706;2097
7888;1023;823;1696;2709;2090
7928;1028;823;1695;2722;2061
7968;1032;823;1696;2732;2048
8008;1038;823;1695;2753;2039
8038;1044;823;1696;2760;2028
8078;1051;824;1696;2778;2031
8118;1060;823;1695;2787;2014
8158;1067;823;1696;2793;2001
8188;1071;823;1696;2801;2003
8228;1075;824;1695;2809;1989
8268;1080;824;1695;2800;1992
8308;1083;823;1696;2808;1978
8338;1089;823;1696;2813;1956
8378;1096;823;1696;2819;1946
8418;1103;823;1696;2829;1945
8458;1108;823;1697;2831;1935
8488;1115;824;1696;2843;1929
8528;1121;824;1695;2855;1923
8568;1125;824;1695;2862;1910
8608;1132;824;1695;2868;1902
8638;1140;823;1696;2868;1889
8678;1148;823;1697;2892;1870
8718;1155;823;1697;2886;1864
8758;1164;823;1696;2904;1853
8788;1169;823;1695;2899;1853
8828;1178;823;1696;2907;1847
8868;1186;823;1696;2913;1834
8908;1193;823;1696;2932;1834
8938;1197;823;1698;2925;1827
8978;1201;823;1700;2937;1805
9018;1210;823;1702;2945;1797
9058;1220;823;1704;2957;1795
9088;1226;823;1707;2964;1781
9128;1229;823;1712;2961;1773
9158;1231;823;1715;2962;1780
9198;1235;824;1716;2959;1784
9238;1237;824;1717;2967;1783
9278;1238;824;1718;2963;1783
9318;1239;824;1719;2938;1814
9358;1239;824;1719;2889;1881
9388;1238;824;1719;2835;1909
9428;1238;824;1719;2815;1947
9468;1237;824;1719;2792;1971
9508;1236;824;1719;2771;1986
9538;1235;824;1719;2769;1984
9578;1230;824;1719;2741;2010
9618;1218;824;1720;2731;2028
9658;1210;823;1720;2724;2048
9688;1205;823;1719;2726;2062
9728;1199;824;1719;2717;2078
9768;1192;824;1719;2712;2090
9808;1185;824;1719;2698;2097
9838;1179;824;1719;2691;2110
9878;1174;823;1719;2694;2136
9918;1166;823;1719;2695;2138
9958;1158;823;1719;2677;2156
9988;1153;824;1719;2674;2179
10028;1144;824;1719;2664;2193
10068;1137;824;1719;2658;2218
10108;1132;824;1719;2660;2212
10138;1129;824;1719;2628;2233
10178;1125;824;1719;2626;2242
10218;1119;824;1719;2614;2251
10258;1114;824;1719;2609;2265
10288;1109;824;1719;2608;2281
10328;1104;824;1719;2603;2305
10368;1093;824;1720;2596;2320
10408;1086;824;1719;2590;2347
10438;1082;824;1720;2581;2367
10478;1077;824;1720;2578;2395
10518;1071;824;1720;2569;2415
10558;1067;824;1720;2569;2444
10588;1062;824;1719;2564;2457
10628;1054;824;1720;2565;2478
10668;1049;824;1719;2566;2487
10708;1046;824;1719;2562;2491
10738;1044;824;1719;2564;2486
10778;1044;824;1720;2565;2486
10818;1043;824;1720;2570;2474
10858;1043;824;1720;2567;2476
10888;1043;823;1719;2573;2470
10928;1043;823;1719;2573;2444
10968;1044;823;1719;2592;2382
11008;1043;823;1719;2608;2302
11038;1044;823;1720;2626;2253
11078;1044;823;1720;2646;2214
11118;1047;824;1720;2666;2186
11158;1056;824;1721;2674;2156
11188;1063;824;1720;2693;2142
11228;1068;824;1720;2704;2117
11268;1073;824;1720;2717;2094
11308;1076;824;1720;2724;2077
11338;1084;824;1720;2746;2064
11378;1092;824;1721;2757;2040
11418;1098;824;1721;2775;2026
11458;1104;824;1721;2782;2019
11488;1107;824;1720;2784;2018
11528;1110;824;1721;2790;2016
11568;1117;824;1720;2798;1992
11608;1123;824;1720;2810;1982
11638;1127;824;1721;2821;1974
11678;1134;824;1721;2840;1961
11718;1141;824;1722;2850;1946
11758;1149;825;1721;2862;1934
11788;1156;824;1720;2874;1930
11828;1163;824;1720;2879;1911
11868;1168;824;1721;2895;1903
11908;1177;824;1720;2902;1883
11938;1184;824;1720;2905;1875
11978;1191;824;1720;2918;1865
12018;1195;824;1721;2933;1863
12058;1200;825;1721;2943;1849
12088;1203;824;1721;2949;1843
12128;1215;824;1721;2960;1827
12168;1223;824;1722;2973;1820
12208;1228;824;1721;2985;1813
12238;1237;824;1721;2984;1811
12278;1242;824;1720;2986;1802
12318;1243;825;1721;2984;1815
12358;1244;825;1721;2994;1820
12388;1244;825;1721;2987;1822
12428;1244;824;1721;2981;1827
12468;1246;824;1721;2930;1891
12508;1246;824;1721;2883;1930
12538;1247;824;1721;2852;1957
12578;1246;825;1722;2837;1977
12618;1244;825;1723;2826;2005
12658;1239;824;1723;2806;2019
12688;1236;824;1722;2775;2037
12728;1230;824;1722;2769;2058
12768;1221;823;1722;2754;2077
12808;1212;823;1722;2752;2094
12838;1205;823;1722;2743;2099
12878;1202;823;1723;2737;2108
12918;1194;824;1723;2728;2112
12958;1186;824;1723;2721;2122
12988;1181;824;1723;2721;2143
13028;1176;824;1723;2705;2165
13068;1168;824;1723;2705;2171
13108;1159;824;1722;2695;2193
13138;1153;824;1722;2681;2198
13178;1143;824;1723;2679;2210
13218;1137;824;1722;2671;2218
13258;1135;824;1723;2664;2236
13288;1131;824;1722;2650;2248
13328;1127;824;1722;2648;2258
13368;1119;824;1722;2627;2277
13408;1115;824;1723;2623;2292
13438;1110;824;1723;2618;2304
13478;1106;824;1723;2611;2323
13518;1099;824;1723;2600;2343
13558;1090;824;1722;2596;2368
13588;1084;824;1722;2590;2394
13628;1080;824;1722;2585;2416
13668;1074;823;1722;2577;2443
13708;1069;823;1722;2582;2465
13738;1065;824;1723;2585;2474
13778;1060;824;1724;2601;2480
13818;1055;824;1724;2598;2490
13858;1052;824;1723;2602;2481
13888;1050;824;1723;2605;2481
13928;1049;824;1723;2608;2474
13968;1048;824;1722;2609;2471
14008;1048;824;1722;2613;2465
14038;1049;824;1723;2615;2434
14078;1049;824;1724;2622;2399
14118;1049;824;1724;2632;2333
14158;1049;824;1724;2655;2274
14188;1049;824;1724;2673;2235
14228;1056;824;1723;2693;2216
14268;1063;824;1723;2702;2172
14308;1068;824;1724;2710;2152
14338;1071;824;1724;2733;2127
14378;1076;824;1724;2726;2125
14418;1085;824;1724;2753;2107
14458;1094;824;1724;2760;2091
14488;1099;824;1724;2778;2073
14528;1104;824;1724;2785;2066
14568;1107;824;1724;2797;2040
14608;1115;824;1723;2797;2031
14638;1119;824;1724;2806;2010
14678;1125;824;1724;2802;2001
14718;1127;824;1725;2814;1991
14758;1133;824;1725;2823;1980
14788;1140;824;1724;2826;1971
14828;1147;824;1724;2858;1953
14868;1155;824;1724;2865;1947
14908;1163;824;1724;2887;1920
14938;1169;824;1724;2881;1907
14978;1176;824;1724;2888;1886
15018;1185;824;1724;2880;1871
15058;1193;824;1724;2891;1869
15088;1196;824;1723;2893;1863
15128;1200;824;1724;2907;1845
15168;1208;824;1724;2912;1825
15208;1219;824;1724;2925;1821
15238;1227;824;1723;2935;1815
15278;1231;824;1724;2939;1805
15318;1237;824;1725;2938;1779
15358;1237;824;1724;2933;1769
15388;1247;824;1723;2942;1766
15428;1253;824;1722;2929;1758
15468;1256;824;1722;2920;1757
15508;1257;824;1722;2913;1769
15538;1259;824;1723;2914;1784
15578;1260;824;1723;2903;1803
15618;1260;824;1722;2869;1846
15658;1261;824;1722;2798;1897
15688;1261;824;1723;2764;1922
15728;1261;824;1723;2732;1942
15768;1247;824;1723;2723;1948
15808;1245;824;1723;2685;1972
15928;1235;824;1722;2621;2000
15968;1223;824;1723;2607;2017
16008;1214;824;1722;2568;2022
16038;1206;824;1722;2553;2029
16078;1202;824;1723;2562;2046
16118;1192;824;1723;2562;2069
16158;1185;824;1723;2556;2084
16188;1180;824;1723;2557;2098
16228;1176;824;1722;2558;2112
16268;1169;824;1722;2543;2130
16308;1163;824;1721;2543;2147
16338;1155;824;1722;2547;2156
16378;1148;824;1723;2540;2158
16418;1140;824;1723;2532;2176
16458;1136;824;1724;2518;2178
16488;1134;824;1723;2525;2199
16528;1131;824;1723;2523;2221
16568;1123;824;1723;2524;2251
16598;1119;824;1723;2515;2269
16638;1114;824;1723;2506;2288
16678;1108;824;1723;2507;2306
16718;1102;824;1723;2513;2329
16758;1093;823;1723;2508;2347
16788;1087;823;1723;2515;2364
16828;1083;823;1724;2516;2381
16868;1079;824;1724;2516;2392
16908;1074;824;1723;2520;2399
16938;1071;824;1724;2521;2404
16978;1069;824;1724;2536;2398
17018;1068;824;1724;2539;2397
17058;1068;824;1724;2549;2399
17088;1067;824;1723;2556;2404
17128;1067;824;1723;2578;2398
17168;1067;824;1723;2588;2374
17208;1067;824;1723;2610;2306
17238;1067;824;1724;2623;2253
17278;1068;824;1724;2630;2209
17318;1071;824;1725;2651;2171
17358;1075;824;1724;2658;2156
17388;1078;824;1724;2671;2142
17428;1086;823;1725;2689;2128
17468;1093;823;1725;2712;2112
17508;1098;824;1724;2722;2092
17538;1104;825;1724;2733;2077
17578;1107;825;1724;2737;2049
17618;1114;824;1726;2741;2034
17658;1119;824;1725;2742;2027
17688;1124;824;1725;2760;2016
17728;1128;824;1725;2751;2012
17768;1131;824;1726;2757;1984
17808;1138;824;1725;2754;1975
17838;1143;824;1724;2775;1950
17878;1150;824;1726;2796;1938
17918;1157;824;1725;2811;1933
17948;1165;824;1724;2833;1928
17988;1170;825;1725;2845;1911
18028;1178;825;1725;2860;1898
18068;1186;825;1725;2874;1894
18098;1193;825;1726;2889;1886
18138;1198;824;1726;2902;1875
18178;1201;824;1725;2926;1865
18218;1211;824;1725;2940;1862
18248;1221;824;1725;2956;1858
18288;1227;824;1724;2972;1847
18328;1232;824;1725;2983;1845
18368;1238;824;1725;2998;1828
18408;1240;824;1725;3004;1807
18438;1251;824;1725;3011;1807
18478;1255;824;1725;3017;1806
18518;1255;824;1725;3013;1814
18558;1257;824;1725;3017;1823
18648;1257;824;1724;2993;1849
18688;1259;824;1724;2935;1900
18738;1260;825;1724;2857;1940
18778;1261;825;1724;2836;1974
18818;1261;825;1724;2801;1996
18858;1248;825;1724;2784;2010
18888;1247;824;1724;2778;2018
18928;1243;824;1724;2763;2038
18968;1239;824;1725;2747;2057
19008;1233;824;1724;2736;2068
19038;1230;824;1725;2725;2077
19078;1220;825;1724;2718;2086
19118;1211;825;1725;2707;2101
19128;1204;825;1724;2711;2103
19178;1200;825;1725;2695;2118
19218;1191;825;1725;2683;2126
19258;1185;825;1725;2675;2147
19298;1179;825;1724;2666;2174
19338;1175;825;1725;2665;2190
19378;1169;824;1724;2651;2198
19418;1163;824;1725;2656;2196
19458;1154;824;1724;2641;2214
19488;1148;824;1724;2644;2237
19528;1140;824;1724;2635;2256
19568;1135;824;1724;2633;2268
19608;1130;824;1724;2626;2290
19638;1123;823;1724;2633;2295
19678;1118;824;1724;2623;2314
19718;1112;824;1725;2622;2326
19758;1107;824;1725;2617;2337
19788;1101;824;1724;2611;2351
19828;1093;824;1725;2605;2370
19868;1087;824;1725;2600;2402
19908;1082;824;1724;2600;2424
19938;1079;824;1725;2587;2449
19978;1074;824;1725;2583;2482
20018;1070;824;1726;2586;2497
20058;1065;824;1725;2582;2511
20088;1061;824;1724;2580;2513
20128;1059;823;1725;2579;2518
20198;1059;824;1724;2594;2512
20228;1058;824;1724;2596;2507
20268;1057;824;1724;2592;2508
20348;1057;824;1724;2617;2406
20388;1058;824;1724;2635;2379
20428;1058;824;1725;2654;2326
20468;1057;824;1725;2674;2265
20508;1061;824;1725;2679;2229
20548;1066;824;1724;2707;2197
20608;1071;824;1724;2727;2157
20648;1075;824;1725;2733;2148
20678;1081;824;1726;2744;2141
20718;1088;824;1726;2753;2126
20758;1096;824;1726;2767;2105
20798;1103;824;1726;2781;2086
20838;1107;824;1726;2792;2072
20868;1111;824;1725;2795;2059
20918;1118;824;1726;2814;2028
20948;1124;824;1725;2808;2037
20988;1128;824;1725;2827;2023
21028;1128;824;1725;2825;2019
21068;1137;824;1725;2836;2003
21108;1143;824;1724;2843;1988
21138;1150;824;1724;2846;1972
21178;1157;825;1724;2860;1958
21218;1165;825;1725;2885;1945
21248;1171;824;1724;2901;1928
21288;1179;824;1724;2905;1922
21328;1184;824;1725;2927;1915
21368;1192;824;1725;2908;1900
21398;1196;825;1725;2925;1884
21438;1201;825;1725;2932;1874
21478;1212;824;1726;2959;1870
21518;1222;824;1726;2972;1868
21558;1227;824;1726;2992;1856
21588;1231;824;1725;2989;1842
21628;1236;824;1724;2996;1829
21668;1237;824;1724;3008;1814
21698;1248;824;1725;3007;1811
21738;1255;825;1726;3013;1804
21778;1257;824;1726;3003;1812
21818;1258;824;1726;3002;1820
21858;1259;824;1725;3001;1834
21888;1258;824;1726;3011;1845
21928;1259;825;1726;2936;1903
21968;1259;825;1726;2891;1937
22008;1259;824;1725;2862;1973
22038;1260;824;1726;2844;1989
22078;1258;824;1725;2820;2006
22118;1250;824;1725;2819;2021
22158;1246;824;1725;2798;2046
22188;1239;825;1725;2796;2058
22228;1236;824;1725;2772;2083
22268;1231;824;1725;2776;2089
22308;1220;824;1724;2749;2099
22338;1213;825;1725;2746;2108
22378;1206;825;1726;2742;2118
22418;1201;825;1726;2743;2121
22458;1192;825;1727;2718;2132
22488;1184;825;1726;2718;2155
22528;1180;824;1726;2704;2185
22568;1175;824;1726;2697;2194
22608;1172;824;1725;2686;2196
22638;1166;824;1726;2679;2205
22678;1158;824;1727;2678;2215
22718;1151;824;1726;2657;2245
22758;1142;824;1725;2653;2251
22788;1137;824;1725;2652;2273
22828;1131;824;1725;2653;2286
22868;1123;824;1725;2640;2315
22908;1118;824;1725;2645;2326
22938;1114;824;1727;2629;2339
22978;1108;824;1726;2632;2352
23018;1104;824;1726;2605;2370
23058;1094;824;1726;2613;2380
23088;1088;824;1726;2606;2407
23128;1084;824;1726;2607;2432
23168;1079;824;1726;2599;2456
23208;1074;824;1726;2591;2484
23238;1071;824;1726;2587;2502
23278;1068;824;1726;2584;2514
23318;1064;824;1726;2583;2525
23358;1061;824;1725;2581;2522
23388;1059;824;1724;2580;2519
23428;1058;824;1725;2581;2519
23468;1058;824;1725;2586;2514
23508;1056;824;1725;2587;2507
23588;1057;824;1725;2614;2414
23628;1058;824;1725;2632;2385
23748;1063;824;1725;2677;2222
23788;1067;824;1725;2693;2195
23828;1072;823;1726;2714;2169
23868;1076;823;1725;2727;2151
23908;1085;824;1725;2736;2142
23948;1092;824;1725;2751;2127
23978;1098;824;1725;2765;2111
24018;1104;824;1725;2783;2087
24058;1107;824;1725;2790;2081
24088;1112;824;1724;2808;2064
24128;1119;824;1725;2816;2055
24168;1125;824;1725;2824;2051
24208;1128;824;1725;2829;2039
24288;1137;824;1725;2851;2013
24328;1144;824;1724;2872;2004
24368;1154;824;1725;2879;1986
24408;1161;824;1725;2891;1975
24438;1167;824;1726;2904;1967
24478;1174;824;1727;2928;1954
24518;1181;824;1726;2942;1945
24558;1190;824;1726;2952;1920
24588;1196;824;1726;2964;1922
24628;1197;824;1726;2966;1906
24668;1201;824;1725;2973;1889
24708;1214;823;1725;2988;1879
24738;1224;824;1726;2998;1873
24778;1229;825;1726;3009;1857
24818;1236;825;1726;3013;1852
24858;1240;825;1726;3031;1842
24888;1238;825;1725;3026;1841
24928;1238;825;1724;3033;1837
24968;1245;825;1724;3029;1847
25008;1251;825;1725;3033;1854
25038;1254;825;1726;3021;1862
25078;1257;825;1726;2999;1892
25118;1257;824;1727;2933;1950
25158;1257;824;1726;2888;1984
25188;1257;824;1725;2873;2001
25228;1248;824;1725;2847;2023
25268;1245;824;1724;2837;2040
25308;1241;824;1724;2817;2055
25338;1238;824;1725;2796;2083
25378;1234;824;1726;2795;2087
25418;1229;825;1726;2769;2106
25458;1221;825;1726;2759;2110
25488;1211;824;1726;2749;2122
25528;1206;824;1726;2747;2131
25568;1199;824;1725;2742;2139
25608;1192;824;1725;2738;2142
25638;1185;824;1725;2724;2165
25678;1179;824;1725;2730;2189
25718;1176;824;1726;2723;2196
25758;1169;824;1725;2712;2216
25788;1163;824;1725;2705;2225
25828;1155;824;1725;2698;2253
25868;1147;824;1725;2696;2263
25908;1141;824;1724;2683;2287
25938;1137;824;1725;2683;2291
25978;1132;824;1725;2675;2307
26018;1123;824;1725;2666;2324
26058;1118;824;1725;2661;2338
26088;1112;824;1725;2662;2359
26128;1108;824;1725;2651;2376
26168;1102;824;1725;2650;2391
26208;1093;824;1725;2634;2403
26238;1088;824;1725;2630;2435
26278;1083;824;1724;2633;2459
26318;1078;824;1725;2622;2489
26358;1072;824;1725;2618;2506
26388;1069;824;1725;2615;2521
26428;1066;823;1724;2609;2529
26468;1064;823;1725;2603;2538
26508;1061;823;1726;2609;2531
26538;1059;823;1725;2612;2531
26578;1059;824;1726;2614;2531
26628;1059;824;1726;2618;2518
26668;1059;824;1725;2632;2468
26718;1059;824;1725;2637;2421
26758;1059;824;1726;2650;2376
26798;1059;824;1726;2676;2328
26838;1062;824;1726;2694;2265
26878;1066;824;1725;2696;2234
26918;1070;824;1725;2715;2200
26958;1074;824;1725;2734;2174
26988;1076;824;1725;2749;2158
27028;1085;824;1726;2754;2152
27068;1093;824;1726;2782;2139
27108;1098;824;1725;2790;2124
27138;1103;824;1725;2803;2104
27178;1107;824;1725;2806;2090
27218;1116;824;1725;2819;2071
27258;1122;824;1725;2807;2063
27288;1127;824;1726;2818;2035
27328;1129;824;1726;2824;2034
27368;1133;824;1725;2832;2024
27408;1139;824;1725;2845;2013
27438;1144;824;1726;2856;2003
27508;1154;824;1725;2874;1974
27548;1163;824;1726;2908;1958
27588;1170;824;1726;2928;1946
27628;1177;824;1726;2942;1925
27668;1186;824;1727;2943;1914
27708;1193;824;1725;2953;1906
27738;1196;824;1725;2968;1903
27778;1201;824;1726;2979;1883
27818;1213;825;1725;2988;1883
27858;1223;825;1725;3008;1869
27888;1227;824;1725;3018;1867
27928;1232;824;1725;3029;1855
27968;1238;824;1725;3026;1845
28008;1238;824;1725;3029;1840
28038;1238;824;1724;3032;1843
28078;1239;824;1726;3036;1863
28118;1240;824;1727;3034;1867
28158;1239;824;1727;3022;1878
28188;1240;824;1726;2962;1936
28228;1240;824;1726;2919;1972
28268;1239;824;1727;2885;2000
28308;1238;824;1725;2851;2025
28338;1241;824;1726;2835;2037
28378;1241;824;1725;2823;2058
28418;1237;824;1725;2799;2077
28458;1232;824;1725;2769;2087
28488;1228;824;1725;2767;2091
28528;1217;823;1725;2758;2103
28558;1210;823;1725;2742;2112
28568;1205;824;1726;2733;2115
28608;1203;824;1726;2729;2119
28638;1200;825;1727;2718;2127
28678;1191;824;1727;2715;2137
28718;1185;825;1726;2694;2153
28758;1178;824;1726;2682;2191
28788;1174;824;1725;2687;2197
28828;1171;824;1726;2691;2205
28878;1163;824;1725;2683;2215
28918;1156;824;1725;2678;2230
28968;1146;825;1725;2667;2269
29008;1139;824;1726;2669;2280
29048;1133;824;1726;2664;2296
29088;1126;823;1726;2662;2311
29128;1120;824;1726;2661;2326
29168;1115;824;1725;2652;2349
29208;1108;824;1725;2641;2370
29238;1105;824;1724;2634;2380
29278;1097;824;1725;2627;2401
29318;1090;825;1726;2626;2423
29358;1085;824;1726;2611;2438
29388;1080;823;1725;2591;2462
29428;1074;823;1726;2588;2491
29468;1070;823;1726;2585;2513
29508;1067;823;1725;2575;2524
29538;1064;823;1724;2573;2528
29578;1061;823;1726;2577;2533
29618;1059;824;1725;2585;2525
29658;1059;824;1724;2575;2523
29688;1058;824;1724;2581;2517
29728;1058;824;1725;2583;2506
29768;1058;824;1726;2609;2434
29808;1058;823;1725;2607;2408
29838;1058;823;1726;2628;2380
29878;1059;823;1726;2654;2316
29918;1062;823;1726;2674;2262
29958;1066;823;1725;2681;2224
29988;1069;823;1726;2701;2205
30028;1072;824;1726;2710;2178
30068;1076;824;1726;2727;2147
30108;1084;824;1725;2737;2141
30138;1092;824;1726;2753;2133
30178;1098;824;1726;2755;2106
30218;1104;824;1726;2781;2087
30258;1107;824;1725;2787;2072
30288;1113;824;1724;2799;2071
30328;1119;824;1725;2805;2058
30368;1125;824;1726;2826;2045
30408;1129;823;1725;2818;2040
30438;1134;824;1725;2831;2027
30478;1140;824;1725;2842;2016
30518;1146;824;1725;2860;1996
30558;1154;824;1724;2869;1977
30588;1161;824;1725;2875;1970
30628;1167;824;1725;2909;1951
30668;1173;824;1726;2928;1933
30708;1177;824;1726;2932;1921
30738;1186;824;1725;2942;1914
30778;1193;824;1725;2951;1911
30818;1197;825;1725;2969;1909
30858;1202;824;1725;2974;1897
30888;1214;824;1726;2987;1891
30928;1224;824;1726;3017;1886
30968;1229;824;1726;3019;1875
31008;1236;824;1725;3028;1851
31038;1241;824;1726;3034;1852
31078;1241;824;1726;3047;1847
31118;1241;824;1726;3038;1843
31158;1242;824;1725;3032;1854
31188;1244;824;1725;3032;1862
31228;1243;824;1726;3039;1867
31268;1245;824;1726;2982;1907
31308;1244;824;1726;2920;1953
31338;1243;824;1726;2895;1985
31378;1244;824;1726;2864;2015
31418;1243;824;1726;2835;2033
31458;1245;824;1725;2829;2058
31488;1241;824;1725;2817;2060
31528;1237;824;1725;2789;2082
31568;1232;824;1725;2783;2088
31608;1225;824;1725;2762;2097
31638;1217;824;1725;2768;2104
31678;1208;824;1726;2737;2118
31718;1204;824;1726;2730;2120
31758;1197;824;1726;2710;2125
31788;1190;824;1726;2714;2132
31828;1185;824;1726;2696;2154
31868;1179;824;1726;2692;2181
31908;1175;824;1725;2690;2193
31938;1170;825;1725;2689;2204
31978;1162;825;1726;2690;2216
32018;1154;825;1726;2674;2248
32058;1145;825;1726;2664;2270
32088;1139;825;1725;2662;2284
32128;1135;824;1725;2660;2295
32168;1130;824;1725;2649;2311
32178;1127;824;1726;2644;2317
32218;1120;824;1726;2634;2333
32258;1115;824;1725;2603;2350
32308;1110;824;1725;2586;2364
32348;1105;824;1726;2578;2393
32388;1096;824;1726;2582;2412
32428;1088;824;1726;2580;2444
32468;1083;824;1726;2578;2464
32508;1079;824;1725;2564;2469
32538;1076;824;1725;2555;2478
32578;1072;824;1725;2552;2474
32618;1070;824;1725;2553;2471
32658;1069;824;1725;2555;2466
32738;1068;824;1725;2558;2466
32778;1068;824;1726;2560;2447
32818;1068;824;1725;2569;2409
32858;1068;824;1725;2599;2331
32898;1068;824;1726;2614;2272
32938;1069;824;1726;2624;2216
32978;1071;824;1726;2639;2182
33018;1074;824;1725;2655;2168
33058;1078;824;1725;2665;2136
33088;1085;824;1726;2675;2127
33128;1093;824;1726;2679;2122
33168;1099;824;1726;2697;2092
33208;1105;824;1727;2717;2073
33238;1108;824;1727;2731;2068
33278;1115;824;1727;2752;2045
33318;1121;823;1727;2761;2046
33358;1126;823;1727;2780;2032
33388;1128;824;1726;2780;2027
33428;1132;825;1726;2789;2026
33468;1140;825;1726;2810;2009
33508;1145;825;1727;2814;1991
33538;1153;824;1727;2818;1969
33578;1159;824;1727;2855;1957
33618;1166;824;1727;2870;1952
33658;1172;824;1726;2893;1930
33688;1179;824;1726;2873;1919
33728;1187;824;1726;2894;1910
33768;1193;824;1726;2890;1902
33808;1193;824;1726;2912;1895
33838;1201;824;1726;2916;1884
33878;1213;824;1726;2938;1876
33918;1223;824;1726;2949;1877
33958;1228;824;1727;2977;1865
33988;1232;824;1727;2986;1856
34028;1238;824;1726;2991;1842
34068;1247;824;1726;2997;1824
34108;1253;824;1726;3005;1791
34138;1258;824;1726;3001;1774
34178;1262;824;1726;2994;1771
34218;1264;824;1726;2989;1767
34258;1266;824;1726;2990;1777
34288;1266;824;1725;2966;1781
34328;1267;824;1726;2936;1796
34368;1268;824;1727;2889;1846
34408;1268;824;1727;2838;1881
34438;1270;824;1726;2805;1912
34478;1269;824;1726;2769;1939
34518;1267;824;1725;2752;1968
34558;1263;824;1726;2738;1990
34588;1251;824;1726;2702;1999
34628;1250;824;1726;2687;2009
34668;1242;824;1726;2668;2038
34708;1236;824;1725;2684;2042
34738;1232;824;1725;2667;2059
34778;1220;824;1726;2671;2073
34818;1213;824;1725;2674;2089
34858;1205;824;1726;2676;2104
34888;1202;823;1726;2679;2109
34928;1193;823;1726;2685;2124
34968;1186;823;1726;2672;2140
35008;1181;823;1726;2673;2182
35038;1177;824;1725;2662;2192
35078;1172;824;1725;2678;2189
35118;1166;824;1726;2661;2202
35158;1158;824;1727;2660;2223
35188;1152;824;1727;2650;2233
35228;1143;824;1727;2663;2256
35268;1138;824;1727;2649;2280
35308;1133;824;1727;2650;2290
35338;1128;824;1726;2633;2305
35378;1120;824;1725;2626;2319
35418;1116;824;1725;2611;2343
35458;1109;824;1725;2594;2360
35488;1105;824;1725;2586;2371
35528;1100;824;1726;2583;2392
35568;1091;824;1726;2572;2424
35608;1085;824;1726;2564;2449
35618;1082;824;1726;2564;2453
35638;1079;824;1726;2559;2459
35658;1077;824;1725;2556;2464
35678;1076;824;1725;2549;2468
35688;1075;823;1726;2546;2468
35718;1073;823;1726;2545;2476
35758;1071;823;1726;2548;2474
35768;1071;823;1726;2548;2474