
8797;970;891;869;1123;1208
8947;1455;1333;1304;1231;1171
8987;1697;1554;1521;1252;1183
9027;1818;1664;1630;1251;1199
9077;1878;1719;1684;1221;1222
9107;1908;1747;1711;1189;1233
9147;1923;1760;1724;1168;1240
9187;1931;1767;1731;1148;1212
9227;1935;1770;1734;1142;1191
9257;1937;1772;1737;1108;1197
9297;1938;1774;1738;1086;1203
9337;1939;1775;1739;1025;1197
9377;1939;1775;1738;1026;1213
9407;1939;1775;1738;1016;1217
9447;1939;1775;1738;1001;1232
9477;1940;1775;1739;1012;1233
9487;1940;1775;1739;1007;1240
9517;1940;1775;1739;995;1236
9557;1940;1775;1739;1017;1212
9597;1940;1775;1738;1041;1203
9637;1940;1775;1738;1041;1206
9677;1940;1775;1738;1049;1221
9707;1940;1775;1738;1047;1237
9747;1939;1775;1738;1118;1224
9787;1939;1775;1739;1163;1264
9827;1939;1774;1738;1189;1276
9857;1939;1775;1739;1168;1296
9897;1939;1775;1739;1186;1313
9937;1939;1775;1739;1187;1328
9977;1939;1764;1739;1168;1323
10007;1940;1751;1739;1163;1340
10047;1940;1742;1739;1184;1324
10087;1940;1725;1739;1218;1242
10127;1939;1705;1739;1188;1230
10167;1940;1701;1739;1133;1250
10207;1940;1697;1739;1079;1258
10247;1940;1695;1739;1035;1283
10287;1940;1694;1739;1069;1295
10327;1940;1693;1740;1195;1257
10367;1940;1690;1740;1181;1223
10407;1940;1696;1740;1259;1234
10447;1940;1700;1740;1218;1221
10487;1940;1702;1740;1262;1216
10527;1940;1703;1740;1290;1210
10557;1940;1704;1740;1319;1222
10597;1940;1704;1740;1362;1235
10627;1940;1704;1740;1347;1244
10637;1939;1704;1740;1369;1233
10677;1939;1704;1740;1396;1240
10707;1939;1704;1740;1363;1233
10747;1939;1703;1740;1293;1240
10787;1939;1703;1740;1304;1220
10827;1939;1703;1740;1303;1220
10857;1939;1703;1740;1336;1221
10897;1939;1703;1740;1328;1213
10937;1939;1703;1740;1315;1230
10977;1939;1703;1740;1268;1227
11007;1939;1703;1740;1213;1222
11047;1939;1703;1740;1218;1257
11087;1939;1703;1740;1203;1267
11127;1939;1703;1740;1218;1265
11157;1939;1703;1740;1215;1264
11177;1939;1702;1740;1241;1248
11217;1939;1703;1740;1187;1276
11257;1939;1703;1740;1158;1283
11297;1939;1703;1740;1163;1293
11337;1939;1703;1740;1199;1277
11377;1939;1703;1740;1214;1290
11417;1939;1703;1740;1204;1256
11447;1939;1703;1740;1179;1251
11457;1939;1703;1740;1179;1260
11497;1939;1703;1740;1142;1264
11537;1939;1703;1740;1160;1253
11577;1939;1703;1740;1139;1267
11607;1939;1703;1740;1114;1255
11647;1939;1703;1740;1122;1261
11687;1939;1703;1740;1127;1263
11727;1939;1703;1740;1134;1264
11757;1939;1703;1740;1112;1259
11797;1939;1703;1740;1143;1275
11837;1939;1703;1740;1162;1300
11877;1939;1703;1740;1146;1301
11907;1939;1703;1740;1137;1274
11947;1939;1703;1740;1128;1237
11987;1939;1703;1740;1154;1244
12027;1939;1702;1740;1167;1245
12057;1940;1703;1740;1163;1251
12097;1940;1703;1740;1150;1257
12137;1940;1703;1740;1153;1217
12177;1940;1703;1740;1141;1213
12207;1939;1703;1740;1132;1227
12247;1939;1703;1740;1156;1223
12287;1939;1703;1740;1120;1256
12327;1939;1699;1740;1124;1287
12357;1939;1696;1740;1132;1322
12397;1932;1694;1740;1132;1354
12437;1923;1689;1740;1127;1368
12477;1914;1678;1740;1115;1383
12507;1906;1668;1740;1125;1398
12547;1891;1658;1740;1146;1440
12587;1879;1650;1740;1126;1454
12627;1864;1644;1740;1131;1467
12657;1857;1635;1740;1132;1476
12697;1843;1629;1740;1112;1461
12737;1837;1623;1740;1114;1478
12767;1821;1614;1740;1097;1484
12807;1802;1612;1740;1090;1481
12847;1791;1604;1740;1123;1476
12937;1776;1581;1740;1061;1407
12977;1754;1563;1740;1084;1428
13017;1750;1552;1740;1074;1439
13057;1725;1545;1740;1045;1436
13097;1697;1531;1740;1042;1411
13177;1633;1514;1740;992;1426
13217;1586;1502;1740;1012;1434
13257;1562;1499;1740;991;1448
13297;1535;1492;1740;996;1456
13337;1524;1483;1740;1010;1467
13377;1509;1471;1740;1007;1482
13417;1496;1462;1740;1007;1506
13457;1486;1452;1740;1008;1501
13497;1472;1444;1740;995;1516
13537;1464;1439;1740;1003;1511
13577;1434;1432;1740;991;1510
13607;1429;1422;1740;991;1510
13647;1422;1418;1740;980;1529
13687;1411;1410;1740;1011;1533
13717;1395;1403;1741;1017;1554
13757;1388;1395;1741;1025;1556
13797;1368;1382;1741;1006;1558
13837;1356;1375;1741;1059;1558
13877;1347;1365;1740;1063;1562
13907;1336;1331;1740;1078;1578
13957;1321;1333;1740;1082;1583
13997;1312;1332;1740;1074;1604
14057;1293;1324;1740;1054;1623
14097;1283;1319;1740;1090;1649
14137;1265;1309;1740;1073;1667
14177;1258;1297;1739;1077;1660
14217;1249;1283;1739;1093;1649
14257;1237;1277;1739;1062;1677
14297;1225;1266;1739;1075;1652
14337;1215;1258;1739;1108;1656
14377;1202;1250;1739;1117;1656
14417;1191;1240;1739;1097;1697
14457;1180;1193;1739;1097;1708
14497;1167;1204;1739;1100;1732
14537;1155;1199;1739;1078;1763
14577;1144;1188;1738;1090;1786
14607;1132;1185;1737;1083;1811
14647;1123;1177;1737;1094;1836
14687;1115;1168;1736;1067;1868
14727;1101;1153;1734;1078;1878
14757;1090;1146;1733;1061;1892
14797;1080;1137;1726;1060;1895
14837;1066;1130;1723;1078;1911
14877;1051;1121;1720;1091;1919
14907;1040;1115;1716;1108;1959
14947;1031;1108;1714;1183;2001
14987;1021;1102;1710;1161;2082
15027;1011;1095;1707;1121;2124
15057;1000;1084;1706;1122;2169
15097;989;1076;1705;1105;2220
15137;982;1062;1703;1126;2301
15177;975;1055;1702;1109;2329
15207;965;1048;1701;1094;2384
15247;953;1039;1698;1098;2436
15287;946;1035;1696;1063;2488
15327;938;1028;1694;1051;2524
15357;931;1021;1693;1072;2568
15397;923;1013;1692;1048;2601
15437;919;1004;1691;1072;2642
15477;914;999;1691;1057;2686
15507;908;991;1690;1076;2704
15547;904;987;1689;1048;2716
15587;901;982;1688;1074;2734
15627;898;979;1687;1060;2741
15657;895;978;1686;1056;2744
15697;893;977;1686;1066;2727
15737;891;977;1685;1095;2721
15777;891;976;1685;1086;2706
15807;890;976;1685;1076;2697
15847;890;976;1685;1045;2693
15887;890;975;1685;1035;2688
15927;890;975;1685;1013;2685
15957;890;975;1685;1001;2666
15997;890;975;1685;1032;2656
16037;889;975;1685;1017;2658
16077;889;975;1685;1006;2660
16107;889;975;1685;1042;2659
16147;888;975;1685;1032;2657
16187;888;975;1684;1006;2653
16227;888;975;1684;1005;2643
16257;888;975;1684;1034;2644
16297;888;975;1684;1017;2639
16337;888;975;1684;1017;2624
16377;884;975;1684;1042;2561
16407;883;975;1684;1040;2529
16447;882;975;1684;1024;2446
16487;882;975;1684;1053;2362
16527;882;975;1684;1047;2263
16557;882;975;1684;1060;2198
16597;884;975;1684;1076;2105
16637;886;975;1684;1092;1997
16677;887;975;1684;1105;1953
16707;888;975;1684;1114;1895
16747;888;975;1684;1071;1825
16787;888;975;1684;1087;1774
16827;889;975;1684;1128;1765
16857;889;976;1684;1126;1748
16897;889;976;1684;1096;1730
16937;889;976;1684;1092;1719
16977;890;976;1684;1085;1725
17007;890;976;1684;1095;1724
17047;890;976;1684;1088;1692
17087;890;977;1684;1109;1659
17127;890;977;1684;1170;1643
17157;890;977;1684;1170;1608
17197;890;977;1685;1153;1567
17237;893;977;1685;1131;1545
17277;898;977;1685;1130;1524
17307;901;977;1685;1136;1505
17347;907;977;1685;1135;1449
17387;913;977;1685;1147;1448
17427;916;977;1685;1157;1435
17457;921;977;1685;1159;1435
17497;926;977;1685;1174;1409
17537;931;977;1685;1174;1396
17577;934;977;1685;1176;1401
17607;938;977;1685;1184;1372
17647;941;977;1685;1184;1354
17687;946;977;1684;1201;1346
17727;954;977;1684;1207;1350
17757;958;977;1684;1219;1365
17797;962;977;1684;1220;1352
17837;968;977;1685;1235;1300
17877;973;977;1684;1245;1304
17907;978;977;1684;1251;1333
17947;982;977;1684;1249;1273
17987;986;977;1684;1257;1298
18027;993;977;1684;1269;1235
18057;997;977;1684;1260;1298
18097;1004;977;1684;1268;1294
18117;1009;977;1684;1273;1303
18157;1014;977;1684;1277;1241
18197;1021;977;1684;1286;1264
18277;1027;977;1684;1308;1215
18317;1034;977;1684;1318;1226
18357;1041;977;1684;1332;1237
18397;1048;977;1684;1331;1240
18437;1054;977;1684;1338;1225
18477;1060;978;1684;1337;1239
18507;1065;979;1684;1333;1251
18547;1068;979;1684;1328;1251
18587;1069;979;1684;1314;1256
18627;1069;979;1684;1304;1271
18657;1070;979;1684;1304;1285
18697;1070;979;1684;1281;1326
18737;1069;979;1684;1260;1346
18777;1063;979;1684;1249;1360
18807;1058;979;1684;1239;1376
18847;1053;979;1685;1229;1398
18887;1052;979;1685;1205;1433
18927;1052;979;1685;1189;1456
18957;1052;979;1685;1185;1465
18997;1052;979;1685;1142;1487
19037;1052;979;1684;1131;1521
19077;1052;979;1684;1121;1538
19107;1051;979;1684;1130;1558
19147;1047;979;1684;1145;1573
19177;1045;979;1684;1131;1586
19227;1037;979;1684;1135;1618
19257;1031;979;1684;1115;1638
19297;1028;979;1684;1097;1670
19337;1022;979;1684;1091;1692
19377;1016;979;1684;1092;1719
19407;1013;979;1685;1085;1739
19447;1008;979;1685;1096;1774
19487;1000;979;1685;1082;1806
19527;996;979;1685;1073;1837
19557;992;979;1685;1070;1856
19597;988;979;1685;1056;1878
19637;983;979;1685;1069;1909
19677;980;979;1685;1076;1931
19707;978;979;1685;1064;1948
19747;976;979;1685;1056;1973
19787;973;979;1685;1045;1998
19827;969;979;1685;1028;2023
19857;966;979;1685;1026;2033
19897;965;979;1685;1040;2037
19937;963;979;1685;1048;2034
19977;963;979;1685;1028;2026
20007;963;979;1685;1045;2026
20047;962;979;1685;1040;2028
20087;962;979;1685;1036;2027
20127;962;979;1685;1055;2027
20157;961;979;1685;1042;2007
20197;959;979;1685;1055;1996
20237;958;979;1685;1051;1994
20277;958;979;1685;1076;1936
20307;958;979;1685;1092;1861
20347;958;979;1685;1127;1746
20387;960;979;1685;1139;1641
20427;961;979;1684;1147;1584
20457;962;979;1685;1146;1552
20497;963;979;1685;1159;1519
20537;963;979;1685;1181;1488
20577;963;979;1685;1211;1455
20607;964;979;1685;1215;1434
20647;965;979;1685;1200;1401
20687;969;979;1685;1220;1371
20727;973;979;1685;1207;1386
20757;977;979;1685;1206;1383
20797;980;979;1685;1228;1366
20837;982;979;1685;1228;1370
20877;987;980;1685;1238;1353
20907;993;980;1685;1243;1338
20947;999;980;1685;1242;1344
20987;1005;980;1685;1241;1338
21027;1012;980;1684;1263;1313
21057;1017;980;1684;1267;1304
21097;1022;980;1684;1269;1274
21137;1027;980;1685;1292;1274
21177;1031;980;1685;1283;1264
21207;1035;980;1685;1303;1279
21247;1041;980;1685;1304;1254
21287;1049;980;1685;1316;1242
21327;1059;980;1684;1317;1247
21357;1067;980;1684;1327;1254
21397;1071;980;1685;1331;1219
21437;1074;980;1685;1344;1234
21477;1076;980;1686;1337;1237
21507;1077;980;1686;1333;1245
21547;1077;980;1686;1307;1277
21587;1077;980;1686;1295;1318
21627;1077;980;1687;1282;1336
21657;1077;980;1687;1273;1345
21697;1075;980;1687;1250;1369
21737;1075;980;1687;1234;1381
21777;1075;980;1687;1221;1398
21817;1075;980;1687;1210;1419
21847;1075;980;1687;1196;1419
21887;1075;980;1687;1201;1444
21927;1075;980;1687;1183;1487
21967;1075;980;1687;1173;1512
21997;1075;980;1687;1168;1535
22037;1070;980;1687;1180;1557
22077;1060;980;1687;1148;1577
22117;1051;979;1687;1147;1608
22157;1045;979;1687;1136;1624
22197;1036;979;1687;1131;1652
22237;1031;979;1687;1119;1676
22277;1026;979;1687;1116;1698
22357;1019;979;1687;1106;1742
22397;1013;979;1687;1114;1774
22437;1003;979;1687;1105;1815
22477;998;979;1687;1104;1846
22517;991;979;1687;1106;1881
22557;987;979;1687;1091;1916
22597;982;979;1687;1081;1943
22637;979;979;1687;1061;1977
22677;977;979;1687;1078;2004
22707;976;979;1687;1050;2021
22747;973;979;1687;1050;2041
22787;971;979;1687;1061;2043
22827;970;979;1687;1070;2042
22857;969;979;1687;1070;2039
22897;969;979;1687;1074;2038
22937;969;979;1687;1041;2037
22977;969;979;1687;1036;2037
23007;969;979;1687;1036;2027
23047;968;979;1687;1031;1997
23087;967;979;1687;1051;1991
23127;966;979;1687;1057;1942
23157;966;979;1687;1071;1861
23197;966;979;1687;1118;1746
23237;967;979;1687;1134;1648
23277;968;979;1687;1155;1615
23307;969;979;1687;1156;1590
23347;970;979;1687;1181;1547
23387;970;979;1687;1193;1509
23427;971;979;1687;1199;1464
23457;972;980;1687;1210;1446
23497;972;980;1687;1202;1432
23537;973;980;1687;1232;1425
23577;975;980;1687;1237;1413
23607;977;980;1687;1244;1402
23647;980;980;1687;1236;1391
23677;983;980;1687;1235;1384
23717;984;980;1687;1239;1371
23757;991;980;1687;1247;1380
23797;996;980;1687;1255;1345
23837;1002;980;1687;1263;1338
23877;1009;980;1687;1283;1347
23907;1014;980;1687;1288;1335
23947;1020;980;1687;1295;1321
23987;1025;980;1687;1294;1294
24027;1030;980;1687;1282;1292
24057;1033;980;1687;1302;1278
24097;1038;980;1687;1313;1241
24137;1045;980;1687;1319;1249
24177;1054;980;1687;1327;1252
24207;1062;980;1687;1329;1257
24247;1068;980;1687;1336;1250
24287;1072;980;1687;1333;1246
24327;1074;980;1687;1334;1236
24357;1075;980;1687;1334;1229
24397;1075;980;1687;1327;1227
24437;1076;980;1687;1301;1242
24477;1076;980;1687;1285;1256
24507;1077;980;1687;1268;1273
24547;1076;980;1687;1243;1296
24587;1075;980;1687;1247;1319
24627;1074;980;1687;1220;1331
24657;1074;980;1687;1246;1353
24697;1074;980;1687;1226;1375
24737;1074;980;1687;1221;1398
24777;1074;980;1687;1208;1421
24807;1074;980;1687;1192;1429
24847;1073;980;1687;1188;1463
24887;1073;980;1687;1184;1480
24927;1066;980;1687;1167;1510
24957;1057;980;1687;1144;1531
24997;1049;980;1687;1146;1555
25037;1045;980;1687;1128;1574
25077;1037;980;1687;1109;1597
25107;1031;980;1687;1099;1613
25147;1028;980;1687;1097;1638
25187;1021;980;1687;1102;1661
25227;1016;980;1687;1096;1689
25257;1013;980;1687;1105;1717
25297;1007;980;1687;1106;1739
25337;999;980;1687;1082;1756
25377;995;980;1687;1072;1776
25407;989;979;1687;1079;1803
25447;986;979;1687;1058;1831
25487;981;979;1687;1061;1868
25527;979;979;1687;1077;1906
25557;977;979;1687;1066;1928
25597;975;979;1687;1053;1966
25637;972;979;1687;1056;2006
25677;968;979;1687;1064;2044
25707;966;979;1687;1062;2068
25747;963;979;1687;1065;2070
25787;962;979;1687;1075;2062
25827;961;979;1687;1069;2062
25857;961;979;1687;1046;2058
25897;961;979;1687;1057;2055
25937;961;979;1687;1053;2043
25977;961;979;1687;1016;2026
26007;959;979;1687;1036;1972
26047;957;979;1687;1040;1964
26087;956;979;1687;1034;1950
26127;956;979;1687;1053;1852
26157;956;979;1687;1069;1791
26197;957;979;1687;1097;1668
26237;959;979;1687;1111;1607
26277;961;979;1687;1121;1546
26307;962;979;1687;1130;1514
26347;963;980;1687;1157;1474
26367;963;980;1687;1159;1458
26387;963;980;1687;1169;1449
26427;964;980;1687;1182;1421
26457;964;980;1687;1198;1406
26497;965;980;1687;1227;1380
26537;968;980;1687;1242;1364
26577;972;980;1687;1247;1351
26607;976;980;1687;1257;1353
26647;980;980;1687;1254;1342
26687;983;980;1687;1261;1343
26727;986;980;1687;1263;1347
26757;992;980;1687;1269;1346
26797;996;980;1687;1271;1339
26837;1002;980;1687;1276;1327
26877;1008;980;1687;1282;1326
26907;1013;980;1687;1293;1313
26947;1020;980;1687;1298;1281
26987;1024;980;1686;1314;1272
27027;1029;980;1686;1330;1252
27057;1031;980;1686;1334;1255
27097;1037;980;1686;1340;1254
27137;1042;980;1686;1335;1235
27177;1047;980;1686;1338;1236
27207;1051;980;1686;1337;1242
27247;1054;980;1686;1335;1248
27287;1056;980;1686;1333;1250
27327;1057;980;1686;1309;1260
27357;1057;980;1686;1275;1279
27397;1057;980;1686;1251;1313
27437;1057;980;1687;1240;1326
27477;1056;980;1687;1225;1341
27507;1054;980;1687;1205;1352
27547;1050;980;1687;1201;1373
27587;1049;980;1687;1176;1405
27627;1049;980;1687;1156;1431
27657;1048;980;1687;1141;1430
27697;1048;980;1686;1134;1459
27737;1048;980;1686;1133;1490
27777;1048;980;1686;1126;1514
27807;1048;980;1686;1112;1545
27847;1045;980;1686;1100;1571
27887;1039;980;1686;1090;1607
27927;1032;980;1687;1066;1621
27957;1026;980;1687;1069;1646
27997;1022;980;1687;1063;1657
28037;1017;980;1687;1060;1688
28077;1014;980;1687;1058;1715
28107;1010;980;1687;1046;1738
28147;1002;980;1687;1024;1767
28187;996;979;1687;1031;1798
28227;992;979;1687;1042;1822
28257;988;979;1687;1035;1852
28297;983;979;1687;1060;1877
28337;979;979;1687;1072;1902
28377;978;979;1687;1069;1934
28407;977;980;1687;1071;1952
28447;974;980;1687;1048;1972
28487;971;979;1687;1036;1997
28527;967;979;1687;1038;2015
28557;964;979;1687;1042;2011
28597;962;979;1687;1043;2011
28637;961;979;1687;1049;2000
28677;959;979;1687;1047;1994
28707;958;979;1687;1053;1990
28747;958;979;1687;1049;1987
28787;958;979;1687;1047;1986
28827;957;979;1687;1060;1988
28857;957;979;1687;1066;1985
28897;957;979;1687;1057;1969
28937;956;979;1687;1052;1974
28957;956;979;1687;1051;1969
28977;956;979;1687;1059;1945
29007;956;979;1688;1078;1866
29047;956;979;1687;1088;1755
29087;956;979;1687;1102;1651
29127;958;979;1687;1123;1591
29157;960;979;1687;1133;1553
29197;961;979;1687;1158;1511
29217;962;979;1687;1165;1497
29257;963;979;1687;1184;1457
29297;963;979;1687;1203;1436
29337;963;980;1687;1212;1419
29377;964;980;1687;1216;1387
29417;968;980;1687;1228;1377
29457;972;980;1687;1235;1377
29497;976;980;1687;1232;1375
29537;980;980;1687;1235;1356
29577;983;980;1687;1235;1343
29607;984;980;1687;1250;1344
29647;991;980;1687;1255;1328
29687;996;980;1686;1260;1332
29727;1001;980;1686;1275;1315
29757;1006;980;1686;1280;1308
29797;1012;980;1686;1281;1295
29837;1018;980;1686;1289;1287
29877;1023;980;1686;1304;1277
29907;1027;980;1686;1303;1276
29947;1030;980;1686;1313;1269
29987;1036;980;1686;1321;1241
30027;1042;980;1686;1332;1240
30057;1048;980;1686;1344;1233
30097;1055;980;1686;1348;1224
30137;1062;980;1686;1340;1209
30177;1066;980;1686;1336;1221
30207;1069;980;1687;1330;1216
30247;1070;980;1687;1326;1236
30287;1070;980;1687;1290;1261
30327;1071;980;1687;1270;1278
30357;1070;980;1687;1257;1308
30397;1071;980;1687;1242;1323
30437;1069;980;1687;1233;1335
30477;1064;980;1687;1225;1350
30507;1059;980;1687;1213;1353
30547;1055;980;1687;1192;1382
30587;1054;980;1687;1183;1399
30627;1054;980;1687;1175;1402
30657;1054;980;1687;1168;1417
30697;1054;980;1687;1171;1441
30737;1053;980;1687;1159;1460
30777;1049;980;1687;1147;1483
30807;1046;980;1687;1145;1496
30847;1042;980;1687;1143;1516
30887;1034;980;1687;1123;1540
30907;1030;980;1687;1120;1549
30957;1024;980;1687;1097;1572
30997;1018;980;1687;1107;1591
31037;1015;980;1687;1089;1627
31077;1009;980;1687;1091;1654
31107;1002;980;1687;1094;1670
31147;996;980;1687;1071;1687
31187;991;980;1687;1078;1711
31227;987;980;1687;1051;1741
31257;982;980;1687;1050;1777
31297;979;980;1687;1030;1813
31337;977;980;1687;1011;1842
31377;975;980;1688;998;1871
31407;974;980;1688;997;1903
31447;971;980;1687;981;1936
31487;968;980;1687;974;1963
31527;965;980;1687;981;1979
31557;963;980;1687;972;1987
31597;962;980;1687;999;1977
31637;961;980;1687;990;1979
31677;961;980;1687;985;1974
31707;960;980;1687;977;1970
31747;959;980;1687;986;1971
31787;959;980;1687;978;1964
31827;958;980;1687;969;1961
31857;957;980;1687;990;1946
31897;956;980;1687;988;1942
31937;956;980;1687;973;1903
31967;956;980;1687;987;1860
32007;956;980;1688;1002;1743
32047;956;980;1688;1011;1668
32087;955;980;1688;1024;1590
32127;958;980;1688;1035;1551
32157;960;980;1688;1059;1514
32197;961;980;1688;1072;1459
32237;962;980;1688;1084;1424
32277;963;980;1688;1099;1399
32307;963;980;1688;1115;1389
32347;962;980;1688;1145;1369
32387;965;980;1687;1146;1365
32427;969;980;1687;1129;1349
32457;971;980;1687;1138;1356
32497;974;980;1687;1141;1334
32537;979;980;1687;1148;1312
32577;982;980;1687;1154;1309
32607;986;980;1687;1155;1306
32647;993;980;1687;1166;1282
32687;999;980;1687;1186;1270
32727;1006;980;1687;1183;1272
32757;1012;980;1687;1182;1273
32797;1018;980;1687;1194;1267
32837;1024;980;1687;1210;1258
32877;1027;980;1687;1228;1242
32907;1030;980;1687;1229;1243
32947;1035;980;1687;1233;1240
32987;1041;980;1687;1229;1246
33027;1049;980;1687;1237;1219
33057;1059;980;1687;1241;1221
33097;1066;980;1687;1238;1231
33137;1073;980;1687;1260;1212
33177;1080;981;1688;1280;1179
33207;1092;981;1690;1301;1185
33247;1096;985;1691;1314;1184
33287;1099;989;1692;1333;1188
33297;1104;991;1692;1333;1187
33327;1109;993;1693;1330;1178
33357;1111;994;1694;1320;1200
33397;1112;995;1694;1294;1174
33437;1113;995;1695;1292;1184
33477;1114;995;1695;1267;1207
33507;1114;995;1695;1220;1239
33547;1114;995;1695;1211;1268
33587;1112;995;1695;1209;1295
33627;1111;995;1695;1171;1315
33657;1110;995;1695;1177;1328
33697;1110;995;1695;1151;1341
33737;1110;995;1695;1137;1356
33777;1110;995;1695;1145;1370
33807;1110;995;1695;1126;1391
33847;1110;995;1695;1116;1420
33887;1105;995;1695;1108;1458
33927;1103;995;1695;1118;1481
33957;1096;995;1695;1109;1501
33997;1087;995;1695;1107;1518
34037;1082;995;1695;1096;1525
34077;1078;995;1695;1096;1538
34107;1074;995;1695;1094;1554
34147;1065;995;1695;1088;1569
34187;1056;995;1695;1083;1589
34227;1049;995;1695;1082;1611
34257;1045;995;1694;1067;1626
34297;1037;995;1694;1071;1648
34337;1031;995;1693;1073;1670
34377;1028;995;1693;1067;1700
34407;1023;995;1693;1057;1716
34447;1018;995;1693;1051;1744
34487;1015;995;1693;1044;1771
34527;1011;995;1693;1036;1807
34557;1003;995;1693;1030;1833
34597;997;995;1693;1014;1862
34627;993;995;1694;1015;1893
34637;991;995;1694;1016;1898
34677;988;995;1694;1010;1927
34707;984;995;1695;1009;1946
34747;980;995;1695;1002;1971
34757;978;996;1695;1008;1984
34797;977;996;1695;999;2000
34837;977;995;1695;1003;2006
34867;977;995;1695;1003;1998
34907;976;995;1695;1010;1986
34947;976;995;1695;1005;1988
34987;975;995;1695;1011;1977
35017;975;995;1694;1007;1979
35057;975;995;1694;1010;1985
35097;975;995;1694;1007;1949
35137;975;995;1694;1012;1881
35167;975;995;1694;1021;1834
35197;975;995;1694;1022;1807
35237;975;995;1694;1036;1749
35277;975;995;1694;1054;1665
35317;975;995;1694;1106;1602
35357;975;995;1694;1177;1560
35397;975;995;1694;1196;1524
35437;976;995;1695;1203;1481
35467;977;995;1694;1205;1459
35507;977;995;1694;1207;1437
35547;977;995;1695;1229;1415
35577;977;996;1695;1232;1406
35587;978;996;1695;1228;1399
35617;981;996;1695;1225;1383
35657;984;996;1695;1230;1355
35697;986;996;1695;1231;1349
35737;993;996;1695;1234;1338
35767;997;996;1695;1243;1338
35807;1004;996;1695;1247;1333
35847;1012;995;1695;1244;1339
35887;1019;995;1695;1246;1331
35917;1024;995;1695;1257;1322
35957;1028;995;1695;1252;1305
35997;1033;995;1695;1255;1285
36037;1036;995;1695;1270;1278
36067;1040;995;1695;1302;1276
36107;1047;995;1695;1317;1277
36147;1057;995;1695;1313;1251
36187;1065;996;1695;1330;1244
36217;1070;996;1695;1352;1241
36257;1073;996;1695;1359;1238
36297;1077;996;1695;1359;1247
36337;1080;996;1695;1359;1235
36367;1081;996;1695;1368;1233
36407;1083;996;1695;1359;1244
36447;1085;996;1695;1322;1267
36487;1085;996;1695;1310;1286
36517;1086;996;1695;1268;1312
36557;1086;996;1695;1251;1335
36597;1084;996;1695;1235;1349
36637;1082;996;1695;1227;1362
36667;1081;996;1695;1223;1382
36707;1081;996;1695;1205;1403
36747;1081;996;1695;1202;1409
36787;1081;996;1695;1194;1436
36817;1081;996;1695;1191;1468
36857;1081;996;1695;1184;1508
36897;1080;996;1695;1180;1537
36937;1077;996;1695;1174;1554
36967;1075;996;1695;1167;1564
37007;1070;996;1695;1168;1581
37047;1060;996;1695;1162;1600
37087;1054;996;1695;1161;1629
37117;1048;996;1695;1157;1645
37147;1043;996;1695;1155;1656
37187;1035;996;1695;1147;1683
37227;1030;996;1694;1151;1701
37267;1026;996;1694;1136;1722
37307;1021;996;1694;1131;1739
37347;1016;996;1694;1126;1757
37387;1012;996;1694;1123;1777
37417;1006;996;1694;1119;1804
37457;998;996;1694;1098;1831
37497;994;996;1694;1093;1870
37507;992;996;1694;1089;1878
37547;988;996;1695;1081;1922
37587;983;996;1695;1080;1967
37647;980;996;1695;1074;2014
37687;978;996;1695;1061;2019
37717;976;996;1694;1063;2021
37757;973;996;1694;1073;2020
37797;971;996;1694;1065;2012
37837;970;996;1694;1074;2009
37867;969;996;1695;1082;2012
37907;968;996;1695;1081;2012
37947;968;996;1695;1086;2010
37987;968;996;1695;1074;2012
38017;967;996;1695;1074;2007
38057;967;996;1695;1076;2005
38097;966;995;1695;1076;1995
38137;966;996;1695;1107;1883
38167;966;996;1695;1126;1787
38207;966;996;1695;1138;1698
38247;967;996;1695;1135;1632
38287;968;996;1695;1160;1598
38317;971;996;1695;1191;1563
38357;973;996;1695;1209;1545
38397;974;996;1695;1230;1498
38437;974;996;1695;1243;1471
38467;975;996;1695;1245;1456
38507;974;996;1695;1248;1434
38547;976;996;1695;1264;1421
38587;980;996;1695;1267;1408
38617;982;996;1695;1272;1394
38657;984;996;1694;1300;1375
38697;989;996;1694;1305;1366
38737;994;996;1694;1298;1338
38767;997;996;1695;1298;1337
38807;1004;996;1695;1274;1319
38847;1010;996;1695;1304;1306
38887;1018;996;1695;1323;1305
38917;1022;996;1695;1331;1297
38957;1027;996;1695;1322;1297
38997;1031;996;1694;1279;1302
39037;1036;996;1694;1279;1290
39067;1041;996;1694;1271;1284
39107;1044;996;1695;1283;1285
39147;1047;996;1695;1271;1281
39187;1050;996;1695;1270;1274
39217;1051;996;1695;1275;1270
39247;1052;996;1695;1272;1270
39287;1052;996;1695;1280;1275
39327;1052;996;1695;1288;1322
39367;1053;996;1695;1208;1348
39407;1053;996;1695;1166;1367
39447;1050;996;1695;1166;1389
39487;1048;996;1695;1139;1415
39517;1047;996;1694;1149;1444
39557;1046;996;1694;1151;1468
39597;1045;996;1694;1102;1511
39637;1045;996;1694;1089;1537
39667;1045;996;1695;1073;1561
39707;1045;996;1695;1046;1600
39747;1044;996;1695;1062;1641
39787;1039;996;1695;1036;1672
39817;1033;996;1694;1017;1705
39857;1028;996;1693;988;1738
39897;1022;996;1693;1000;1753
39937;1017;996;1693;1008;1757
39967;1014;996;1694;999;1768
39997;1009;996;1694;1002;1796
40037;1001;996;1694;991;1833
40077;996;996;1694;983;1879
40117;992;996;1694;973;1927
40157;987;996;1694;953;1966
40197;982;996;1694;933;2181
40237;979;996;1694;953;2190
40267;978;996;1695;945;2170
40327;977;996;1695;949;2143
40367;977;996;1695;951;2131
40417;977;996;1695;991;2134
40447;977;996;1695;976;2106
40487;977;996;1695;974;2002
40527;977;996;1695;1014;1907
40567;977;996;1695;1016;1841
40607;977;996;1695;1030;1784
40647;976;996;1695;1037;1700
40687;976;996;1695;1015;1658
40717;976;996;1694;1022;1625
40747;979;996;1694;1052;1568
40787;981;996;1695;1063;1527
40827;983;996;1695;1088;1507
40867;983;996;1695;1105;1476
40907;983;996;1695;1112;1443
40947;984;996;1695;1110;1409
40987;985;996;1695;1100;1418
41017;987;996;1695;1091;1389
41057;993;996;1695;1117;1357
41097;999;996;1695;1129;1343
41137;1006;996;1695;1139;1312
41167;1011;996;1695;1142;1310
41207;1018;996;1695;1128;1303
41247;1023;996;1695;1137;1311
41287;1026;996;1695;1157;1314
41317;1031;996;1695;1159;1300
41357;1035;996;1695;1163;1279
41397;1041;996;1695;1173;1260
41437;1048;996;1695;1197;1219
41467;1060;996;1695;1209;1216
41507;1067;996;1695;1209;1202
41547;1073;996;1695;1221;1205
41587;1080;996;1695;1241;1211
41617;1090;996;1695;1277;1190
41657;1096;996;1695;1264;1211
41667;1098;996;1696;1266;1215
41707;1104;996;1695;1273;1196
41747;1109;996;1695;1274;1185
41807;1113;996;1696;1303;1200
41847;1116;1001;1696;1275;1212
41887;1118;1004;1696;1267;1198
41917;1119;1005;1696;1261;1190
41957;1120;1006;1696;1244;1203
41997;1120;1006;1696;1201;1258
42037;1120;1006;1696;1152;1297
42067;1120;1006;1696;1141;1319
42107;1120;1006;1696;1120;1341
42147;1120;1006;1696;1109;1373
42187;1121;1006;1696;1093;1375
42217;1121;1006;1696;1096;1380
42257;1121;1006;1696;1094;1413
42297;1121;1006;1696;1089;1430
42337;1120;1006;1696;1084;1478
42367;1117;1006;1696;1082;1519
42407;1107;1006;1696;1078;1538
42447;1104;1006;1696;1074;1557
42487;1096;1006;1696;1059;1572
42517;1088;1006;1697;1065;1590
42557;1082;1006;1696;1059;1630
42597;1078;1006;1696;1052;1665
42637;1072;1006;1697;1050;1689
42667;1062;1006;1697;1051;1702
42707;1054;1006;1696;1054;1731
42747;1049;1006;1696;1050;1745
42787;1041;1006;1696;1049;1782
42817;1034;1006;1696;1007;1798
42857;1029;1006;1695;1044;1811
42897;1023;1006;1695;1043;1819
42937;1018;1006;1695;1034;1838
42967;1015;1006;1695;1032;1856
43007;1011;1006;1695;1020;1884
43047;1003;1006;1695;1021;1924
43067;997;1005;1695;1018;1947
43107;994;1005;1695;1013;1992
43147;991;1005;1695;1018;2034
43197;988;1005;1696;1022;2066
43237;986;1005;1696;1027;2066
43267;986;1005;1696;1021;2066
43307;986;1005;1696;1009;2065
43347;986;1005;1696;1016;2066
43387;986;1005;1696;1031;1997
43417;986;1005;1696;1033;1918
43457;986;1005;1696;1044;1819
43497;986;1005;1696;1035;1758
43537;986;1005;1696;1047;1676
43567;986;1005;1696;1061;1655
43607;985;1005;1696;1068;1633
43647;987;1005;1696;1069;1582
43687;989;1005;1696;1098;1540
43717;991;1005;1696;1089;1511
43757;992;1005;1696;1107;1451
43797;993;1005;1696;1117;1416
43837;993;1006;1696;1129;1383
43867;993;1006;1696;1126;1385
43907;994;1006;1696;1129;1373
43947;997;1006;1696;1142;1332
43987;1001;1006;1696;1149;1311
44017;1006;1006;1696;1156;1300
44057;1011;1006;1696;1165;1300
44097;1019;1006;1696;1182;1298
44137;1024;1007;1697;1187;1290
44167;1028;1007;1697;1198;1280
44207;1033;1007;1696;1202;1278
44247;1037;1007;1696;1224;1264
44287;1041;1007;1696;1221;1259
44317;1046;1007;1696;1232;1248
44357;1057;1007;1696;1241;1234
44397;1065;1007;1696;1257;1230
44437;1071;1007;1696;1277;1229
44467;1075;1006;1696;1303;1219
44507;1087;1006;1696;1312;1213
44547;1094;1006;1696;1334;1200
44587;1097;1006;1696;1333;1195
44617;1100;1006;1696;1329;1197
44657;1103;1006;1696;1330;1203
44697;1105;1006;1696;1330;1207
44737;1106;1006;1696;1328;1215
44767;1106;1006;1696;1324;1212
44807;1107;1006;1696;1291;1246
44847;1108;1006;1696;1233;1284
44887;1106;1006;1696;1188;1319
44917;1104;1006;1696;1174;1338
44957;1103;1006;1696;1157;1358
44997;1103;1006;1696;1143;1380
45037;1103;1006;1696;1139;1398
45067;1104;1006;1696;1145;1407
45107;1104;1006;1696;1132;1438
45147;1104;1006;1696;1126;1449
45187;1101;1006;1696;1115;1501
45217;1102;1006;1696;1109;1524
45257;1097;1006;1696;1110;1558
45297;1088;1006;1696;1104;1598
45337;1082;1006;1696;1095;1630
45367;1078;1006;1696;1095;1650
45397;1074;1006;1696;1092;1669
45437;1064;1005;1696;1089;1698
45477;1055;1005;1696;1093;1713
45507;1049;1006;1696;1090;1731
45547;1044;1006;1696;1085;1770
45587;1036;1006;1696;1082;1797
45627;1030;1006;1696;1081;1814
45667;1025;1006;1696;1077;1855
45707;1020;1006;1696;1074;1879
45747;1016;1006;1696;1078;1916
45787;1012;1006;1696;1078;1955
45817;1005;1006;1696;1081;1979
45857;997;1006;1696;1072;2005
45897;994;1006;1696;1047;2074
45937;989;1006;1695;1033;2114
45967;987;1006;1695;1033;2125
46007;986;1005;1695;1036;2114
46047;985;1005;1696;1042;2101
46087;985;1005;1696;1042;2094
46117;985;1005;1696;1043;2090
46147;985;1005;1696;1046;2094
46187;985;1005;1696;1046;2080
46227;985;1005;1696;1054;1995
46257;985;1005;1696;1059;1888
46297;985;1005;1696;1067;1809
46337;985;1006;1696;1078;1731
46377;984;1006;1696;1089;1650
46417;984;1006;1696;1096;1609
46457;985;1006;1696;1102;1550
46497;986;1006;1696;1121;1528
46537;987;1006;1695;1133;1491
46567;988;1006;1695;1139;1469
46607;989;1006;1695;1149;1426
46647;990;1006;1695;1157;1398
46687;991;1006;1696;1156;1376
46717;991;1006;1696;1163;1374
46757;996;1007;1696;1161;1356
46797;1000;1007;1696;1174;1318
46837;1006;1007;1696;1182;1301
46867;1010;1007;1696;1185;1293
46907;1016;1007;1696;1189;1298
46947;1022;1007;1696;1199;1291
46987;1027;1007;1696;1197;1283
47017;1031;1007;1696;1202;1279
47057;1035;1007;1696;1216;1273
47097;1040;1007;1696;1231;1271
47137;1046;1007;1696;1244;1252
47167;1056;1007;1696;1257;1244
47207;1065;1007;1696;1268;1227
47227;1069;1007;1696;1282;1225
47267;1073;1007;1696;1303;1204
47307;1082;1007;1696;1317;1204
47357;1093;1007;1696;1332;1205
47397;1095;1007;1696;1332;1204
47437;1096;1007;1696;1330;1199
47467;1098;1007;1696;1329;1196
47507;1098;1007;1696;1336;1203
47547;1098;1007;1696;1326;1211
47587;1099;1007;1696;1315;1226
47617;1099;1007;1697;1272;1260
47657;1099;1007;1697;1230;1294
47697;1099;1007;1697;1199;1330
47737;1101;1007;1697;1184;1354
47767;1102;1007;1697;1183;1369
47807;1103;1007;1697;1169;1384
47847;1103;1007;1697;1159;1402
47887;1103;1007;1697;1145;1433
47917;1103;1007;1697;1144;1445
47957;1103;1007;1697;1139;1466
47997;1103;1007;1697;1139;1518
48037;1097;1007;1697;1129;1551
48067;1090;1007;1697;1129;1586
48107;1083;1007;1697;1130;1621
48147;1079;1007;1697;1123;1658
48187;1073;1007;1697;1112;1684
48217;1063;1007;1697;1120;1702
48247;1055;1006;1696;1098;1728
48287;1049;1006;1696;1093;1767
48327;1044;1006;1696;1079;1801
48367;1036;1006;1696;1085;1815
48407;1030;1006;1696;1084;1816
48447;1026;1006;1696;1087;1831
48487;1021;1006;1696;1079;1885
48517;1017;1006;1696;1068;1910
48557;1013;1006;1696;1063;1947
48597;1007;1006;1696;1045;1986
48607;1001;1006;1696;1044;2003
48647;996;1006;1696;1047;2060
48687;993;1006;1696;1056;2109
48747;988;1006;1696;1054;2130
48787;986;1006;1696;1059;2130
48817;986;1006;1696;1061;2125
48857;986;1006;1696;1057;2124
48897;986;1006;1696;1065;2123
48937;985;1006;1696;1065;2095
48967;985;1006;1695;1059;2017
49007;985;1006;1695;1050;1928
49047;985;1006;1696;1061;1842
49087;985;1007;1696;1067;1756
49117;985;1007;1696;1080;1716
49157;985;1007;1696;1083;1677
49197;987;1007;1696;1090;1605
49237;990;1007;1696;1099;1552
49267;992;1007;1696;1110;1524
49307;993;1007;1696;1119;1498
49347;993;1007;1696;1123;1447
49387;994;1007;1696;1132;1413
49417;995;1007;1696;1138;1398
49447;997;1007;1696;1138;1394
49487;999;1007;1697;1142;1382
49527;1003;1007;1696;1149;1346
49567;1009;1007;1696;1151;1331
49607;1015;1008;1696;1158;1318
49647;1022;1008;1696;1161;1312
49687;1027;1008;1696;1159;1306
49717;1031;1008;1696;1163;1292
49757;1035;1008;1696;1173;1282
49797;1040;1008;1696;1187;1270
49837;1046;1008;1696;1205;1263
49867;1053;1008;1696;1209;1254
49907;1063;1008;1696;1225;1233
49947;1068;1008;1696;1240;1223
49987;1075;1008;1696;1251;1208
49997;1077;1008;1696;1254;1205
50077;1086;1008;1696;1292;1178
50127;1099;1007;1696;1310;1173
50167;1107;1007;1696;1320;1175
50207;1112;1007;1696;1354;1181
50247;1114;1007;1696;1344;1169
50287;1115;1007;1696;1332;1177
50317;1116;1007;1696;1293;1186
50357;1117;1007;1696;1274;1202
50397;1117;1007;1696;1238;1259
50437;1117;1007;1696;1191;1291
50467;1117;1007;1696;1170;1314
50507;1117;1007;1696;1162;1346
50547;1117;1007;1696;1156;1369
50587;1117;1007;1696;1145;1387
50617;1117;1007;1696;1137;1397
50647;1117;1007;1696;1132;1403
50687;1117;1007;1696;1140;1415
50727;1116;1007;1696;1127;1445
50767;1114;1007;1696;1119;1453
50807;1107;1007;1696;1117;1475
50847;1102;1007;1696;1115;1510
50887;1092;1007;1697;1113;1530
50917;1085;1007;1697;1112;1539
50957;1080;1007;1697;1104;1576
50997;1077;1007;1697;1096;1597
51037;1068;1007;1697;1094;1617
51067;1059;1007;1697;1091;1639
51107;1053;1007;1697;1080;1656
51137;1048;1008;1696;1086;1673
51177;1043;1008;1696;1075;1700
51217;1034;1008;1696;1069;1726
51247;1029;1008;1696;1058;1744
51287;1027;1008;1696;1063;1765
51327;1021;1007;1696;1051;1796
51367;1016;1007;1696;1042;1838
51407;1013;1007;1696;1035;1877
51447;1008;1007;1696;1032;1933
51487;999;1007;1696;1029;1961
51507;994;1007;1696;1026;1979
51557;991;1007;1696;1034;2021
51597;988;1007;1696;1038;2039
51637;986;1007;1696;1037;2046
51667;985;1007;1696;1042;2038
51707;985;1007;1696;1046;2035
51717;985;1007;1696;1043;2034
51767;985;1007;1696;1047;2031
51807;985;1007;1696;1049;2022
51857;985;1007;1696;1061;1981
51897;985;1007;1696;1064;1900
51937;985;1007;1696;1071;1771
51967;985;1007;1696;1067;1704
52007;985;1007;1696;1074;1655
52047;985;1007;1696;1076;1633
52077;985;1007;1696;1081;1573
52087;985;1008;1696;1090;1548
52117;986;1008;1696;1095;1516
52157;988;1008;1696;1105;1484
52197;989;1008;1696;1112;1472
52237;990;1008;1696;1123;1448
52267;991;1008;1696;1127;1434
52307;991;1008;1696;1133;1408
52347;992;1008;1696;1137;1409
52387;996;1008;1696;1140;1388
52417;999;1008;1696;1138;1371
52457;1005;1008;1696;1141;1329
52497;1011;1008;1696;1148;1322
52537;1019;1008;1696;1153;1321
52567;1024;1009;1696;1153;1321
52597;1029;1008;1696;1157;1305
52607;1031;1008;1696;1157;1306
52647;1035;1008;1696;1156;1301
52687;1039;1008;1696;1160;1304
52717;1042;1008;1697;1161;1292
52757;1046;1008;1696;1178;1278
52797;1058;1008;1696;1201;1250
52837;1066;1008;1696;1216;1237
52867;1070;1008;1696;1224;1231
52897;1075;1008;1696;1230;1223
52937;1082;1009;1696;1235;1226
52977;1091;1009;1696;1264;1194
53017;1099;1009;1696;1276;1204
53057;1107;1008;1696;1286;1195
53097;1112;1008;1696;1295;1191
53137;1118;1008;1696;1296;1188
53167;1123;1008;1696;1295;1187
53207;1126;1008;1696;1297;1190
53247;1128;1008;1696;1281;1183
53287;1130;1008;1696;1253;1197
53317;1131;1008;1696;1242;1198
53357;1131;1008;1696;1220;1229
53397;1131;1008;1696;1189;1274
53437;1130;1008;1696;1151;1300
53467;1129;1007;1696;1146;1324
53507;1130;1007;1696;1141;1352
53547;1130;1007;1696;1132;1367
53587;1130;1007;1696;1122;1384
53617;1130;1007;1696;1120;1381
53657;1130;1007;1696;1116;1395
53697;1126;1008;1696;1109;1431
53737;1121;1008;1696;1107;1447
53767;1117;1008;1696;1103;1454
53797;1110;1008;1697;1099;1479
53837;1105;1008;1697;1099;1500
53877;1097;1008;1697;1096;1546
53917;1088;1008;1697;1083;1584
53957;1082;1008;1697;1075;1607
53997;1078;1008;1697;1075;1629
54037;1068;1008;1697;1073;1647
54067;1058;1008;1696;1072;1666
54107;1052;1008;1696;1070;1698
54147;1048;1008;1696;1069;1728
54187;1040;1008;1696;1065;1753
54217;1032;1008;1696;1064;1768
54257;1028;1008;1695;1057;1809
54297;1023;1008;1695;1053;1831
54337;1019;1008;1695;1052;1860
54367;1016;1008;1695;1050;1889
54407;1013;1008;1695;1045;1921
54447;1006;1008;1695;1043;1970
54487;998;1008;1695;1037;2009
54517;995;1008;1695;1035;2028
54557;992;1008;1695;1033;2071
54597;989;1008;1696;1038;2080
54637;987;1007;1696;1029;2074
54667;986;1007;1696;1028;2074
54707;985;1007;1696;1034;2069
54747;984;1007;1696;1037;2079
54787;984;1007;1696;1037;2003
54817;984;1007;1696;1029;1936
54857;985;1007;1696;1043;1852
54897;985;1007;1696;1046;1772
54937;985;1007;1696;1050;1687
54967;985;1007;1696;1056;1631
55017;986;1007;1696;1054;1610
55057;988;1007;1696;1072;1538
55117;991;1007;1696;1091;1496
55157;993;1008;1696;1099;1470
55197;994;1008;1696;1118;1429
55237;995;1008;1696;1127;1405
55267;996;1008;1696;1122;1389
55307;997;1008;1696;1127;1382
55347;998;1008;1696;1106;1382
55387;999;1008;1696;1141;1366
55417;1004;1008;1696;1099;1334
55457;1009;1008;1696;1132;1313
55487;1014;1008;1696;1131;1294
55527;1021;1008;1696;1142;1286
55567;1025;1008;1696;1150;1279
55607;1030;1008;1696;1118;1277
55647;1033;1008;1696;1133;1270
55687;1039;1008;1696;1147;1261
55717;1044;1008;1696;1155;1238
55757;1052;1008;1696;1164;1225
55797;1062;1008;1696;1173;1220
55837;1068;1008;1696;1181;1210
55867;1073;1008;1696;1197;1205
55907;1083;1008;1696;1210;1194
55947;1091;1008;1696;1221;1191
55987;1098;1008;1696;1236;1188
56017;1106;1008;1696;1239;1185
56047;1113;1008;1696;1243;1185
56087;1120;1008;1696;1256;1176
56127;1125;1008;1696;1260;1164
56167;1129;1008;1696;1258;1163
56207;1132;1008;1698;1255;1151
56247;1135;1008;1700;1255;1158
56287;1136;1008;1701;1254;1177
56317;1139;1009;1701;1246;1169
56357;1140;1009;1701;1220;1192
56397;1141;1009;1701;1207;1230
56437;1141;1009;1701;1198;1253
56467;1142;1009;1702;1183;1288
56507;1141;1009;1702;1140;1306
56547;1140;1009;1702;1118;1325
56587;1140;1009;1702;1110;1350
56617;1140;1009;1702;1106;1365
56657;1140;1009;1702;1099;1380
56697;1140;1009;1702;1089;1400
56737;1140;1009;1702;1091;1421
56767;1136;1008;1702;1072;1439
56807;1134;1009;1702;1072;1443
56847;1132;1009;1702;1071;1469
56887;1125;1009;1702;1065;1487
56917;1120;1009;1702;1061;1496
56967;1111;1009;1702;1058;1528
57007;1107;1009;1702;1055;1544
57067;1096;1009;1702;1053;1589
57107;1087;1009;1702;1042;1630
57147;1081;1009;1702;1036;1659
57187;1076;1009;1702;1044;1683
57217;1069;1009;1702;1034;1698
57257;1059;1009;1702;1031;1717
57297;1052;1009;1702;1031;1755
57337;1047;1009;1703;1028;1775
57367;1041;1009;1702;1022;1791
57407;1034;1009;1702;1022;1812
57447;1029;1009;1702;1018;1843
57487;1024;1009;1702;1015;1866
57517;1020;1009;1702;1012;1882
57557;1016;1009;1702;1007;1916
57597;1013;1009;1702;1006;1958
57637;1008;1009;1702;1006;1991
57667;1002;1009;1702;1002;2017
57707;997;1009;1702;1000;2035
57737;994;1009;1702;997;2039
57747;993;1009;1702;1002;2038
57787;992;1009;1702;1001;2035
57817;992;1009;1702;1002;2029
57857;992;1009;1702;1002;2028
57937;992;1009;1702;1006;1976
57997;992;1009;1702;1013;1846
58037;992;1009;1702;1016;1769
58077;992;1009;1702;1025;1676
58117;992;1009;1702;1030;1642
58157;993;1009;1702;1044;1595
58197;997;1009;1702;1054;1550
58237;999;1009;1702;1068;1517
58267;1000;1009;1702;1073;1498
58307;1001;1009;1702;1076;1460
58317;1001;1009;1702;1074;1444
58357;1001;1009;1702;1076;1425
58397;1001;1009;1702;1088;1411
58457;1001;1009;1702;1094;1399
58497;1004;1009;1702;1103;1373
58537;1009;1009;1702;1115;1330
58567;1015;1009;1702;1119;1316
58607;1021;1009;1703;1128;1307
58647;1025;1009;1703;1125;1293
58687;1030;1009;1703;1122;1298
58717;1035;1009;1703;1125;1294
58757;1038;1009;1703;1137;1276
58797;1043;1009;1703;1159;1253
58837;1052;1010;1703;1162;1247
58867;1062;1010;1703;1171;1242
58907;1068;1010;1703;1182;1236
58947;1074;1010;1703;1198;1232
58987;1081;1010;1703;1208;1208
59017;1092;1010;1703;1216;1203
59057;1096;1010;1703;1227;1197
59097;1105;1010;1703;1237;1193
59137;1111;1010;1703;1257;1202
59167;1119;1009;1703;1278;1201
59207;1124;1009;1703;1283;1191
59247;1128;1009;1703;1288;1171
59287;1135;1009;1703;1298;1161
59317;1140;1009;1703;1289;1152
59357;1144;1009;1703;1292;1157
59397;1146;1009;1703;1276;1158
59437;1148;1009;1703;1237;1193
59467;1149;1010;1703;1212;1225
59507;1149;1010;1703;1211;1239
59547;1149;1010;1703;1191;1270
59587;1149;1010;1703;1157;1295
59617;1148;1010;1703;1128;1314
59657;1148;1010;1703;1115;1349
59697;1148;1011;1703;1098;1367
59737;1148;1011;1703;1104;1383
59767;1148;1011;1703;1083;1400
59797;1148;1011;1703;1072;1405
59837;1145;1011;1703;1072;1417
59877;1139;1011;1703;1063;1442
59917;1135;1011;1703;1059;1465
59957;1132;1011;1703;1046;1486
59997;1125;1011;1703;1048;1510
60037;1119;1011;1703;1050;1532
60067;1110;1011;1703;1043;1560
60107;1106;1011;1703;1035;1577
60137;1101;1011;1703;1042;1616
60147;1096;1011;1703;1044;1624
60187;1087;1011;1703;1036;1661
60217;1082;1011;1703;1041;1673
60257;1078;1011;1703;1040;1695
60297;1073;1011;1703;1038;1721
60337;1063;1011;1703;1027;1742
60367;1055;1011;1703;1030;1759
60407;1049;1011;1703;1024;1784
60447;1045;1011;1703;1017;1812
60487;1037;1011;1703;1016;1842
60517;1031;1011;1703;1007;1848
60557;1028;1011;1703;1009;1878
60597;1022;1011;1703;1001;1883
60637;1017;1011;1703;1004;1899
60667;1014;1011;1703;997;1918
60707;1008;1011;1703;1000;1942
60747;1000;1011;1703;1007;1968
60787;994;1011;1703;1003;1995
60817;993;1011;1703;1002;2007
60857;992;1011;1703;1006;2003
60897;992;1011;1703;1005;1999
60937;992;1011;1703;1008;1998
60967;992;1011;1703;1008;1998
61007;992;1011;1703;1009;1987
61047;992;1011;1703;1008;1931
61087;992;1011;1702;1011;1837
61117;992;1011;1702;1019;1776
61157;992;1011;1702;1029;1674
61197;992;1011;1702;1032;1645
61237;992;1011;1702;1042;1588
61267;994;1011;1702;1059;1560
61307;997;1011;1702;1068;1536
61347;999;1011;1702;1079;1504
61387;1000;1011;1702;1084;1458
61417;1000;1011;1702;1092;1429
61457;1001;1011;1702;1095;1412
61497;1001;1011;1702;1098;1413
61537;1003;1011;1703;1099;1397
61567;1007;1011;1703;1099;1368
61597;1011;1011;1703;1104;1356
61637;1017;1011;1703;1109;1338
61677;1023;1011;1703;1122;1327
61717;1027;1011;1703;1137;1317
61757;1032;1011;1703;1130;1302
61797;1037;1011;1703;1127;1304
61837;1042;1011;1703;1133;1294
61867;1046;1011;1703;1139;1291
61907;1056;1011;1703;1154;1270
61947;1064;1011;1703;1173;1240
61987;1071;1011;1703;1180;1232
62017;1076;1011;1703;1193;1236
62057;1085;1011;1703;1209;1232
62097;1093;1011;1703;1237;1215
62137;1102;1011;1703;1250;1215
62167;1108;1011;1703;1263;1207
62207;1113;1010;1703;1269;1200
62247;1121;1010;1703;1281;1202
62287;1125;1010;1703;1284;1186
62317;1128;1010;1703;1289;1177
62357;1131;1010;1703;1297;1176
62397;1132;1010;1703;1282;1173
62437;1134;1010;1704;1274;1193
62467;1134;1010;1703;1240;1218
62497;1134;1010;1703;1217;1256
62537;1135;1011;1703;1210;1271
62577;1135;1011;1703;1163;1312
62617;1135;1011;1703;1114;1336
62657;1135;1011;1703;1107;1360
62697;1134;1011;1703;1090;1381
62737;1134;1011;1703;1082;1397
62767;1134;1011;1703;1084;1405
62807;1134;1011;1703;1075;1426
62847;1133;1011;1703;1074;1448
62887;1132;1011;1703;1065;1463
62917;1130;1011;1703;1065;1481
62957;1124;1011;1703;1055;1530
62997;1119;1011;1703;1051;1552
63037;1111;1011;1703;1050;1571
63067;1106;1011;1703;1050;1595
63097;1102;1011;1703;1046;1626
63137;1094;1011;1704;1046;1663
63177;1086;1011;1704;1043;1695
63217;1080;1011;1704;1049;1732
63257;1076;1011;1704;1044;1760
63297;1066;1011;1704;1043;1783
63337;1056;1011;1704;1038;1802
63367;1049;1011;1703;1038;1814
63397;1046;1011;1703;1036;1830
63437;1040;1011;1703;1035;1864
63477;1033;1011;1703;1023;1892
63517;1029;1011;1703;1015;1923
63547;1026;1011;1703;1016;1977
63587;1021;1011;1703;1016;2065
63627;1018;1011;1703;1013;2114
63667;1015;1011;1703;1014;2118
63707;1013;1011;1703;1021;2101
63747;1013;1011;1703;1019;2071
63787;1012;1011;1703;1018;2030
63817;1012;1011;1703;1018;1994
63857;1012;1011;1703;1019;1916
63867;1012;1011;1703;1026;1887
63907;1012;1011;1703;1029;1800
63947;1012;1010;1703;1038;1708
64007;1012;1010;1703;1040;1663
64047;1012;1010;1703;1044;1596
64087;1012;1010;1703;1059;1545
64117;1014;1011;1703;1072;1503
64157;1016;1011;1703;1076;1480
64197;1017;1011;1703;1082;1438
64237;1018;1011;1703;1089;1415
64267;1018;1011;1703;1094;1407
64307;1019;1011;1703;1091;1386
64347;1019;1011;1703;1109;1357
64387;1022;1011;1703;1124;1340
64417;1026;1011;1703;1132;1325
64457;1029;1011;1703;1128;1304
64497;1033;1011;1703;1134;1287
64537;1038;1011;1703;1136;1284
64567;1042;1011;1703;1133;1285
64597;1045;1011;1703;1157;1279
64637;1054;1011;1703;1159;1261
64677;1063;1011;1703;1167;1251
64717;1069;1011;1703;1174;1246
64757;1076;1011;1703;1183;1244
64797;1085;1011;1703;1187;1239
64837;1091;1011;1703;1196;1219
64867;1098;1011;1703;1212;1216
64907;1106;1011;1703;1236;1199
64947;1114;1011;1703;1263;1191
64987;1122;1011;1703;1273;1178
65017;1127;1011;1703;1283;1173
65047;1130;1011;1703;1290;1178
65087;1138;1011;1703;1287;1180
65127;1143;1011;1703;1289;1164
65167;1146;1011;1702;1284;1163
65207;1148;1011;1702;1275;1170
65247;1148;1011;1702;1239;1227
65257;1149;1011;1703;1235;1235
65297;1150;1011;1703;1205;1277
65337;1150;1011;1703;1166;1294
65397;1149;1011;1703;1108;1335
65437;1149;1011;1703;1095;1346
65467;1149;1011;1703;1095;1361
65507;1149;1011;1703;1090;1376
11;1149;1011;1703;1081;1390
51;1149;1011;1703;1088;1396
81;1148;1011;1703;1083;1407
121;1140;1011;1703;1074;1439
161;1136;1011;1703;1061;1462
201;1133;1011;1703;1056;1491
231;1126;1011;1703;1052;1515
271;1121;1011;1703;1050;1542
311;1111;1010;1703;1057;1571
351;1106;1010;1703;1045;1594
381;1101;1010;1703;1035;1615
421;1092;1011;1703;1039;1653
461;1085;1011;1703;1033;1682
501;1080;1011;1703;1036;1699
531;1077;1011;1703;1033;1727
561;1072;1011;1703;1032;1744
601;1061;1011;1703;1032;1769
641;1054;1011;1703;1022;1791
681;1049;1011;1703;1019;1816
721;1043;1011;1703;1020;1837
761;1034;1011;1703;1008;1863
801;1029;1011;1703;1000;1898
831;1026;1011;1703;998;1916
871;1020;1011;1703;997;1945
911;1016;1011;1703;994;1972
951;1014;1011;1703;996;1992
981;1013;1011;1702;992;1994
1021;1012;1011;1703;995;1996
1061;1012;1011;1703;993;1993
1101;1012;1011;1703;998;1989
1131;1011;1011;1703;997;1989
1171;1011;1011;1703;999;1980
1211;1011;1011;1703;1003;1927
1251;1011;1011;1703;1006;1837
1281;1011;1011;1703;1010;1777
1321;1011;1011;1703;1013;1699
1361;1011;1011;1703;1021;1671
1401;1011;1011;1703;1032;1598
1431;1011;1011;1703;1038;1552
1471;1012;1011;1703;1048;1510
1511;1013;1011;1703;1060;1481
1551;1014;1011;1703;1067;1448
1581;1015;1011;1703;1077;1428
1621;1015;1011;1703;1082;1415
1661;1015;1011;1703;1085;1395
1701;1015;1011;1703;1090;1377
1731;1017;1011;1703;1092;1377
1761;1022;1012;1703;1096;1363
1801;1025;1012;1703;1108;1335
1841;1030;1012;1703;1110;1315
1881;1036;1012;1703;1109;1303
1921;1041;1012;1703;1114;1295
1961;1045;1011;1703;1119;1290
2001;1054;1011;1703;1126;1279
2031;1063;1011;1703;1131;1273
2071;1069;1011;1703;1144;1262
2111;1073;1011;1703;1155;1252
2151;1083;1011;1702;1173;1232
2181;1093;1011;1702;1182;1221
2221;1096;1011;1702;1183;1214
2261;1105;1011;1703;1204;1199
2301;1112;1011;1703;1224;1194
2331;1117;1011;1703;1240;1189
2371;1123;1011;1703;1256;1183
2411;1127;1011;1703;1268;1167
2451;1137;1011;1703;1279;1157
2481;1143;1011;1703;1288;1152
2511;1147;1011;1703;1291;1146
2551;1150;1011;1704;1293;1156
2591;1152;1016;1704;1251;1175
2631;1154;1019;1704;1236;1180
2671;1155;1021;1705;1210;1197
2711;1155;1022;1705;1187;1238
2751;1155;1022;1705;1175;1254
2781;1155;1023;1705;1138;1273
2821;1155;1023;1705;1104;1293
2861;1155;1023;1705;1099;1318
2901;1155;1023;1705;1092;1333
2931;1155;1023;1705;1094;1339
2971;1155;1023;1705;1088;1359
3011;1155;1023;1705;1089;1367
3051;1153;1023;1705;1077;1393
3081;1151;1023;1705;1076;1415
3121;1144;1022;1705;1072;1436
3161;1138;1023;1705;1071;1441
3201;1134;1023;1705;1065;1455
3231;1130;1023;1705;1052;1486
3271;1124;1023;1705;1052;1525
3311;1118;1023;1705;1050;1549
3351;1109;1023;1705;1044;1572
3381;1105;1023;1705;1046;1588
3421;1096;1023;1705;1043;1604
3461;1088;1023;1705;1034;1623
3501;1081;1023;1705;1036;1662
3531;1078;1023;1705;1037;1688
3571;1073;1023;1705;1038;1709
3611;1061;1022;1705;1036;1735
3651;1054;1022;1705;1036;1776
3681;1049;1022;1705;1034;1799
3721;1045;1022;1705;1030;1819
3761;1037;1022;1706;1026;1853
3801;1031;1022;1706;1021;1882
3831;1026;1022;1706;1020;1899
3871;1022;1022;1706;1014;1930
3901;1019;1022;1706;1005;1950
3941;1015;1022;1706;1007;1987
3981;1013;1022;1706;1007;2006
4021;1010;1022;1706;1008;2023
4061;1007;1022;1706;1009;2021
4101;1006;1022;1706;1009;2008
4131;1005;1022;1706;1007;2004
4171;1005;1022;1706;1014;2007
4211;1004;1022;1706;1017;2010
4251;1004;1022;1706;1018;1969
4281;1004;1022;1706;1021;1917
4321;1004;1022;1706;1028;1828
4361;1004;1022;1706;1036;1734
4401;1004;1022;1706;1041;1676
4431;1004;1022;1706;1048;1652
4471;1005;1022;1706;1058;1592
4511;1008;1022;1706;1064;1542
4551;1011;1022;1706;1077;1513
4581;1012;1023;1706;1085;1476
4621;1013;1023;1706;1093;1431
4661;1013;1023;1706;1105;1397
4701;1014;1023;1706;1104;1387
4731;1013;1023;1706;1110;1354
4761;1014;1023;1706;1112;1341
4791;1018;1022;1706;1119;1334
4831;1023;1022;1706;1127;1328
4871;1027;1022;1705;1131;1310
4921;1034;1022;1705;1143;1283
4961;1039;1023;1705;1147;1268
5001;1042;1023;1706;1154;1266
5031;1048;1023;1706;1157;1258
5061;1056;1023;1706;1176;1247
5101;1064;1023;1706;1203;1238
5141;1071;1023;1706;1221;1225
5181;1077;1023;1706;1230;1213
5221;1088;1023;1706;1255;1210
5261;1092;1024;1706;1297;1210
5301;1102;1024;1706;1348;1210
5331;1109;1024;1706;1398;1194
5371;1109;1024;1706;1447;1201
5411;1113;1024;1706;1480;1198
5451;1119;1024;1706;1448;1187
5481;1124;1024;1705;1572;1258
5521;1126;1024;1706;1799;1326
5561;1128;1025;1706;1844;1354
5601;1129;1025;1706;2765;1494
5631;1130;1025;1705;2803;1520
5671;1130;1025;1705;2818;1561
5711;1127;1025;1705;2797;1581
5751;1122;1025;1705;2739;1590
5781;1120;1025;1705;2718;1590
5821;1118;1025;1705;2716;1606
5861;1119;1025;1705;2621;1603
5901;1119;1025;1705;2578;1596
5931;1119;1025;1705;2614;1600
5971;1119;1025;1705;2738;1568
6011;1119;1025;1705;2799;1545
6051;1119;1025;1705;3278;1920
6081;1121;1026;1705;3458;2047
6121;1125;1026;1706;3571;2086
6161;1129;1025;1706;3669;2033
6201;1134;1031;1706;3689;2032
6231;1139;1034;1706;3698;2012
6271;1147;1044;1706;3710;2082
6311;1158;1048;1706;3780;2061
6351;1167;1051;1705;3842;2006
6381;1175;1056;1705;3842;2026
6421;1184;1064;1706;3878;2037
6461;1194;1071;1706;3925;2046
6501;1200;1074;1706;3974;2059
6531;1202;1075;1709;3994;2058
6571;1212;1084;1710;4028;2106
6611;1225;1093;1711;4072;2135
6651;1232;1102;1711;4094;2139
6681;1243;1108;1712;4094;2156
6721;1247;1116;1712;4094;2174
6761;1257;1127;1713;4094;2174
6801;1267;1137;1715;4094;2185
6831;1277;1140;1716;4094;2183
6871;1291;1153;1717;4094;2182
6911;1299;1163;1718;4094;2201
6951;1306;1175;1719;4095;2205
6981;1313;1182;1719;4095;2204
7011;1318;1181;1720;4095;2211
7051;1329;1194;1720;4095;2192
7091;1334;1205;1720;4082;2164
7131;1332;1211;1721;4037;2148
7171;1348;1215;1723;3994;2148
7211;1363;1228;1725;3955;2140
7251;1372;1238;1727;3925;2116
7281;1386;1247;1729;3919;2072
7321;1399;1260;1730;3895;2031
7361;1404;1268;1731;3889;1994
7401;1411;1279;1731;3855;1971
7431;1427;1292;1731;3847;1936
7471;1440;1306;1731;3846;1932
7511;1448;1323;1731;3850;1916
7551;1458;1332;1731;3868;1919
7581;1469;1339;1732;3875;1934
7621;1479;1341;1732;3872;1941
7661;1484;1356;1733;3881;1936
7701;1495;1365;1733;3889;1938
7731;1497;1374;1733;3889;1959
7771;1504;1382;1734;3883;1933
7811;1520;1386;1736;3884;1939
7851;1527;1395;1735;3892;1939
7881;1534;1405;1735;3897;1957
7921;1548;1411;1735;3890;1935
7961;1572;1424;1736;3885;1941
8001;1605;1431;1737;3873;1947
8031;1648;1431;1737;3862;1943
8071;1686;1432;1738;3837;1956
8111;1714;1431;1739;3819;1990
8151;1727;1446;1739;3814;2032
8181;1746;1454;1740;3818;2007
8221;1757;1465;1743;3798;2022
8261;1766;1474;1744;3785;2002
8301;1772;1482;1747;3772;1969
8331;1779;1486;1749;3745;1953
8371;1779;1489;1751;3724;1906
8401;1794;1494;1753;3710;1890
8441;1811;1488;1754;3676;1847
8481;1819;1492;1755;3673;1820
8521;1831;1500;1757;3685;1813
8561;1841;1504;1758;3682;1625
8601;1854;1518;1759;3666;1687
8631;1861;1526;1759;3719;1691
8671;1874;1535;1759;3744;1659
8711;1888;1535;1760;3752;1663
8751;1896;1532;1761;3745;1658
8781;1902;1540;1762;3731;1663
8821;1914;1511;1763;3744;1661
8861;1925;1539;1764;3764;1661
8901;1933;1559;1765;3712;1587
8931;1938;1572;1766;3668;1558
8971;1938;1583;1768;3613;1519
9011;1954;1592;1769;3535;1508
9051;1963;1598;1770;3549;1481
9081;1967;1603;1771;3586;1461
9121;1974;1608;1772;3598;1467
9161;1983;1611;1773;3584;1462
9201;1991;1616;1775;3619;1455
9231;2002;1621;1776;3593;1448
9271;2009;1625;1778;3528;1392
9311;2011;1627;1779;3470;1360
9351;2020;1635;1779;3144;1388
9381;2026;1641;1780;3106;1352
9421;2096;1644;1780;3152;1349
9461;2131;1646;1781;3238;1352
9501;2157;1650;1782;3241;1333
9531;2169;1654;1783;3239;1364
9561;2180;1660;1784;3169;1373
9601;2192;1663;1784;3313;1338
9641;2195;1672;1785;3387;1371
9681;2204;1677;1785;3441;1384
9721;2210;1683;1786;3506;1381
9761;2220;1687;1789;3494;1392
9801;2225;1696;1790;3509;1396
9831;2229;1699;1790;3537;1412
9871;2236;1700;1790;3517;1422
9911;2244;1701;1790;3572;1420
9951;2247;1701;1791;3550;1429
9981;2250;1702;1791;3553;1421
10021;2254;1702;1792;3501;1411
10061;2258;1702;1794;3448;1393
10101;2263;1702;1795;3472;1390
10131;2267;1703;1795;3454;1380
10171;2275;1703;1796;3421;1370
10211;2278;1702;1796;3381;1361
10251;2281;1702;1796;3402;1394
10281;2287;1687;1797;3429;1394
10311;2290;1680;1800;3429;1374
10351;2293;1672;1802;3180;1332
10391;2300;1664;1803;3055;1344
10431;2302;1660;1804;3100;1357
10471;2299;1659;1805;3066;1392
10511;2302;1659;1805;3156;1409
10551;2306;1661;1805;3231;1406
10581;2307;1667;1805;3246;1403
10621;2308;1667;1806;3109;1363
10661;2312;1663;1806;3002;1330
10701;2313;1642;1806;2956;1301
10731;2315;1682;1806;2945;1305
10771;2315;1702;1805;2873;1297
10811;2317;1712;1806;2770;1272
10851;2320;1718;1807;2521;1164
10881;2323;1721;1808;2469;1151
10911;2324;1722;1808;2442;1139
10951;2325;1723;1808;2428;1156
10991;2330;1723;1808;2460;1161
11031;2333;1724;1808;2556;1163
11071;2333;1724;1808;2566;1170
11111;2333;1724;1809;2570;1167
11151;2335;1724;1809;2566;1174
11181;2335;1724;1809;2584;1168
11221;2334;1724;1809;2551;1163
11261;2334;1725;1809;2553;1167
11301;2335;1725;1810;2550;1176
11331;2338;1725;1810;2553;1178
11361;2339;1726;1810;2562;1179
11401;2341;1726;1810;2568;1184
11441;2341;1726;1809;2571;1185
11481;2341;1726;1809;2595;1188
11521;2344;1726;1809;2600;1187
11561;2344;1726;1810;2601;1181
11601;2343;1726;1810;2626;1179
11631;2343;1727;1810;2572;1184
11671;2343;1726;1810;2581;1185
11711;2343;1727;1810;2580;1191
11751;2343;1727;1810;2580;1190
11781;2343;1727;1810;2570;1191
11821;2343;1727;1810;2588;1192
11861;2343;1727;1810;2607;1194
11901;2343;1727;1810;2636;1191
11931;2343;1727;1810;2664;1192
11971;2342;1727;1810;2631;1194
12011;2342;1727;1810;2628;1192
12051;2342;1727;1810;2642;1196
12081;2342;1727;1810;2644;1201
12121;2342;1728;1810;2622;1200
12161;2342;1727;1810;2704;1200
12201;2342;1728;1810;2773;1197
12211;2342;1728;1810;2774;1197
12291;2342;1727;1810;2815;1194
12341;2342;1728;1810;2853;1198
12381;2343;1728;1810;2845;1202
12421;2343;1728;1810;2845;1203
12461;2343;1728;1810;2822;1204
12501;2342;1728;1810;2825;1207
12531;2342;1728;1810;2812;1206
12571;2342;1728;1810;2701;1207
12611;2341;1728;1810;2711;1206
12651;2341;1728;1810;2699;1207
12681;2341;1728;1810;2797;1209
12721;2341;1728;1810;2746;1207
12761;2341;1729;1811;2626;1207
12801;2341;1729;1811;2643;1209
12831;2342;1729;1811;2672;1213
12871;2342;1729;1811;2697;1215
12911;2342;1729;1810;2706;1217
12951;2342;1729;1810;2695;1217
12981;2342;1729;1810;2700;1220
13021;2341;1729;1810;2755;1220
13061;2342;1729;1810;2767;1220
13101;2342;1729;1811;2763;1216
13131;2342;1729;1811;2779;1216
13171;2342;1729;1811;2696;1218
13211;2342;1729;1811;2681;1217
13251;2342;1729;1811;2679;1217
13281;2342;1729;1811;2660;1218
13321;2342;1729;1811;2670;1214
13361;2342;1730;1811;2663;1217
13401;2342;1730;1811;2679;1219
13431;2342;1730;1811;2613;1237
13471;2343;1729;1811;2548;1249
13511;2345;1729;1811;2452;1267
13551;2346;1729;1811;2420;1273
13571;2346;1729;1811;2406;1276
13581;2346;1729;1811;2404;1276
13641;2346;1729;1811;2379;1277
13681;2345;1729;1811;2374;1276
13731;2344;1729;1811;2438;1276
13771;2344;1729;1811;2440;1274
13811;2344;1729;1811;2442;1275
13851;2343;1729;1811;2436;1275
13881;2343;1729;1811;2439;1274
13911;2343;1729;1811;2457;1275
13951;2344;1729;1811;2453;1275
13991;2345;1729;1811;2459;1274
14031;2345;1729;1811;2447;1275
14071;2345;1729;1811;2466;1270
14111;2345;1729;1811;2518;1264
14151;2345;1729;1811;2606;1266
14181;2345;1729;1812;2608;1266
14221;2345;1729;1812;2584;1265
14261;2344;1729;1812;2516;1266
14301;2344;1729;1811;2597;1267
14331;2343;1729;1811;2597;1268
14371;2343;1729;1811;2604;1268
14411;2343;1729;1811;2606;1268
14451;2344;1729;1811;2605;1269
14481;2344;1729;1811;2615;1269
14521;2344;1729;1812;2602;1269
14561;2345;1729;1812;2528;1270
14601;2345;1729;1812;2547;1270
14631;2345;1729;1812;2587;1269
14671;2345;1729;1812;2592;1270
14711;2345;1729;1812;2598;1270
14751;2344;1729;1812;2669;1272
14781;2344;1729;1812;2545;1271
14811;2344;1729;1811;2570;1273
14851;2344;1729;1811;2693;1272
14891;2344;1729;1811;2643;1273
14931;2344;1729;1811;2454;1272
14971;2344;1729;1811;2451;1272
15031;2344;1729;1811;2524;1275
15071;2344;1729;1811;2652;1274
15121;2344;1729;1812;2467;1272
15161;2344;1729;1812;2440;1273
15201;2344;1729;1812;2428;1273
15231;2344;1729;1811;2432;1274
15271;2344;1729;1811;2660;1276
15311;2344;1729;1811;2714;1278
15351;2344;1729;1812;2798;1273
15381;2345;1729;1812;2809;1268
15421;2347;1729;1812;2865;1264
15461;2348;1730;1812;2643;1266
15501;2348;1730;1812;2712;1268
15531;2346;1730;1812;2781;1261
15571;2345;1730;1812;2757;1265
15611;2344;1730;1812;2680;1262
15651;2344;1730;1812;2650;1272
15681;2344;1730;1812;2600;1262
15711;2344;1730;1812;2592;1262
15751;2344;1730;1812;2641;1276
15791;2343;1730;1812;2626;1269
15831;2343;1730;1812;2649;1272
15871;2343;1730;1812;2674;1275
15911;2344;1730;1812;2707;1261
15951;2345;1730;1812;2708;1259
15981;2345;1730;1812;2704;1256
16021;2347;1730;1812;2759;1251
16061;2348;1730;1812;2782;1252
16101;2347;1730;1813;2706;1250
16131;2346;1730;1813;2673;1252
16161;2346;1730;1814;2677;1253
16201;2346;1730;1813;2670;1243
16241;2346;1730;1812;2620;1225
16281;2346;1730;1812;2568;1234
16321;2345;1730;1812;2532;1238
16361;2344;1730;1813;2499;1248
16401;2344;1730;1814;2515;1243
16431;2344;1730;1814;2510;1243
16461;2344;1730;1814;2525;1254
16501;2344;1730;1814;2496;1258
16541;2343;1730;1814;2527;1258
16581;2343;1730;1814;2557;1249
16611;2343;1730;1814;2563;1253
16651;2343;1729;1814;2523;1254
16691;2343;1729;1814;2534;1257
16731;2343;1729;1814;2512;1260
16771;2342;1729;1814;2476;1259
16811;2342;1729;1814;2489;1256
16851;2342;1729;1814;2466;1259
16881;2342;1729;1814;2457;1255
16911;2342;1729;1814;2468;1257
16951;2343;1729;1814;2471;1258
16991;2343;1729;1814;2471;1262
17031;2343;1730;1814;2455;1261
17071;2343;1730;1815;2461;1259
17111;2343;1730;1815;2462;1259
17151;2343;1730;1815;2469;1257
17181;2343;1730;1815;2470;1258
17211;2343;1730;1815;2476;1257
17251;2343;1729;1814;2471;1260
17291;2343;1729;1814;2491;1260
17331;2343;1729;1814;2459;1256
17371;2342;1729;1814;2460;1257
17411;2342;1729;1815;2479;1260
17451;2342;1729;1815;2459;1257
17481;2342;1730;1815;2487;1257
17511;2342;1730;1815;2468;1257
17551;2342;1730;1815;2480;1258
17591;2342;1730;1815;2469;1258
17631;2342;1730;1815;2466;1258
17671;2342;1730;1815;2461;1256
17711;2342;1730;1815;2494;1259
17751;2342;1730;1815;2499;1260
17781;2342;1730;1815;2645;1261
17821;2342;1730;1815;2616;1261
17861;2342;1730;1815;2670;1264
17901;2342;1730;1815;2610;1261
17931;2342;1730;1815;2613;1264
17961;2342;1730;1815;2615;1262
18001;2342;1730;1815;2540;1261
18041;2342;1730;1816;2535;1262
18081;2342;1730;1816;2529;1263
18121;2342;1730;1816;2513;1263
18161;2342;1730;1816;2535;1263
18201;2342;1730;1816;2523;1261
18231;2342;1730;1816;2520;1260
18261;2342;1730;1816;2514;1260
18301;2342;1730;1816;2495;1260
18341;2342;1730;1816;2555;1260
18381;2342;1730;1816;2562;1259
18421;2342;1730;1816;2644;1260
18461;2342;1730;1816;2483;1261
18501;2342;1730;1816;2483;1261
18531;2342;1730;1816;2500;1261
18561;2342;1730;1816;2517;1264
18601;2342;1730;1816;2490;1266
18641;2342;1730;1816;2496;1264
18681;2342;1730;1816;2504;1264
18721;2342;1730;1816;2498;1268
18761;2342;1730;1816;2490;1269
18801;2342;1730;1816;2500;1271
18831;2342;1730;1816;2498;1271
18861;2342;1730;1816;2494;1272
18901;2342;1730;1816;2511;1274
18941;2342;1730;1816;2503;1275
18981;2342;1730;1816;2499;1276
19021;2342;1730;1816;2504;1276
19061;2342;1730;1816;2487;1272
19101;2342;1730;1816;2491;1272
19131;2342;1730;1816;2486;1275
19191;2342;1730;1816;2595;1271
19231;2342;1730;1816;2516;1274
19281;2342;1730;1816;2515;1276
19321;2342;1730;1816;2497;1276
19361;2342;1730;1816;2542;1275
19401;2342;1730;1816;2490;1276
19431;2342;1730;1816;2495;1275
19461;2342;1730;1816;2497;1275
19501;2342;1730;1816;2502;1277
19541;2342;1730;1816;2508;1278
19581;2342;1730;1816;2503;1273
19621;2342;1730;1816;2499;1276
19661;2342;1730;1816;2494;1276
19701;2342;1730;1816;2497;1276
19731;2342;1730;1816;2495;1276
19761;2342;1730;1816;2511;1275
19801;2342;1730;1816;2501;1274
19841;2342;1730;1816;2511;1275
19881;2342;1730;1816;2563;1275
19911;2342;1730;1816;2520;1276
19951;2342;1730;1816;2515;1275
19991;2342;1730;1817;2508;1276
20031;2342;1730;1817;2511;1275
20061;2342;1730;1817;2539;1273
20101;2342;1730;1816;2511;1275
20141;2342;1730;1816;2512;1275
20181;2342;1730;1817;2495;1276
20221;2342;1730;1817;2493;1276
20261;2342;1730;1817;2485;1277
20301;2342;1730;1816;2518;1276
20331;2342;1730;1816;2502;1277
20361;2342;1730;1816;2484;1276
20401;2342;1730;1816;2489;1275
20441;2342;1730;1816;2521;1272
20481;2342;1730;1816;2489;1271
20521;2342;1730;1816;2496;1269
20561;2342;1730;1816;2503;1270
20601;2342;1730;1817;2508;1272
20631;2342;1730;1817;2514;1272
20661;2342;1730;1817;2504;1271
20701;2342;1730;1817;2543;1273
20741;2342;1730;1816;2508;1272
20781;2342;1730;1816;2511;1271
20821;2343;1730;1816;2502;1273
20861;2343;1730;1816;2496;1271
20901;2343;1730;1816;2501;1271
20931;2343;1730;1816;2500;1270
20961;2343;1730;1816;2505;1270
21001;2343;1730;1817;2507;1272
21041;2343;1730;1817;2506;1273
21081;2343;1730;1816;2504;1268
21121;2343;1730;1817;2511;1269
21161;2343;1730;1817;2510;1266
21201;2343;1730;1817;2509;1266
21231;2343;1730;1817;2520;1266
21271;2343;1730;1816;2514;1268
21311;2343;1730;1816;2515;1268
21351;2342;1729;1816;2517;1269
21381;2342;1729;1816;2511;1270
21411;2342;1729;1816;2513;1271
21451;2342;1730;1816;2529;1272
21491;2342;1730;1816;2533;1269
21531;2342;1730;1816;2533;1272
21571;2342;1730;1816;2527;1273
21611;2342;1730;1816;2525;1274
21651;2342;1730;1816;2528;1275
21681;2342;1730;1816;2526;1275
21721;2342;1730;1816;2535;1275
21761;2342;1730;1816;2539;1276
21801;2342;1730;1816;2539;1281
21831;2342;1730;1816;2538;1281
21861;2342;1730;1816;2526;1282
21901;2342;1730;1816;2527;1284
21941;2342;1730;1816;2520;1282
21981;2342;1730;1817;2508;1280
22021;2342;1730;1817;2503;1281
22061;2342;1730;1818;2494;1283
22101;2342;1730;1818;2531;1283
22131;2342;1730;1817;2528;1284
22161;2342;1730;1817;2538;1284
22201;2342;1730;1817;2524;1285
22241;2342;1730;1817;2527;1285
22281;2342;1730;1817;2536;1284
22321;2342;1730;1817;2533;1284
22361;2342;1730;1817;2567;1278
22401;2342;1730;1817;2574;1279
22431;2342;1730;1817;2580;1277
22461;2342;1730;1817;2578;1276
22501;2342;1730;1817;2550;1275
22541;2342;1730;1817;2565;1276
22581;2342;1730;1817;2549;1276
22621;2342;1730;1817;2552;1275
22661;2342;1730;1817;2570;1274
22701;2342;1730;1817;2574;1277
22731;2342;1730;1817;2581;1277
22761;2342;1730;1817;2581;1278
22801;2342;1730;1817;2578;1278
22841;2342;1730;1817;2585;1277
22881;2342;1730;1817;2557;1278
22921;2342;1730;1817;2529;1278
22961;2342;1730;1817;2529;1277
23001;2342;1730;1817;2532;1277
23031;2342;1730;1817;2536;1279
23061;2342;1730;1817;2523;1280
23101;2342;1730;1817;2520;1278
23141;2342;1730;1817;2520;1279
23181;2342;1730;1817;2514;1279
23221;2342;1730;1817;2526;1280
23261;2342;1730;1817;2522;1278
23301;2342;1730;1817;2526;1278
23331;2342;1730;1817;2533;1278
23361;2342;1730;1817;2535;1278
23401;2342;1730;1817;2622;1276
23441;2342;1730;1817;2662;1276
23481;2342;1730;1817;2640;1276
23521;2342;1730;1817;2620;1280
23561;2342;1730;1817;2643;1279
23601;2342;1730;1817;2642;1280
23631;2342;1730;1817;2588;1280
23661;2342;1730;1817;2534;1277
23701;2342;1730;1817;2525;1278
23741;2342;1730;1817;2519;1277
23781;2341;1730;1817;2515;1276
23821;2341;1730;1817;2516;1276
23861;2341;1730;1817;2546;1277
23901;2341;1730;1817;2545;1277
23931;2341;1730;1817;2551;1277
23961;2341;1730;1817;2554;1276
23991;2341;1730;1817;2555;1275
24031;2341;1730;1817;2549;1274
24071;2341;1730;1817;2536;1276
24121;2341;1730;1817;2530;1277
24161;2341;1730;1817;2522;1276
24201;2341;1730;1817;2521;1274
24231;2341;1730;1817;2519;1277
24261;2341;1730;1817;2535;1278
24301;2341;1730;1817;2543;1280
24341;2341;1730;1817;2533;1283
24381;2341;1730;1817;2525;1280
24421;2341;1730;1817;2538;1279
24461;2341;1730;1817;2523;1277
24501;2341;1730;1817;2521;1279
24531;2341;1730;1817;2526;1279
24561;2341;1730;1817;2522;1280
24601;2341;1730;1817;2529;1283
24641;2341;1730;1817;2513;1280
24681;2341;1730;1817;2530;1280
24741;2341;1730;1817;2546;1280
24781;2341;1730;1817;2537;1283
24811;2341;1730;1817;2546;1282
24861;2341;1730;1817;2536;1280
24901;2341;1730;1817;2538;1282
24941;2341;1730;1817;2543;1282
24981;2341;1730;1818;2527;1281
25021;2340;1730;1818;2537;1281
25061;2340;1730;1818;2539;1281
25101;2340;1730;1818;2531;1281
25131;2340;1730;1818;2517;1283
25161;2340;1730;1818;2517;1284
25201;2340;1730;1818;2517;1282
25241;2341;1730;1818;2508;1285
25281;2341;1730;1818;2512;1284
25321;2341;1730;1818;2516;1284
25361;2341;1730;1818;2498;1283
25401;2341;1730;1818;2514;1281
25431;2341;1730;1818;2509;1281
25471;2341;1730;1818;2507;1281
25511;2341;1730;1818;2512;1280
25551;2341;1730;1818;2515;1281
25581;2341;1730;1818;2521;1280
25621;2341;1730;1818;2513;1280
25661;2341;1730;1817;2510;1276
25671;2341;1730;1817;2507;1276
25711;2341;1730;1817;2518;1276
25751;2341;1730;1817;2509;1277
25811;2341;1730;1817;2511;1276
25851;2341;1730;1817;2530;1275
25881;2341;1730;1817;2518;1275
25911;2341;1730;1817;2528;1277
25951;2341;1730;1817;2521;1276
26031;2341;1730;1817;2528;1276
26111;2340;1730;1817;2525;1277
26151;2340;1730;1817;2520;1279
26181;2340;1730;1817;2530;1276
26221;2340;1730;1817;2536;1274
26291;2340;1730;1817;2540;1273
26331;2340;1730;1818;2547;1274
26371;2340;1730;1817;2543;1275
26411;2340;1730;1817;2532;1274
26451;2340;1730;1817;2540;1274
26481;2340;1730;1817;2546;1270
26511;2340;1730;1817;2563;1269
26551;2340;1730;1818;2552;1268
26591;2340;1730;1818;2551;1266
26631;2340;1730;1818;2551;1263
26671;2340;1730;1818;2539;1266
26711;2340;1730;1818;2542;1274
26751;2340;1730;1818;2537;1274
26781;2340;1730;1818;2538;1274
26811;2340;1730;1818;2537;1277
26851;2340;1730;1818;2536;1274
26891;2340;1730;1817;2539;1272
26931;2340;1730;1817;2537;1274
26971;2340;1730;1817;2536;1275
27011;2340;1730;1817;2536;1276
27051;2340;1730;1817;2524;1275
27081;2340;1730;1818;2523;1279
27111;2340;1730;1818;2521;1278
27151;2340;1730;1818;2514;1279
27191;2340;1730;1818;2521;1279
27231;2340;1730;1818;2533;1277
27271;2340;1730;1818;2533;1276
27311;2340;1730;1818;2546;1277
27351;2340;1730;1818;2539;1276
27381;2340;1730;1818;2522;1280
27411;2340;1730;1818;2515;1280
27451;2340;1730;1818;2517;1275
27461;2340;1730;1818;2506;1277
27501;2340;1730;1818;2518;1275
27541;2340;1730;1818;2508;1277
27611;2340;1730;1818;2516;1276
27651;2340;1730;1818;2529;1274
27681;2340;1730;1818;2521;1273
27711;2340;1730;1818;2515;1275
27751;2340;1730;1818;2519;1278
27791;2340;1730;1818;2501;1281
27831;2340;1730;1818;2506;1277
27921;2340;1730;1818;2496;1273
27981;2340;1730;1818;2502;1276
28021;2339;1730;1817;2514;1273
28061;2339;1730;1817;2505;1275
28101;2339;1730;1817;2503;1274
28131;2339;1730;1817;2512;1269
28161;2339;1730;1817;2504;1270
28201;2339;1730;1817;2506;1271
28241;2339;1730;1817;2506;1266
28281;2339;1730;1817;2508;1265
28321;2340;1730;1817;2497;1268
28361;2340;1730;1817;2492;1268
28401;2340;1730;1817;2484;1266
28431;2340;1730;1817;2485;1266
28461;2339;1730;1817;2487;1265
28501;2339;1730;1817;2484;1265
28541;2339;1730;1817;2474;1262
28581;2339;1730;1817;2471;1264
28621;2339;1730;1817;2470;1259
28661;2339;1730;1817;2473;1258
28701;2339;1730;1817;2467;1259
28731;2340;1730;1817;2477;1257
28761;2340;1730;1817;2479;1256
28801;2340;1729;1816;2497;1253
28841;2340;1729;1816;2505;1256
28881;2340;1729;1817;2497;1254
28911;2340;1730;1817;2481;1255
28951;2340;1730;1817;2469;1254
28991;2340;1730;1818;2467;1254
29031;2340;1730;1818;2488;1253
29071;2340;1730;1818;2485;1255
29111;2340;1730;1817;2499;1256
29151;2340;1730;1817;2490;1253
29181;2340;1730;1817;2479;1255
29211;2340;1730;1817;2476;1256
29251;2340;1730;1817;2497;1257
29291;2340;1730;1817;2449;1257
29331;2340;1730;1817;2513;1257
29371;2340;1730;1817;2532;1257
29411;2340;1730;1817;2494;1254
29451;2340;1730;1817;2478;1255
29481;2340;1730;1817;2507;1256
29511;2340;1730;1817;2497;1255
29551;2340;1730;1817;2484;1254
29591;2340;1730;1817;2488;1252
29631;2340;1730;1817;2549;1254
29661;2340;1730;1817;2500;1255
29701;2340;1730;1817;2527;1255
29741;2340;1730;1817;2537;1262
29781;2340;1730;1817;2565;1261
29821;2340;1729;1817;2569;1262
29861;2340;1729;1817;2555;1261
29901;2340;1729;1817;2522;1252
29931;2340;1729;1817;2508;1249
29961;2340;1729;1817;2498;1250
30001;2340;1729;1817;2506;1254
30041;2340;1729;1817;2511;1252
30081;2340;1729;1817;2454;1249
30121;2340;1729;1817;2465;1247
30161;2340;1730;1817;2470;1248
30201;2340;1730;1817;2463;1247
30231;2340;1730;1817;2455;1248
30261;2340;1730;1817;2434;1250
30301;2340;1730;1817;2424;1249
30341;2340;1730;1817;2408;1246
30381;2340;1730;1817;2403;1240
30421;2340;1730;1817;2394;1240
30461;2340;1730;1817;2409;1237
30501;2340;1730;1817;2442;1238
30531;2340;1730;1817;2471;1236
30561;2340;1730;1817;2496;1238
30601;2340;1730;1817;2477;1243
30641;2340;1730;1817;2499;1249
30681;2340;1730;1817;2577;1247
30721;2340;1730;1817;2578;1245
30761;2340;1730;1817;2568;1248
30801;2340;1730;1817;2552;1248
30831;2340;1730;1817;2552;1247
30861;2340;1730;1817;2457;1248
30901;2340;1730;1817;2471;1247
30941;2339;1730;1817;2455;1245
30981;2339;1730;1817;2477;1245
31021;2339;1730;1817;2486;1244
31061;2339;1730;1817;2471;1247
31101;2339;1730;1817;2480;1245
31131;2339;1730;1817;2476;1246
31161;2339;1730;1817;2464;1246
31201;2339;1730;1817;2467;1246
31241;2339;1730;1817;2462;1248
31281;2339;1730;1816;2467;1250
31321;2339;1730;1816;2465;1249
31361;2339;1730;1816;2470;1247
31401;2339;1730;1817;2439;1249
31431;2340;1730;1817;2455;1248
31461;2340;1730;1817;2455;1252
31501;2340;1730;1817;2481;1252
31541;2340;1730;1817;2463;1253
31581;2340;1730;1817;2481;1255
31621;2340;1730;1817;2471;1254
31661;2340;1730;1817;2485;1256
31701;2340;1730;1817;2473;1255
31731;2340;1730;1817;2469;1252
31761;2340;1730;1817;2471;1253
31801;2340;1730;1817;2467;1252
31841;2340;1730;1817;2481;1253
31881;2340;1730;1817;2492;1254
31911;2340;1730;1817;2478;1254
31951;2340;1730;1817;2481;1253
31991;2340;1731;1818;2466;1252
32031;2340;1731;1818;2466;1252
32071;2340;1731;1818;2458;1253
32111;2340;1731;1818;2466;1253
32151;2340;1731;1818;2469;1255
32181;2340;1730;1818;2455;1251
32211;2340;1730;1818;2462;1255
32251;2340;1730;1818;2466;1250
32291;2340;1730;1818;2483;1250
32331;2340;1730;1818;2486;1249
32371;2340;1730;1818;2505;1250
32411;2340;1731;1818;2499;1249
32451;2340;1731;1818;2503;1249
32481;2340;1730;1818;2486;1249
32511;2340;1730;1818;2502;1248
32551;2340;1730;1818;2491;1247
32591;2340;1730;1817;2480;1247
32631;2340;1730;1818;2475;1244
32661;2340;1730;1818;2476;1247
32701;2340;1730;1818;2456;1251
32741;2339;1730;1817;2472;1251
32781;2339;1730;1817;2469;1254
32821;2339;1730;1817;2457;1253
32861;2339;1730;1817;2467;1248
32901;2340;1730;1817;2460;1250
32931;2340;1730;1817;2448;1247
32961;2340;1730;1817;2432;1253
33001;2340;1730;1817;2449;1251
33011;2340;1730;1817;2431;1254
33051;2340;1730;1817;2429;1253
33091;2340;1730;1817;2427;1252
33161;2340;1730;1817;2444;1255
33201;2340;1730;1817;2471;1254
33231;2340;1730;1818;2468;1254
33271;2340;1730;1818;2474;1255
33311;2340;1730;1818;2487;1253
33351;2340;1730;1818;2456;1262
33381;2340;1730;1818;2456;1261
33421;2340;1730;1817;2433;1262
33461;2340;1730;1817;2444;1261
33501;2340;1730;1817;2452;1257
33531;2340;1730;1817;2433;1259
33571;2340;1730;1817;2422;1258
33611;2340;1730;1817;2408;1259
33651;2340;1730;1817;2431;1258
33681;2340;1730;1817;2421;1260
33711;2340;1730;1818;2422;1260
33751;2340;1730;1818;2434;1259
33791;2340;1730;1818;2442;1259
33831;2340;1730;1818;2520;1259
33871;2340;1730;1818;2532;1257
33911;2340;1730;1818;2386;1254
33951;2340;1730;1818;2357;1256
33981;2340;1730;1818;2357;1257
34021;2340;1730;1818;2361;1258
34091;2340;1730;1818;2367;1265
34131;2341;1730;1818;2375;1261
34171;2341;1730;1818;2357;1260
34211;2341;1730;1818;2349;1261
34251;2341;1730;1818;2344;1264
34281;2341;1730;1818;2341;1265
34311;2341;1730;1818;2330;1265
34351;2341;1730;1818;2339;1261
34391;2341;1730;1818;2346;1261
34401;2341;1730;1818;2358;1261
34431;2341;1730;1818;2374;1257
34471;2341;1730;1818;2385;1258
34541;2341;1730;1818;2362;1257
34581;2341;1730;1818;2364;1257
34621;2341;1730;1818;2370;1257
34661;2341;1730;1818;2375;1255
34701;2340;1730;1818;2403;1256
34731;2340;1730;1818;2400;1253
34761;2340;1730;1818;2388;1256
34801;2340;1730;1818;2385;1253
34841;2340;1730;1818;2367;1256
34881;2340;1730;1818;2386;1257
34921;2340;1730;1818;2375;1256
34961;2340;1730;1818;2393;1259
35001;2340;1730;1818;2399;1255
35031;2340;1730;1818;2404;1259
35061;2340;1730;1818;2398;1263
35101;2340;1730;1818;2384;1264
35141;2340;1730;1818;2381;1261
35181;2340;1730;1818;2375;1257
35221;2340;1730;1818;2366;1262
35261;2340;1730;1818;2367;1263
35301;2340;1730;1818;2366;1262
35331;2341;1730;1818;2360;1259
35371;2341;1730;1818;2368;1257
35411;2341;1730;1818;2362;1255
35451;2341;1730;1818;2367;1253
35481;2341;1730;1818;2370;1250
35511;2341;1730;1818;2390;1252
35551;2341;1730;1818;2407;1253
35591;2341;1730;1818;2434;1252
35631;2341;1730;1818;2592;1253
35661;2341;1730;1818;2600;1259
35731;2341;1730;1818;2603;1251
35771;2341;1730;1818;2600;1248
35821;2341;1730;1818;2575;1245
35861;2341;1730;1818;2519;1239
35901;2341;1730;1818;2510;1234
35931;2341;1730;1818;2458;1230
35961;2341;1730;1818;2503;1231
36001;2341;1730;1818;2518;1226
36041;2341;1730;1818;2511;1226
36081;2341;1730;1818;2515;1234
36121;2341;1730;1818;2500;1230
36161;2341;1730;1818;2509;1230
36201;2341;1730;1818;2511;1237
36231;2341;1730;1818;2514;1237
36261;2341;1730;1818;2515;1238
36301;2342;1730;1818;2507;1240
36341;2341;1730;1818;2500;1239
36381;2341;1730;1818;2510;1235
36421;2341;1730;1818;2518;1234
36461;2341;1730;1818;2521;1232
36501;2342;1730;1818;2512;1231
36531;2342;1730;1818;2513;1230
36561;2342;1730;1818;2508;1229
36601;2342;1730;1818;2493;1232
36641;2342;1730;1818;2539;1231
36681;2342;1730;1818;2538;1230
36721;2342;1730;1818;2544;1236
36751;2342;1730;1818;2555;1241
36791;2342;1730;1818;2559;1238
36831;2342;1730;1818;2563;1238
36861;2341;1730;1818;2583;1235
36901;2341;1730;1818;2598;1238
36941;2341;1730;1818;2600;1246
36981;2342;1730;1818;2603;1245
37021;2342;1730;1818;2583;1245
37061;2342;1730;1818;2563;1240
37101;2342;1730;1818;2564;1242
37131;2342;1730;1818;2575;1243
37171;2342;1730;1818;2571;1238
37211;2342;1730;1818;2543;1233
37251;2342;1730;1818;2580;1231
37281;2342;1730;1818;2575;1233
37321;2342;1730;1818;2546;1236
37361;2342;1730;1818;2535;1235
37401;2342;1730;1818;2547;1231
37431;2342;1730;1818;2538;1229
37461;2342;1730;1818;2540;1233
37501;2342;1730;1818;2544;1230
37541;2342;1730;1818;2549;1234
37581;2341;1730;1818;2531;1235
37621;2341;1730;1818;2542;1231
37661;2341;1730;1818;2548;1229
37701;2341;1730;1818;2547;1231
37731;2341;1730;1818;2547;1229
37771;2341;1730;1818;2551;1225
37811;2342;1730;1818;2563;1225
37851;2342;1730;1818;2551;1228
37881;2342;1730;1818;2532;1227
37921;2342;1730;1818;2577;1229
37961;2342;1730;1818;2560;1228
38001;2341;1730;1818;2561;1227
38031;2341;1730;1818;2571;1225
38071;2341;1730;1818;2545;1216
38111;2341;1730;1818;2559;1215
38151;2341;1730;1818;2540;1215
38181;2341;1730;1818;2574;1210
38221;2341;1730;1818;2558;1206
38261;2341;1730;1818;2496;1212
38301;2341;1730;1818;2585;1211
38331;2341;1730;1818;2584;1211
38371;2341;1730;1818;2572;1209
38411;2341;1730;1818;2574;1208
38451;2341;1730;1818;2559;1204
38481;2341;1730;1818;2553;1204
38511;2341;1730;1818;2548;1204
38551;2341;1730;1818;2528;1204
38561;2341;1730;1818;2532;1205
38601;2341;1730;1818;2515;1204
38641;2341;1730;1817;2525;1209
38711;2341;1730;1818;2541;1212
38751;2341;1730;1818;2577;1217
38781;2341;1730;1817;2581;1220
38811;2341;1730;1817;2584;1219
38851;2341;1730;1817;2589;1221
38891;2341;1730;1817;2553;1219
38931;2341;1730;1818;2541;1220
38971;2341;1730;1818;2530;1221
39011;2341;1730;1818;2517;1223
39051;2341;1730;1818;2500;1223
39081;2341;1730;1818;2519;1224
39121;2341;1730;1818;2508;1220
39161;2341;1730;1818;2509;1217
39201;2341;1730;1818;2499;1211
39231;2341;1730;1818;2487;1206
39271;2342;1730;1818;2490;1211
39311;2342;1730;1818;2487;1205
39351;2342;1730;1818;2474;1204
39391;2341;1730;1818;2448;1201
39461;2340;1730;1818;2422;1202
39501;2340;1730;1818;2470;1212
39531;2340;1730;1817;2450;1213
39571;2340;1730;1817;2423;1224
39611;2340;1730;1817;2414;1229
39651;2340;1730;1817;2419;1225
39681;2340;1730;1817;2450;1229
39711;2340;1730;1817;2457;1230
39771;2340;1730;1817;2449;1239
39811;2340;1730;1818;2454;1243
39871;2340;1730;1818;2461;1242
39911;2340;1730;1818;2481;1243
39951;2340;1730;1818;2459;1251
39971;2340;1730;1818;2465;1252
40011;2340;1730;1818;2466;1253
40051;2340;1730;1818;2500;1256
40091;2340;1730;1818;2491;1252
40131;2340;1730;1817;2484;1254
40161;2340;1730;1817;2496;1255
40211;2340;1730;1817;2476;1249
40251;2340;1730;1817;2542;1244
40281;2340;1730;1817;2543;1249
40321;2340;1730;1817;2540;1239
40351;2340;1730;1817;2548;1242
40391;2340;1730;1817;2541;1247
40431;2340;1730;1817;2489;1248
40471;2340;1730;1817;2486;1244
40511;2340;1730;1817;2509;1253
40551;2340;1730;1817;2530;1263
40581;2340;1730;1818;2546;1266
40611;2340;1730;1818;2543;1267
40651;2340;1730;1819;2495;1270
40691;2340;1730;1820;2461;1264
40731;2340;1730;1820;2441;1258
40771;2340;1730;1819;2459;1259
40811;2340;1730;1819;2460;1256
40851;2340;1730;1820;2449;1254
40881;2340;1730;1819;2451;1254
40921;2340;1730;1819;2461;1257
40961;2340;1730;1819;2443;1258
41001;2340;1730;1819;2443;1261
41031;2340;1730;1820;2437;1257
41061;2340;1730;1820;2443;1258
41101;2340;1730;1820;2452;1258
41141;2340;1730;1820;2422;1260
41181;2340;1730;1820;2399;1254
41221;2340;1730;1820;2413;1255
41261;2340;1730;1820;2412;1257
41301;2340;1730;1820;2407;1255
41331;2340;1730;1820;2428;1255
41361;2340;1730;1820;2473;1255
41401;2340;1730;1820;2479;1256
41441;2340;1730;1820;2478;1254
41481;2340;1730;1820;2464;1250
41521;2340;1730;1820;2487;1255
41561;2340;1730;1820;2531;1256
41601;2340;1730;1820;2532;1260
41631;2340;1730;1820;2502;1260
41671;2340;1730;1820;2476;1266
41711;2340;1730;1820;2493;1266
41751;2340;1730;1820;2507;1265
41781;2340;1730;1820;2520;1265
41811;2340;1730;1820;2531;1264
41851;2340;1730;1820;2523;1266
41891;2340;1730;1820;2521;1266
41931;2340;1730;1820;2550;1267
41971;2340;1730;1820;2582;1275
42011;2340;1730;1821;2553;1270
42051;2340;1730;1821;2548;1268
42081;2340;1730;1821;2549;1269
42121;2340;1730;1821;2529;1268
42161;2340;1730;1821;2508;1271
42201;2340;1730;1821;2489;1273
42231;2340;1730;1821;2492;1270
42261;2340;1730;1821;2515;1271
42301;2340;1730;1821;2520;1268
42341;2340;1730;1821;2516;1266
42381;2340;1730;1821;2538;1268
42421;2340;1730;1821;2548;1269
42461;2340;1730;1821;2588;1269
42501;2340;1730;1821;2571;1270
42531;2340;1730;1821;2554;1272
42561;2340;1730;1821;2557;1271
42601;2339;1730;1821;2558;1269
42641;2339;1730;1821;2514;1272
42681;2340;1730;1821;2505;1273
42721;2340;1729;1821;2510;1276
42741;2340;1729;1821;2507;1273
42781;2340;1729;1821;2513;1274
42821;2340;1729;1821;2488;1263
42871;2341;1730;1821;2487;1263
42911;2341;1730;1821;2496;1257
42951;2341;1730;1821;2510;1256
42981;2341;1730;1821;2462;1252
43011;2340;1730;1821;2517;1258
43051;2340;1730;1821;2571;1266
43091;2340;1730;1821;2520;1259
43131;2340;1730;1821;2662;1257
43171;2340;1730;1821;2588;1256
43201;2340;1730;1821;2582;1258
43241;2340;1730;1821;2559;1252
43281;2340;1730;1821;2595;1247
43321;2340;1730;1821;2569;1246
43361;2340;1730;1821;2559;1242
43401;2340;1730;1821;2559;1244
43431;2340;1730;1821;2530;1238
43471;2340;1730;1821;2552;1245
43511;2340;1730;1821;2524;1242
43551;2340;1730;1821;2489;1241
43581;2340;1730;1821;2503;1240
43621;2340;1730;1821;2514;1242
43661;2340;1730;1821;2512;1242
43701;2340;1730;1821;2503;1241
43731;2340;1730;1821;2527;1241
43761;2340;1730;1821;2534;1242
43801;2340;1730;1821;2508;1244
43841;2340;1730;1821;2517;1246
43881;2340;1730;1821;2507;1246
43911;2340;1730;1821;2517;1241
43951;2340;1730;1821;2509;1239
43991;2340;1730;1821;2519;1241
44031;2340;1730;1821;2510;1244
44071;2340;1730;1822;2511;1248
44111;2340;1730;1822;2531;1247
44151;2340;1730;1822;2518;1250
44181;2340;1730;1821;2527;1250
44221;2340;1730;1821;2514;1251
44251;2340;1730;1821;2509;1250
44291;2340;1730;1822;2508;1251
44331;2340;1730;1822;2523;1252
44371;2340;1730;1822;2520;1251
44411;2340;1730;1822;2515;1253
44451;2340;1730;1822;2515;1255
44481;2340;1730;1822;2534;1253
44521;2340;1730;1821;2540;1254
44561;2340;1730;1821;2518;1253
44601;2340;1730;1821;2547;1254
44681;2340;1730;1821;2515;1252
44721;2340;1730;1821;2509;1251
44761;2340;1730;1821;2505;1250
44841;2340;1730;1821;2499;1250
44881;2340;1730;1821;2496;1248
44921;2340;1730;1821;2521;1250
44961;2340;1730;1821;2528;1248
45001;2340;1730;1821;2524;1250
45041;2340;1730;1821;2511;1252
45071;2340;1731;1822;2519;1250
45111;2340;1731;1822;2557;1251
45151;2340;1731;1822;2532;1247
45191;2340;1731;1822;2546;1249
45221;2340;1731;1822;2550;1249
45261;2340;1731;1822;2557;1252
45301;2340;1731;1822;2680;1251
45341;2341;1731;1821;2585;1247
45371;2341;1731;1821;2640;1245
45411;2340;1731;1822;2673;1245
45451;2340;1731;1822;2688;1245
45491;2340;1731;1822;2553;1245
45521;2340;1731;1822;2563;1246
45561;2340;1731;1822;2573;1246
45581;2340;1731;1822;2580;1248
45601;2340;1731;1822;2573;1249
45641;2340;1730;1822;2566;1247
45661;2340;1730;1821;2578;1248
45671;2340;1730;1822;2572;1247
45691;2340;1730;1822;2557;1246