
47665;1121;792;861;2245;1598
47775;1682;1188;1291;2249;1596
47795;1962;1386;1507;2250;1595
47815;2103;1485;1614;2249;1597
47855;2173;1534;1668;2247;1598
47875;2208;1559;1694;2247;1598
47895;2225;1572;1707;2247;1599
47925;2235;1579;1714;2244;1595
47965;2240;1582;1718;2268;1567
48005;2242;1583;1720;2289;1544
48045;2242;1584;1721;2307;1505
48075;2243;1584;1721;2324;1510
48115;2245;1587;1722;2324;1503
48155;2251;1592;1722;2348;1492
48195;2253;1593;1722;2364;1465
48225;2254;1591;1722;2370;1460
48265;2260;1602;1723;2388;1471
48305;2270;1602;1724;2405;1467
48345;2278;1609;1725;2418;1468
48375;2282;1616;1725;2412;1461
48415;2288;1620;1726;2417;1444
48455;2292;1622;1727;2427;1436
48495;2299;1628;1729;2435;1426
48525;2313;1634;1731;2441;1424
48565;2318;1638;1734;2450;1408
48605;2321;1641;1736;2468;1407
48645;2321;1646;1738;2485;1407
48675;2325;1650;1739;2489;1413
48715;2332;1650;1741;2483;1396
48755;2335;1647;1742;2491;1388
48795;2344;1655;1742;2509;1382
48825;2346;1658;1743;2505;1386
48865;2347;1670;1743;2516;1391
48905;2350;1677;1744;2535;1380
48945;2353;1678;1744;2557;1395
48975;2355;1680;1744;2772;1554
49015;2358;1680;1744;2765;1530
49055;2360;1682;1745;2774;1539
49095;2367;1679;1746;2777;1531
49125;2371;1679;1747;2773;1505
49165;2372;1680;1748;2768;1506
49205;2372;1679;1748;2761;1501
49245;2372;1679;1748;2759;1513
49275;2371;1678;1748;2762;1517
49315;2371;1676;1749;2763;1518
49355;2372;1678;1749;2765;1521
49395;2374;1681;1750;2770;1517
49425;2377;1681;1750;2773;1518
49465;2379;1681;1751;2767;1525
49505;2378;1683;1752;2772;1519
49545;2384;1658;1752;2772;1516
49575;2389;1648;1752;2778;1513
49605;2392;1660;1753;2787;1510
49645;2396;1659;1755;2791;1511
49655;2397;1661;1756;2790;1509
49695;2395;1674;1757;2792;1503
49725;2393;1687;1757;2793;1493
49765;2392;1694;1758;2793;1487
49805;2391;1699;1759;2794;1484
49845;2391;1703;1760;2795;1483
49875;2391;1704;1760;2785;1485
49915;2391;1704;1760;2771;1487
49955;2391;1704;1760;2775;1487
49995;2390;1704;1760;2777;1492
50025;2391;1704;1760;2776;1490
50065;2391;1705;1760;2769;1485
50105;2391;1705;1760;2773;1479
50145;2391;1706;1760;2788;1462
50175;2390;1706;1760;2796;1460
50215;2391;1706;1760;2795;1457
50255;2394;1705;1760;2789;1463
50295;2397;1705;1760;2795;1462
50325;2399;1705;1760;2800;1459
50365;2400;1705;1760;2808;1463
50405;2401;1705;1760;2809;1472
50445;2401;1705;1761;2800;1477
50475;2401;1705;1761;2801;1483
50515;2401;1705;1761;2803;1482
50555;2401;1705;1761;2800;1485
50585;2402;1705;1761;2798;1481
50625;2402;1706;1761;2796;1488
50665;2402;1706;1761;2794;1488
50705;2401;1706;1761;2798;1484
50745;2401;1706;1761;2796;1484
50775;2401;1705;1761;2795;1480
50815;2401;1705;1761;2794;1476
50855;2401;1705;1761;2792;1476
50895;2401;1705;1761;2795;1477
50925;2401;1705;1761;2799;1476
50965;2401;1705;1761;2799;1479
51005;2402;1705;1761;2801;1474
51045;2402;1706;1761;2794;1476
51075;2402;1706;1761;2792;1474
51115;2402;1706;1761;2793;1474
51155;2402;1706;1761;2792;1475
51195;2402;1706;1761;2792;1480
51225;2402;1706;1762;2788;1482
51265;2402;1706;1762;2790;1484
51305;2402;1706;1762;2792;1489
51345;2402;1706;1762;2797;1489
51375;2402;1706;1762;2801;1495
51415;2402;1706;1762;2800;1500
51455;2402;1706;1762;2802;1508
51495;2402;1706;1762;2798;1511
51525;2402;1706;1762;2798;1510
51565;2402;1706;1762;2798;1511
51605;2402;1706;1762;2797;1512
51645;2402;1706;1762;2791;1512
51675;2402;1706;1762;2791;1511
51715;2402;1706;1761;2790;1511
51755;2402;1706;1761;2789;1508
51795;2402;1706;1761;2785;1508
51825;2402;1706;1761;2785;1509
51865;2401;1706;1761;2787;1511
51905;2401;1706;1761;2785;1513
51945;2401;1706;1761;2786;1517
52015;2402;1706;1760;2808;1521
52055;2403;1706;1760;2816;1522
52095;2404;1706;1761;2798;1532
52125;2404;1706;1761;2773;1543
52165;2404;1706;1761;2757;1559
52205;2404;1706;1761;2747;1568
52245;2404;1706;1761;2730;1581
52275;2403;1706;1761;2717;1587
52315;2403;1706;1761;2714;1587
52355;2404;1706;1761;2722;1588
52395;2403;1706;1761;2722;1588
52425;2403;1707;1762;2723;1586
52465;2403;1707;1762;2725;1584
52505;2403;1707;1762;2723;1586
52545;2404;1707;1762;2725;1586
52575;2404;1707;1761;2728;1587
52615;2403;1707;1761;2729;1586
52655;2403;1707;1761;2727;1588
52695;2402;1707;1761;2729;1590
52725;2402;1707;1761;2727;1590
52765;2402;1707;1761;2728;1590
52805;2402;1707;1762;2732;1589
52845;2402;1707;1762;2731;1590
52875;2402;1707;1762;2731;1590
52915;2402;1706;1761;2730;1592
52955;2402;1706;1761;2735;1591
52995;2402;1706;1761;2735;1593
53025;2403;1706;1761;2735;1594
53065;2403;1706;1761;2737;1592
53105;2402;1706;1761;2736;1593
53145;2402;1706;1761;2736;1594
53175;2402;1706;1761;2735;1595
53215;2403;1706;1761;2734;1593
53255;2403;1706;1761;2737;1594
53295;2402;1706;1761;2738;1592
53325;2402;1706;1762;2735;1592
53365;2402;1706;1762;2737;1592
53405;2402;1706;1762;2739;1590
53445;2402;1706;1762;2738;1592
53475;2402;1706;1762;2737;1593
53515;2402;1706;1762;2738;1595
53555;2402;1706;1762;2739;1595
53595;2401;1706;1762;2744;1596
53625;2401;1706;1762;2743;1597
53665;2402;1706;1762;2742;1597
53705;2403;1706;1762;2743;1595
53745;2404;1706;1762;2743;1595
53775;2403;1706;1762;2747;1594
53815;2403;1706;1762;2749;1593
53855;2403;1706;1762;2748;1592
53895;2403;1706;1762;2749;1594
53925;2403;1707;1763;2748;1593
53965;2403;1707;1763;2746;1594
54005;2403;1707;1763;2749;1594
54045;2404;1707;1763;2750;1597
54075;2403;1707;1763;2751;1599
54115;2403;1707;1763;2748;1598
54155;2404;1708;1763;2747;1598
54195;2404;1708;1763;2747;1597
54225;2404;1708;1763;2746;1596
54265;2404;1708;1763;2744;1598
54305;2405;1708;1763;2740;1596
54345;2405;1708;1763;2735;1592
54375;2405;1708;1763;2732;1591
54415;2405;1708;1763;2727;1591
54455;2405;1708;1763;2726;1589
54495;2405;1708;1763;2724;1587
54525;2405;1708;1763;2721;1587
54565;2405;1708;1763;2723;1585
54605;2405;1708;1763;2724;1587
54645;2405;1708;1763;2723;1587
54675;2404;1708;1763;2721;1585
54715;2404;1708;1763;2719;1586
54755;2404;1708;1763;2717;1588
54795;2404;1708;1763;2716;1587
54825;2404;1708;1763;2716;1586
54865;2404;1708;1763;2713;1588
54905;2404;1708;1763;2708;1587
54945;2405;1708;1763;2704;1587
54985;2405;1708;1763;2704;1587
55025;2405;1708;1763;2706;1587
55065;2405;1708;1763;2706;1588
55095;2405;1708;1763;2708;1590
55135;2405;1708;1763;2707;1592
55175;2405;1708;1763;2708;1589
55215;2404;1708;1763;2709;1589
55235;2404;1708;1763;2710;1589
55245;2404;1708;1763;2709;1588
55285;2403;1708;1763;2708;1589
55325;2403;1708;1762;2707;1588
55365;2404;1708;1762;2705;1587
55395;2404;1708;1762;2705;1586
55435;2404;1707;1762;2709;1586
55475;2403;1707;1762;2711;1585
55515;2403;1707;1761;2713;1585
55545;2403;1707;1761;2712;1587
55585;2403;1707;1761;2713;1587
55625;2403;1707;1761;2713;1589
55665;2403;1707;1761;2715;1588
55695;2403;1707;1761;2716;1588
55735;2403;1707;1761;2719;1587
55775;2403;1707;1761;2718;1587
55815;2403;1707;1761;2718;1585
55845;2402;1707;1762;2722;1588
55885;2402;1707;1762;2718;1587
55925;2402;1707;1762;2718;1587
55965;2402;1707;1761;2720;1587
55995;2402;1707;1761;2722;1587
56025;2403;1707;1761;2721;1586
56065;2403;1707;1761;2722;1587
56105;2403;1707;1761;2721;1587
56145;2403;1707;1761;2723;1587
56175;2403;1707;1761;2724;1586
56215;2403;1707;1761;2725;1588
56255;2403;1707;1761;2725;1587
56295;2403;1707;1761;2727;1589
56325;2403;1707;1761;2732;1590
56365;2403;1706;1761;2735;1589
56405;2402;1706;1761;2734;1590
56445;2402;1706;1761;2732;1590
56475;2403;1706;1761;2731;1589
56515;2402;1706;1761;2733;1589
56555;2402;1706;1761;2739;1590
56595;2402;1707;1761;2747;1589
56625;2402;1707;1761;2750;1591
56665;2402;1707;1761;2751;1590
56705;2402;1707;1761;2748;1590
56745;2402;1707;1761;2749;1590
56775;2402;1707;1761;2749;1590
56815;2402;1707;1761;2748;1589
56855;2402;1707;1761;2746;1590
56895;2402;1707;1761;2745;1590
56925;2402;1707;1761;2748;1590
56965;2402;1707;1761;2750;1591
57005;2401;1707;1761;2753;1592
57045;2402;1707;1761;2754;1593
57085;2402;1707;1760;2749;1592
57125;2402;1707;1760;2752;1593
57165;2402;1707;1760;2751;1590
57195;2403;1707;1761;2751;1591
57235;2402;1707;1761;2751;1589
57275;2402;1707;1761;2751;1590
57315;2402;1707;1761;2750;1589
57345;2402;1707;1761;2747;1590
57385;2402;1707;1761;2741;1591
57425;2402;1707;1761;2741;1591
57465;2402;1707;1761;2749;1592
57495;2402;1707;1761;2761;1591
57535;2402;1707;1761;2762;1590
57575;2402;1707;1761;2755;1591
57615;2402;1707;1761;2758;1589
57645;2402;1707;1760;2759;1592
57685;2402;1707;1760;2761;1595
57725;2402;1707;1761;2759;1593
57765;2402;1707;1761;2756;1594
57795;2402;1707;1761;2757;1592
57835;2403;1707;1761;2750;1593
57875;2403;1707;1761;2742;1592
57915;2402;1707;1761;2738;1590
57945;2402;1707;1760;2735;1590
57975;2402;1706;1761;2730;1590
58015;2402;1706;1761;2724;1589
58055;2402;1706;1761;2723;1588
58095;2402;1706;1761;2724;1588
58135;2402;1706;1761;2723;1585
58175;2402;1706;1761;2723;1586
58215;2402;1706;1761;2727;1585
58245;2402;1706;1761;2731;1584
58285;2402;1706;1761;2730;1584
58325;2402;1706;1761;2727;1582
58365;2402;1706;1761;2723;1582
58395;2402;1706;1761;2724;1582
58435;2403;1706;1761;2729;1581
58475;2403;1706;1761;2735;1582
58515;2402;1706;1762;2738;1585
58545;2402;1706;1761;2740;1584
58585;2402;1706;1761;2736;1586
58625;2402;1706;1761;2738;1588
58665;2402;1706;1761;2739;1587
58695;2403;1706;1761;2746;1587
58735;2402;1706;1761;2749;1591
58775;2402;1706;1761;2745;1590
58815;2402;1706;1761;2747;1591
58845;2402;1706;1761;2749;1592
58885;2401;1706;1761;2756;1591
58925;2401;1706;1761;2759;1592
58965;2401;1706;1761;2755;1592
58995;2402;1706;1761;2749;1591
59035;2402;1706;1761;2745;1592
59075;2403;1706;1761;2746;1590
59115;2402;1707;1761;2743;1590
59145;2402;1707;1761;2748;1590
59185;2402;1707;1761;2751;1590
59225;2403;1707;1761;2750;1590
59265;2402;1707;1761;2748;1590
59295;2402;1707;1761;2748;1587
59325;2402;1707;1761;2750;1588
59365;2402;1707;1761;2748;1588
59405;2401;1707;1761;2746;1588
59445;2401;1707;1761;2746;1587
59485;2401;1707;1761;2749;1589
59525;2401;1707;1761;2751;1590
59565;2402;1707;1761;2748;1589
59595;2402;1707;1761;2746;1590
59635;2403;1707;1761;2748;1591
59675;2403;1707;1761;2749;1590
59715;2403;1708;1761;2749;1590
59745;2402;1708;1761;2751;1591
59775;2402;1708;1761;2751;1590
59815;2402;1708;1761;2752;1591
59855;2402;1708;1762;2751;1590
59895;2402;1708;1762;2749;1592
59925;2402;1707;1761;2752;1593
59965;2402;1707;1761;2753;1593
60005;2403;1707;1761;2758;1593
60045;2402;1707;1761;2757;1594
60075;2403;1707;1762;2759;1593
60115;2403;1707;1762;2759;1591
60155;2403;1707;1762;2767;1592
60195;2403;1707;1762;2774;1596
60225;2402;1707;1762;2776;1598
60265;2402;1707;1762;2777;1598
60305;2402;1707;1762;2774;1598
60335;2402;1707;1762;2772;1594
60345;2401;1707;1762;2771;1595
60375;2401;1707;1762;2759;1595
60415;2401;1707;1762;2761;1595
60455;2401;1707;1762;2760;1594
60495;2402;1707;1762;2761;1592
60525;2401;1707;1762;2759;1589
60565;2401;1707;1762;2752;1589
60605;2402;1707;1762;2745;1587
60645;2402;1707;1762;2744;1586
60675;2402;1707;1762;2745;1583
60715;2401;1707;1762;2748;1585
60755;2401;1707;1762;2747;1585
60795;2402;1707;1762;2748;1585
60835;2402;1707;1762;2751;1588
60875;2402;1707;1762;2751;1588
60915;2402;1707;1762;2750;1588
60945;2401;1707;1761;2752;1591
60975;2402;1707;1761;2759;1590
61015;2402;1707;1761;2761;1588
61055;2402;1707;1761;2752;1588
61095;2402;1707;1761;2748;1588
61125;2402;1707;1761;2748;1589
61165;2402;1707;1761;2750;1590
61205;2402;1707;1761;2761;1591
61245;2402;1707;1761;2761;1592
61275;2402;1707;1761;2758;1591
61315;2402;1707;1761;2759;1592
61355;2402;1707;1761;2764;1591
61395;2402;1707;1761;2761;1591
61425;2402;1707;1761;2751;1589
61465;2402;1707;1761;2748;1588
61505;2402;1707;1761;2756;1591
61545;2402;1707;1761;2766;1593
61585;2402;1707;1761;2770;1595
61625;2402;1707;1761;2769;1595
61665;2402;1707;1761;2769;1595
61695;2402;1707;1761;2767;1594
61735;2402;1707;1761;2764;1595
61775;2402;1707;1761;2769;1595
61815;2402;1707;1761;2771;1597
61845;2402;1707;1761;2775;1600
61875;2402;1707;1762;2773;1599
61915;2402;1707;1762;2767;1597
61955;2402;1707;1762;2766;1598
61995;2402;1707;1762;2771;1597
62025;2402;1707;1762;2771;1602
62065;2402;1707;1762;2777;1601
62105;2402;1707;1762;2771;1598
62145;2402;1707;1761;2770;1596
62175;2403;1707;1761;2757;1593
62215;2403;1707;1761;2757;1594
62255;2402;1707;1762;2756;1594
62295;2403;1707;1762;2760;1594
62325;2403;1707;1762;2769;1593
62365;2403;1707;1762;2767;1594
62405;2403;1707;1762;2754;1592
62445;2403;1707;1761;2748;1593
62485;2402;1707;1761;2757;1592
62525;2402;1707;1761;2764;1595
62565;2402;1707;1761;2759;1591
62595;2402;1707;1762;2746;1592
62635;2403;1707;1762;2744;1592
62675;2403;1707;1762;2748;1594
62715;2403;1707;1762;2760;1593
62745;2403;1707;1761;2753;1592
62785;2402;1707;1761;2750;1590
62825;2402;1707;1761;2748;1590
62865;2402;1707;1761;2747;1592
62895;2402;1707;1761;2748;1592
62935;2403;1707;1761;2745;1594
62975;2402;1707;1761;2741;1593
63015;2402;1707;1761;2743;1595
63045;2402;1707;1761;2759;1596
63085;2402;1707;1761;2768;1598
63125;2402;1707;1761;2774;1601
63165;2402;1707;1762;2763;1598
63195;2402;1707;1762;2753;1598
63235;2402;1707;1762;2757;1601
63275;2402;1707;1762;2780;1605
63315;2402;1707;1762;2786;1604
63345;2402;1707;1762;2784;1604
63385;2403;1707;1762;2782;1604
63425;2403;1707;1762;2781;1602
63465;2403;1707;1762;2789;1601
63495;2404;1707;1762;2787;1601
63535;2404;1707;1762;2783;1596
63575;2404;1707;1762;2775;1595
63615;2404;1707;1762;2768;1593
63645;2404;1707;1762;2768;1592
63685;2404;1707;1763;2757;1589
63725;2404;1707;1763;2765;1587
63765;2404;1708;1763;2764;1586
63795;2404;1708;1764;2761;1586
63835;2405;1708;1764;2755;1586
63875;2404;1709;1764;2754;1587
63915;2405;1709;1764;2746;1587
63945;2404;1709;1763;2744;1585
63975;2404;1709;1763;2744;1584
64015;2405;1709;1763;2743;1584
64055;2404;1709;1763;2734;1585
64095;2404;1709;1763;2733;1587
64125;2404;1709;1763;2736;1590
64165;2404;1709;1763;2742;1591
64205;2404;1709;1763;2745;1592
64245;2405;1709;1763;2738;1594
64275;2405;1709;1763;2738;1592
64315;2404;1709;1763;2739;1594
64355;2405;1709;1763;2748;1596
64395;2405;1709;1763;2762;1601
64425;2405;1709;1763;2775;1606
64465;2405;1709;1763;2771;1607
64505;2405;1710;1763;2760;1606
64545;2404;1709;1763;2765;1606
64575;2404;1709;1763;2772;1607
64615;2405;1709;1763;2782;1608
64655;2405;1709;1763;2791;1609
64695;2404;1709;1763;2785;1610
64725;2404;1709;1763;2781;1610
64765;2404;1709;1763;2788;1612
64805;2403;1709;1763;2793;1613
64845;2403;1709;1763;2794;1613
64875;2403;1709;1763;2795;1615
64915;2403;1709;1763;2799;1616
64955;2403;1709;1763;2799;1617
64995;2404;1709;1763;2790;1619
65025;2404;1708;1763;2795;1619
65065;2403;1708;1763;2795;1618
65105;2403;1708;1763;2792;1619
65145;2403;1709;1763;2792;1618
65175;2403;1709;1763;2792;1618
65215;2403;1709;1763;2791;1617
65255;2403;1709;1763;2789;1616
65295;2403;1709;1763;2781;1608
65335;2403;1709;1763;2801;1608
65375;2403;1708;1763;2786;1609
65415;2403;1708;1763;2784;1605
65445;2403;1708;1763;2780;1605
65485;2403;1708;1763;2773;1605
65525;2403;1708;1763;2775;1605
29;2403;1708;1763;2776;1605
59;2402;1708;1762;2777;1606
99;2402;1708;1762;2777;1605
129;2402;1708;1762;2777;1604
139;2402;1708;1762;2777;1604
179;2402;1707;1762;2776;1602
209;2402;1707;1762;2774;1598
249;2402;1708;1762;2773;1598
289;2402;1708;1762;2769;1597
329;2402;1708;1762;2770;1597
359;2402;1708;1762;2771;1596
399;2402;1708;1762;2767;1595
439;2402;1707;1762;2766;1597
479;2402;1707;1762;2770;1598
509;2402;1707;1762;2771;1597
549;2402;1707;1762;2767;1597
589;2401;1707;1762;2766;1596
629;2401;1707;1762;2761;1595
659;2401;1707;1762;2759;1595
699;2401;1707;1761;2766;1598
739;2401;1707;1761;2763;1597
779;2401;1707;1761;2761;1598
809;2401;1707;1761;2762;1600
849;2401;1707;1761;2772;1601
889;2401;1707;1761;2775;1602
929;2401;1707;1761;2775;1601
959;2401;1707;1761;2773;1601
999;2401;1707;1761;2771;1599
1039;2401;1707;1761;2771;1599
1079;2401;1707;1761;2776;1602
1109;2401;1707;1761;2781;1602
1149;2402;1707;1761;2787;1602
1189;2401;1707;1761;2784;1603
1229;2401;1707;1761;2784;1605
1259;2401;1707;1761;2781;1607
1299;2401;1707;1762;2781;1606
1339;2400;1707;1761;2784;1608
1379;2400;1707;1761;2788;1607
1409;2400;1707;1761;2787;1607
1449;2400;1707;1761;2787;1605
1489;2400;1707;1761;2788;1605
1529;2401;1707;1761;2795;1606
1559;2401;1707;1761;2800;1608
1599;2400;1707;1761;2800;1608
1639;2400;1707;1761;2787;1609
1679;2400;1707;1761;2789;1609
1709;2400;1707;1762;2789;1609
1749;2400;1707;1762;2790;1609
1789;2400;1707;1761;2783;1609
1829;2400;1707;1761;2782;1607
1859;2400;1707;1761;2787;1608
1899;2401;1707;1761;2785;1607
1939;2400;1707;1761;2781;1607
1979;2400;1707;1761;2769;1608
2009;2401;1707;1761;2770;1608
2049;2401;1707;1761;2773;1609
2089;2401;1707;1761;2770;1610
2129;2401;1707;1761;2769;1610
2159;2401;1707;1761;2775;1614
2199;2400;1707;1761;2778;1614
2239;2400;1707;1761;2768;1613
2279;2400;1707;1761;2759;1614
2309;2401;1707;1761;2759;1612
2349;2400;1707;1761;2767;1612
2389;2400;1707;1761;2769;1610
2429;2400;1707;1761;2774;1610
2459;2400;1707;1761;2774;1610
2489;2400;1707;1761;2773;1607
2529;2400;1707;1761;2777;1609
2569;2400;1707;1761;2773;1610
2609;2400;1707;1761;2774;1609
2639;2400;1707;1761;2770;1609
2679;2400;1707;1761;2773;1610
2719;2400;1707;1761;2772;1610
2759;2400;1707;1761;2769;1610
2789;2400;1707;1761;2767;1611
2829;2400;1707;1761;2773;1613
2869;2400;1707;1761;2776;1613
2909;2400;1707;1761;2774;1614
2949;2400;1707;1761;2772;1614
2989;2400;1707;1761;2771;1615
3029;2400;1707;1761;2767;1617
3059;2400;1707;1761;2765;1618
3099;2399;1707;1761;2766;1617
3139;2399;1707;1761;2773;1616
3179;2399;1707;1761;2783;1615
3209;2400;1707;1761;2781;1615
3249;2401;1707;1761;2781;1613
3289;2401;1707;1761;2781;1613
3329;2401;1707;1761;2773;1611
3359;2401;1707;1761;2773;1612
3399;2401;1706;1761;2774;1613
3439;2401;1706;1761;2781;1614
3479;2401;1707;1761;2785;1614
3509;2401;1707;1761;2782;1615
3549;2401;1707;1762;2782;1615
3589;2401;1707;1762;2785;1615
3629;2401;1707;1762;2787;1615
3659;2400;1707;1762;2785;1616
3699;2400;1707;1761;2781;1616
3739;2400;1707;1761;2779;1617
3779;2400;1707;1761;2785;1617
3809;2400;1707;1761;2788;1619
3849;2401;1707;1761;2787;1621
3889;2401;1707;1761;2785;1622
3929;2401;1707;1761;2791;1621
3959;2401;1707;1761;2792;1621
3999;2400;1706;1761;2791;1621
4039;2400;1706;1761;2790;1622
4079;2400;1706;1761;2793;1622
4109;2401;1707;1761;2792;1620
4139;2401;1707;1761;2794;1621
4179;2401;1707;1761;2795;1621
4209;2402;1707;1761;2794;1620
4249;2402;1707;1761;2792;1621
4289;2402;1707;1761;2793;1620
4329;2402;1707;1761;2794;1620
4339;2401;1707;1761;2795;1622
4379;2401;1707;1761;2799;1622
4409;2401;1707;1761;2797;1623
4449;2401;1707;1761;2796;1621
4489;2401;1707;1762;2796;1621
4529;2401;1707;1761;2797;1620
4559;2401;1707;1762;2798;1621
4599;2401;1707;1761;2795;1620
4639;2401;1707;1761;2792;1619
4679;2401;1708;1761;2793;1620
4709;2402;1708;1761;2792;1619
4749;2402;1708;1761;2793;1618
4789;2402;1708;1762;2793;1618
4829;2402;1708;1762;2795;1620
4859;2401;1707;1762;2797;1620
4899;2401;1707;1761;2795;1621
4939;2401;1707;1761;2796;1622
4979;2401;1707;1761;2790;1622
5009;2401;1707;1762;2780;1621
5049;2401;1707;1762;2782;1618
5089;2402;1707;1762;2776;1618
5129;2403;1707;1762;2776;1616
5159;2402;1707;1761;2777;1615
5189;2402;1707;1761;2776;1613
5229;2402;1707;1761;2777;1615
5269;2402;1707;1762;2778;1615
5309;2402;1707;1762;2782;1615
5349;2402;1707;1762;2784;1611
5389;2403;1707;1762;2785;1613
5429;2402;1707;1762;2786;1615
5459;2402;1707;1762;2789;1618
5499;2402;1707;1761;2786;1619
5539;2402;1707;1761;2781;1617
5579;2402;1707;1761;2786;1617
5609;2402;1708;1761;2786;1615
5649;2402;1708;1762;2789;1616
5689;2402;1708;1762;2789;1614
5729;2402;1708;1762;2789;1617
5759;2401;1708;1762;2801;1617
5799;2402;1708;1762;2801;1616
5839;2402;1708;1761;2796;1617
5879;2402;1707;1761;2793;1616
5909;2402;1707;1761;2791;1614
5939;2402;1707;1761;2793;1615
5979;2401;1707;1761;2794;1615
6019;2401;1707;1761;2796;1616
6059;2401;1707;1761;2802;1611
6099;2401;1707;1761;2805;1609
6139;2401;1707;1761;2805;1611
6179;2401;1707;1761;2809;1609
6209;2402;1707;1761;2807;1609
6249;2402;1707;1761;2804;1608
6289;2402;1707;1761;2805;1609
6329;2402;1708;1761;2804;1608
6359;2402;1708;1761;2802;1609
6399;2402;1708;1761;2802;1608
6439;2402;1707;1761;2802;1610
6479;2402;1707;1761;2803;1608
6509;2402;1707;1762;2797;1606
6549;2402;1707;1762;2794;1605
6589;2402;1707;1762;2794;1604
6629;2402;1707;1762;2799;1605
6659;2402;1707;1762;2803;1607
6689;2402;1707;1762;2804;1608
6729;2402;1707;1762;2803;1610
6769;2401;1707;1762;2798;1611
6809;2402;1707;1761;2796;1613
6849;2402;1707;1761;2794;1611
6889;2402;1707;1762;2795;1611
6929;2402;1707;1762;2791;1609
6959;2402;1707;1762;2791;1607
6999;2402;1707;1762;2787;1607
7039;2402;1707;1762;2782;1608
7079;2402;1707;1761;2780;1610
7109;2402;1707;1761;2785;1609
7149;2402;1707;1761;2787;1609
7189;2402;1707;1761;2785;1608
7229;2402;1707;1762;2783;1609
7259;2402;1707;1762;2781;1609
7289;2401;1707;1762;2784;1607
7329;2402;1707;1762;2782;1607
7369;2402;1707;1762;2781;1609
7409;2402;1707;1762;2775;1610
7449;2402;1707;1762;2779;1608
7489;2402;1707;1762;2777;1609
7529;2402;1707;1762;2777;1608
7559;2402;1707;1762;2774;1608
7599;2402;1707;1762;2773;1609
7639;2402;1707;1762;2774;1607
7679;2402;1707;1762;2776;1609
7709;2402;1707;1762;2782;1612
7749;2402;1707;1762;2792;1612
7789;2402;1707;1762;2794;1614
7829;2402;1707;1762;2783;1614
7859;2402;1707;1762;2784;1615
7899;2402;1707;1762;2790;1616
7939;2402;1707;1762;2792;1616
7979;2402;1707;1762;2788;1617
8009;2402;1707;1762;2782;1617
8049;2402;1707;1762;2779;1618
8099;2402;1707;1762;2782;1617
8139;2402;1707;1762;2775;1617
8199;2402;1707;1762;2767;1616
8239;2401;1707;1762;2802;1609
8279;2401;1707;1762;2770;1610
8309;2401;1707;1762;2737;1607
8339;2401;1707;1761;2716;1606
8379;2401;1707;1761;2745;1606
8419;2401;1707;1761;2765;1607
8459;2401;1707;1761;2767;1607
8489;2402;1707;1761;2756;1608
8529;2402;1707;1762;2746;1606
8569;2401;1707;1762;2745;1607
8609;2402;1707;1762;2744;1608
8649;2402;1707;1762;2743;1607
8689;2402;1707;1762;2743;1608
8729;2402;1707;1762;2745;1608
8759;2402;1707;1761;2744;1608
8789;2402;1707;1762;2739;1609
8829;2402;1707;1762;2736;1609
8869;2402;1707;1762;2738;1606
8909;2401;1707;1762;2739;1605
8949;2401;1707;1762;2737;1605
8989;2401;1707;1762;2739;1605
9029;2401;1707;1762;2741;1604
9059;2402;1707;1762;2747;1606
9099;2402;1707;1762;2755;1606
9139;2402;1707;1762;2745;1605
9179;2403;1707;1762;2742;1606
9209;2403;1707;1763;2745;1606
9249;2403;1707;1763;2752;1607
9289;2403;1707;1763;2747;1607
9329;2403;1707;1763;2738;1608
9359;2403;1707;1763;2735;1606
9399;2403;1707;1763;2744;1608
9439;2403;1707;1763;2761;1608
9479;2403;1707;1763;2768;1608
9509;2403;1708;1763;2760;1608
9549;2403;1708;1763;2745;1608
9589;2403;1708;1763;2743;1606
9629;2404;1708;1763;2738;1605
9659;2404;1708;1763;2740;1607
9699;2404;1708;1763;2729;1603
9739;2404;1708;1763;2744;1610
9779;2404;1708;1763;2688;1634
9809;2404;1709;1763;2711;1594
9849;2404;1709;1763;2709;1605
9889;2403;1709;1763;2730;1595
9929;2403;1709;1763;2724;1601
9959;2403;1709;1763;2724;1603
9999;2403;1709;1763;2725;1601
10039;2403;1709;1763;2723;1605
10079;2403;1709;1763;2723;1608
10109;2403;1709;1763;2729;1606
10149;2403;1709;1763;2729;1608
10189;2404;1709;1763;2724;1609
10229;2403;1709;1763;2722;1607
10259;2404;1709;1763;2728;1607
10299;2404;1709;1763;2740;1605
10339;2404;1709;1763;2744;1605
10379;2403;1709;1763;2741;1610
10409;2403;1709;1763;2742;1613
10449;2404;1709;1763;2739;1614
10489;2404;1709;1763;2734;1616
10529;2404;1709;1763;2748;1618
10559;2404;1709;1763;2762;1614
10599;2404;1709;1763;2762;1614
10639;2404;1709;1763;2750;1617
10679;2404;1709;1763;2748;1617
10709;2404;1709;1763;2761;1614
10749;2403;1709;1763;2767;1612
10789;2403;1709;1763;2764;1611
10829;2403;1709;1763;2757;1611
10859;2403;1709;1763;2755;1606
10899;2404;1709;1763;2753;1606
10939;2404;1709;1763;2754;1605
10979;2404;1709;1763;2762;1604
11009;2403;1709;1763;2772;1604
11049;2403;1709;1762;2770;1599
11089;2403;1709;1762;2748;1598
11129;2403;1709;1763;2736;1598
11159;2404;1709;1763;2730;1599
11309;2403;1709;1762;2746;1606
11349;2404;1708;1762;2741;1600
11389;2404;1708;1762;2726;1603
11429;2404;1708;1762;2722;1602
11459;2404;1708;1762;2723;1599
11499;2403;1708;1762;2730;1598
11539;2403;1708;1762;2729;1597
11579;2402;1708;1762;2724;1595
11609;2402;1708;1762;2724;1593
11649;2402;1708;1762;2721;1591
11689;2403;1708;1762;2723;1594
11729;2403;1708;1762;2724;1594
11759;2402;1708;1762;2725;1594
11799;2402;1708;1762;2724;1595
11839;2402;1708;1762;2724;1592
11879;2402;1708;1762;2728;1591
11909;2402;1708;1762;2733;1593
11949;2402;1708;1762;2740;1598
11989;2402;1708;1762;2740;1598
12029;2402;1708;1762;2728;1597
12059;2402;1708;1762;2719;1598
12099;2402;1708;1762;2719;1599
12139;2402;1708;1762;2723;1594
12179;2402;1708;1762;2730;1595
12209;2402;1708;1762;2741;1594
12249;2402;1708;1762;2742;1593
12289;2401;1708;1762;2729;1589
12329;2402;1708;1762;2717;1594
12359;2402;1708;1762;2711;1592
12399;2402;1708;1762;2709;1592
12439;2402;1708;1762;2697;1590
12479;2402;1708;1762;2704;1590
12509;2402;1708;1762;2710;1592
12549;2401;1707;1761;2722;1594
12589;2402;1707;1761;2727;1591
12629;2401;1707;1761;2721;1595
12659;2401;1707;1762;2717;1594
12689;2401;1707;1762;2715;1594
12729;2401;1707;1762;2710;1591
12769;2402;1707;1761;2682;1594
12809;2402;1707;1761;2692;1596
12849;2402;1707;1761;2700;1598
12889;2402;1707;1761;2695;1597
12929;2402;1707;1761;2692;1602
12959;2403;1708;1761;2693;1601
12999;2402;1708;1761;2717;1601
13039;2401;1708;1761;2740;1600
13079;2402;1708;1761;2742;1601
13109;2402;1708;1761;2739;1601
13149;2402;1707;1761;2735;1605
13189;2402;1707;1761;2736;1600
13229;2402;1707;1761;2737;1600
13259;2402;1707;1761;2738;1602
13299;2402;1707;1762;2757;1601
13339;2402;1707;1762;2762;1599
13379;2402;1707;1762;2744;1599
13409;2402;1707;1762;2732;1596
13449;2403;1707;1762;2718;1596
13489;2403;1707;1761;2716;1598
13529;2402;1707;1761;2717;1600
13559;2402;1707;1761;2717;1598
13599;2401;1708;1761;2715;1595
13639;2402;1708;1761;2726;1591
13679;2402;1708;1761;2729;1592
13709;2402;1707;1761;2718;1590
13749;2402;1707;1761;2718;1588
13789;2401;1707;1761;2712;1585
13829;2401;1707;1761;2689;1588
13859;2402;1707;1762;2679;1587
13899;2402;1707;1762;2689;1592
13939;2402;1707;1762;2698;1589
13979;2402;1707;1762;2689;1593
14009;2402;1707;1761;2675;1592
14049;2402;1707;1761;2681;1596
14089;2401;1707;1761;2705;1593
14129;2401;1707;1761;2715;1598
14159;2402;1707;1761;2713;1596
14199;2402;1707;1761;2703;1599
14239;2402;1707;1761;2697;1599
14279;2402;1707;1761;2706;1600
14309;2402;1707;1761;2711;1598
14349;2402;1707;1761;2710;1596
14389;2401;1707;1761;2727;1592
14429;2402;1707;1761;2737;1597
14459;2401;1707;1761;2732;1595
14499;2401;1707;1761;2730;1602
14539;2401;1707;1761;2747;1597
14579;2401;1707;1761;2765;1597
14609;2401;1707;1761;2763;1599
14649;2401;1707;1761;2747;1598
14689;2401;1707;1760;2742;1598
14729;2401;1707;1761;2746;1600
14759;2401;1707;1761;2749;1599
14799;2401;1707;1761;2750;1600
14839;2401;1707;1761;2746;1600
14879;2401;1707;1761;2746;1601
14909;2401;1707;1761;2748;1601
14949;2401;1706;1761;2748;1603
14989;2401;1706;1761;2748;1602
15029;2401;1706;1760;2749;1604
15059;2401;1706;1761;2751;1603
15099;2401;1707;1761;2747;1603
15139;2401;1707;1761;2743;1602
15179;2401;1707;1761;2744;1603
15209;2401;1707;1761;2737;1603
15249;2401;1707;1761;2734;1605
15289;2401;1707;1761;2735;1604
15329;2401;1707;1761;2738;1602
15359;2401;1707;1761;2738;1601
15399;2401;1707;1761;2737;1601
15439;2401;1707;1761;2739;1600
15479;2402;1707;1761;2742;1601
15509;2402;1707;1761;2742;1602
15549;2401;1707;1761;2744;1603
15589;2401;1706;1761;2746;1603
15629;2401;1706;1761;2748;1602
15659;2401;1706;1761;2744;1603
15699;2401;1707;1761;2743;1601
15739;2401;1707;1761;2740;1603
15779;2401;1707;1761;2742;1602
15809;2401;1707;1761;2740;1605
15849;2401;1707;1761;2737;1607
15889;2401;1707;1761;2735;1608
15929;2401;1707;1761;2749;1608
15959;2401;1707;1761;2756;1608
15999;2401;1707;1761;2763;1606
16039;2401;1707;1761;2762;1607
16079;2401;1707;1762;2751;1604
16109;2400;1707;1761;2746;1606
16149;2400;1707;1761;2750;1605
16189;2401;1707;1761;2750;1605
16229;2401;1707;1761;2748;1603
16259;2401;1707;1761;2741;1603
16299;2401;1707;1761;2744;1602
16339;2401;1707;1761;2752;1602
16379;2401;1707;1762;2766;1603
16409;2400;1707;1762;2766;1605
16449;2400;1707;1761;2757;1605
16489;2400;1707;1761;2760;1606
16529;2401;1707;1761;2761;1607
16559;2400;1707;1761;2762;1605
16599;2400;1707;1761;2761;1606
16639;2400;1707;1761;2760;1604
16679;2401;1707;1761;2756;1605
16709;2401;1707;1761;2759;1606
16749;2400;1707;1761;2768;1606
16789;2400;1707;1761;2771;1608
16829;2400;1707;1761;2772;1608
16859;2400;1707;1761;2763;1606
16899;2401;1707;1761;2758;1606
16939;2401;1707;1761;2754;1607
16979;2401;1707;1762;2769;1608
17009;2401;1707;1762;2775;1607
17049;2402;1707;1761;2778;1606
17089;2402;1707;1761;2761;1605
17129;2401;1707;1761;2755;1602
17159;2401;1707;1761;2759;1598
17199;2401;1707;1761;2758;1591
17239;2402;1707;1761;2749;1592
17279;2401;1707;1761;2750;1591
17309;2401;1707;1761;2772;1597
17349;2401;1707;1761;2800;1598
17389;2401;1707;1761;2787;1596
17429;2400;1707;1761;2737;1600
17459;2401;1707;1761;2717;1606
17489;2401;1707;1761;2729;1606
17529;2401;1707;1761;2766;1604
17569;2401;1707;1761;2778;1604
17609;2401;1707;1761;2762;1608
17649;2402;1707;1761;2756;1608
17689;2402;1707;1761;2763;1607
17729;2402;1707;1761;2773;1609
17759;2402;1707;1762;2771;1607
17799;2401;1707;1762;2772;1603
17839;2402;1707;1762;2756;1603
17879;2403;1707;1762;2737;1600
17909;2402;1707;1762;2735;1601
17949;2401;1707;1762;2748;1596
17989;2401;1707;1762;2760;1595
18029;2401;1707;1761;2767;1596
18059;2402;1707;1761;2765;1593
18099;2401;1707;1761;2752;1592
18139;2402;1707;1762;2746;1592
18179;2402;1707;1762;2734;1590
18209;2402;1707;1762;2729;1592
18249;2402;1707;1762;2730;1593
18289;2402;1707;1762;2729;1595
18329;2403;1707;1762;2732;1598
18359;2402;1707;1762;2734;1598
18399;2402;1707;1762;2732;1596
18439;2402;1707;1762;2721;1594
18479;2402;1707;1762;2714;1591
18509;2403;1707;1762;2718;1592
18549;2402;1707;1762;2719;1592
18589;2402;1707;1761;2719;1591
18629;2402;1707;1761;2710;1588
18659;2402;1707;1761;2712;1589
18699;2403;1707;1761;2723;1591
18739;2402;1707;1761;2725;1588
18769;2402;1707;1761;2718;1586
18809;2402;1707;1761;2701;1586
18839;2402;1707;1761;2694;1592
18879;2402;1707;1761;2707;1588
18919;2402;1707;1762;2709;1590
18959;2402;1707;1762;2701;1589
18989;2401;1707;1762;2698;1595
19029;2401;1707;1762;2713;1595
19069;2402;1707;1761;2720;1598
19109;2402;1707;1761;2711;1599
19149;2402;1707;1761;2699;1600
19189;2402;1707;1761;2705;1603
19229;2401;1707;1761;2728;1602
19259;2401;1707;1761;2733;1602
19299;2401;1707;1761;2725;1601
19339;2401;1707;1761;2719;1599
19379;2401;1707;1762;2715;1599
19409;2401;1707;1762;2716;1599
19439;2401;1707;1762;2710;1598
19479;2401;1707;1762;2699;1599
19519;2402;1707;1762;2701;1600
19559;2403;1707;1762;2706;1598
19599;2403;1707;1761;2702;1599
19639;2403;1707;1761;2697;1595
19679;2403;1707;1762;2696;1590
19719;2403;1707;1762;2693;1591
19789;2403;1707;1762;2692;1591
19829;2402;1707;1762;2682;1591
19859;2402;1707;1762;2666;1591
19899;2402;1707;1762;2660;1589
19939;2402;1707;1762;2662;1589
19979;2402;1707;1761;2673;1590
20009;2402;1707;1761;2682;1590
20049;2401;1707;1761;2682;1590
20089;2401;1707;1761;2688;1593
20129;2401;1707;1761;2685;1591
20159;2401;1707;1762;2665;1593
20199;2402;1707;1762;2661;1591
20239;2402;1707;1762;2672;1592
20279;2402;1707;1762;2695;1591
20309;2401;1707;1762;2716;1589
20339;2401;1707;1762;2720;1590
20379;2402;1707;1762;2708;1588
20419;2402;1707;1762;2692;1588
20459;2402;1707;1762;2684;1587
20489;2402;1707;1762;2681;1589
20529;2401;1707;1762;2678;1585
20569;2401;1707;1761;2676;1579
20609;2402;1707;1761;2664;1574
20649;2402;1707;1761;2627;1577
20689;2402;1707;1761;2613;1570
20729;2402;1707;1761;2623;1565
20759;2402;1707;1761;2645;1562
20799;2401;1707;1762;2666;1564
20839;2402;1707;1762;2663;1562
20879;2402;1707;1762;2643;1564
20909;2402;1707;1761;2641;1567
20949;2402;1707;1761;2640;1567
20989;2402;1707;1761;2644;1568
21029;2401;1707;1761;2651;1568
21059;2401;1707;1761;2664;1571
21099;2401;1708;1762;2672;1573
21139;2401;1708;1762;2676;1573
21179;2402;1707;1762;2667;1574
21209;2402;1707;1761;2667;1578
21239;2402;1707;1762;2674;1580
21279;2402;1707;1762;2684;1581
21319;2402;1707;1762;2693;1586
21359;2402;1707;1762;2694;1590
21399;2402;1707;1762;2692;1590
21439;2402;1707;1762;2699;1591
21479;2402;1707;1762;2701;1590
21509;2402;1707;1762;2702;1591
21549;2402;1707;1762;2702;1589
21589;2402;1707;1762;2702;1589
21629;2402;1707;1762;2699;1589
21659;2402;1707;1762;2698;1588
21699;2402;1707;1762;2702;1588
21739;2402;1707;1762;2706;1591
21779;2402;1707;1762;2708;1588
21809;2402;1707;1761;2710;1587
21849;2402;1707;1761;2709;1588
21889;2401;1707;1761;2705;1591
21929;2401;1707;1761;2701;1589
21959;2402;1707;1761;2703;1590
21999;2402;1707;1761;2702;1592
22039;2402;1707;1762;2704;1591
22079;2402;1707;1762;2706;1586
22109;2401;1707;1762;2707;1587
22149;2401;1707;1762;2704;1587
22189;2402;1707;1762;2706;1588
22229;2402;1707;1762;2703;1590
22259;2401;1707;1762;2703;1591
22299;2402;1707;1762;2703;1591
22339;2403;1707;1762;2701;1592
22379;2402;1707;1762;2704;1593
22409;2402;1707;1762;2709;1593
22449;2402;1707;1762;2710;1592
22489;2402;1707;1762;2707;1594
22529;2403;1707;1762;2702;1593
22549;2402;1707;1763;2703;1594
22559;2402;1707;1763;2704;1594
22599;2402;1707;1763;2702;1594
22639;2402;1707;1763;2699;1596
22679;2403;1707;1763;2690;1598
22709;2403;1707;1763;2691;1599
22749;2402;1707;1763;2699;1592
22789;2402;1707;1763;2699;1593
22829;2402;1707;1763;2697;1593
22859;2403;1707;1763;2694;1595
22899;2403;1707;1763;2689;1596
22939;2403;1708;1763;2683;1597
22979;2404;1708;1763;2685;1597
23009;2404;1708;1763;2687;1598
23049;2404;1708;1764;2689;1598
23089;2404;1708;1764;2681;1599
23129;2404;1708;1764;2682;1599
23159;2404;1708;1764;2684;1599
23199;2404;1708;1764;2686;1599
23239;2404;1708;1764;2687;1601
23279;2404;1709;1764;2687;1601
23309;2404;1709;1763;2686;1601
23349;2404;1709;1763;2685;1599
23389;2404;1709;1763;2685;1593
23419;2404;1709;1763;2679;1589
23459;2404;1709;1763;2677;1589
23499;2404;1709;1763;2678;1589
23539;2404;1709;1763;2677;1585
23579;2404;1709;1763;2678;1586
23609;2404;1709;1763;2680;1583
23649;2404;1709;1763;2690;1588
23689;2405;1709;1763;2708;1590
23729;2405;1709;1763;2710;1589
23759;2404;1709;1763;2695;1588
23799;2404;1709;1763;2681;1586
23839;2404;1709;1763;2679;1589
23879;2404;1709;1763;2686;1594
23909;2404;1709;1763;2693;1596
23949;2404;1709;1763;2701;1594
23989;2404;1709;1763;2693;1594
24029;2404;1709;1763;2687;1593
24059;2404;1709;1763;2686;1595
24099;2404;1709;1763;2697;1594
24139;2404;1709;1763;2706;1592
24179;2404;1709;1763;2708;1591
24209;2404;1709;1763;2698;1589
24249;2404;1709;1763;2690;1587
24289;2404;1709;1763;2692;1584
24329;2404;1709;1763;2698;1588
24359;2404;1709;1763;2699;1590
24399;2404;1709;1763;2696;1590
24439;2404;1709;1763;2693;1586
24479;2404;1709;1763;2689;1587
24509;2404;1709;1763;2690;1589
24549;2404;1709;1763;2693;1593
24589;2403;1709;1763;2697;1596
24629;2403;1709;1763;2699;1596
24659;2403;1709;1763;2697;1593
24699;2403;1709;1763;2690;1590
24739;2403;1709;1763;2681;1590
24779;2403;1709;1763;2684;1592
24809;2403;1709;1763;2687;1592
24849;2403;1708;1763;2686;1590
24889;2403;1708;1763;2676;1592
24929;2403;1708;1763;2667;1590
24959;2403;1708;1762;2666;1588
24999;2403;1708;1762;2689;1580
25039;2403;1708;1762;2693;1585
25079;2403;1708;1762;2685;1571
25109;2403;1708;1762;2679;1581
25149;2403;1708;1762;2698;1576
25189;2403;1709;1762;2705;1581
25229;2403;1709;1762;2699;1580
25259;2403;1709;1762;2689;1579
25299;2403;1709;1762;2680;1580
25339;2403;1709;1762;2683;1581
25379;2403;1709;1762;2689;1584
25409;2403;1709;1762;2689;1584
25449;2402;1709;1762;2685;1583
25489;2402;1709;1762;2685;1582
25529;2402;1709;1762;2687;1583
25559;2402;1709;1762;2693;1585
25599;2402;1709;1762;2696;1588
25639;2402;1708;1762;2695;1588
25679;2402;1708;1762;2694;1589
25709;2402;1708;1762;2696;1587
25749;2402;1708;1762;2692;1586
25789;2402;1708;1762;2693;1585
25829;2402;1708;1762;2692;1585
25859;2402;1708;1762;2692;1585
25899;2402;1708;1762;2688;1581
25939;2402;1708;1762;2681;1579
25979;2402;1708;1762;2678;1577
26009;2402;1708;1762;2680;1579
26049;2402;1708;1762;2681;1580
26089;2402;1708;1762;2682;1575
26129;2402;1708;1762;2681;1578
26159;2402;1708;1761;2679;1579
26199;2402;1708;1761;2677;1577
26239;2401;1708;1761;2675;1578
26279;2401;1708;1761;2675;1578
26309;2401;1708;1762;2673;1578
26349;2401;1708;1762;2671;1576
26389;2401;1708;1762;2668;1574
26429;2401;1708;1762;2660;1572
26459;2401;1708;1762;2653;1576
26499;2401;1708;1762;2649;1574
26539;2401;1708;1761;2646;1575
26579;2401;1708;1761;2645;1575
26609;2401;1708;1761;2644;1576
26649;2401;1708;1761;2645;1571
26689;2401;1708;1761;2643;1574
26729;2402;1708;1762;2640;1573
26759;2401;1708;1761;2644;1576
26799;2401;1708;1761;2645;1576
26839;2401;1708;1761;2644;1576
26879;2401;1708;1762;2644;1578
26909;2401;1708;1762;2639;1579
26949;2401;1708;1761;2640;1579
26989;2401;1708;1761;2641;1581
27029;2401;1708;1761;2646;1581
27059;2401;1708;1761;2656;1582
27099;2401;1708;1761;2663;1582
27139;2401;1708;1761;2663;1583
27179;2401;1707;1761;2657;1584
27209;2401;1708;1761;2656;1585
27249;2401;1708;1761;2664;1584
27279;2401;1707;1761;2679;1589
27289;2402;1707;1761;2683;1590
27329;2402;1707;1761;2689;1591
27359;2402;1707;1761;2684;1590
27399;2402;1707;1761;2668;1587
27439;2402;1707;1761;2658;1585
27479;2401;1707;1761;2657;1584
27509;2401;1707;1761;2662;1583
27549;2401;1708;1761;2683;1584
27589;2401;1708;1761;2695;1580
27629;2401;1708;1762;2680;1579
27659;2401;1708;1762;2668;1580
27699;2401;1708;1762;2659;1577
27739;2401;1708;1762;2649;1576
27779;2401;1707;1762;2653;1574
27789;2402;1707;1761;2653;1573
31139;2401;1707;1760;2676;1596
31219;2401;1707;1761;2676;1597
31249;2401;1707;1761;2676;1595
31289;2401;1707;1761;2674;1595
31329;2401;1707;1762;2676;1596
31369;2401;1707;1762;2678;1596
31399;2401;1707;1762;2680;1595
31439;2401;1707;1762;2678;1598
31479;2401;1707;1762;2678;1597
31519;2401;1707;1761;2679;1596
31549;2402;1707;1761;2674;1595
31589;2402;1707;1762;2676;1595
31629;2402;1707;1762;2676;1594
31669;2402;1707;1762;2681;1593
31699;2401;1707;1762;2682;1593
31739;2401;1707;1762;2680;1591
31779;2401;1707;1761;2675;1589
31819;2401;1707;1761;2673;1590
31849;2401;1707;1761;2672;1591
31889;2401;1707;1761;2677;1593
31929;2401;1707;1762;2683;1592
31969;2401;1707;1762;2680;1593
31999;2401;1707;1762;2678;1593
32039;2401;1707;1762;2677;1591
32079;2401;1707;1762;2678;1593
32119;2401;1707;1761;2681;1593
32149;2401;1707;1761;2680;1592
32189;2402;1707;1762;2683;1593
32229;2402;1707;1762;2684;1592
32269;2402;1707;1762;2682;1591
32299;2402;1707;1762;2682;1591
32339;2402;1707;1762;2683;1592
32379;2402;1707;1762;2685;1592
32419;2402;1707;1762;2686;1591
32449;2402;1707;1762;2683;1592
32489;2402;1707;1762;2685;1593
32529;2402;1707;1762;2692;1589
32569;2402;1707;1762;2690;1590
32599;2402;1707;1762;2687;1592
32639;2402;1707;1762;2688;1591
32679;2402;1707;1762;2688;1590
32719;2402;1707;1762;2691;1590
32749;2402;1708;1762;2689;1589
32789;2402;1708;1762;2689;1587
32829;2402;1708;1762;2681;1585
32869;2402;1708;1762;2683;1585
32899;2402;1708;1762;2684;1586
32939;2402;1708;1762;2684;1586
32979;2402;1708;1762;2685;1585
33019;2402;1707;1762;2684;1588
33049;2402;1708;1762;2684;1588
33089;2402;1708;1762;2690;1587
33129;2402;1708;1762;2689;1589
33169;2402;1707;1762;2684;1590
33199;2401;1707;1762;2685;1590
33239;2401;1707;1762;2691;1590
33279;2401;1707;1762;2691;1592
33319;2401;1707;1762;2686;1591
33349;2402;1708;1762;2684;1591
33389;2401;1708;1762;2685;1589
33429;2402;1708;1762;2684;1588
33469;2402;1708;1762;2683;1588
33499;2401;1708;1761;2684;1590
33539;2401;1708;1761;2686;1589
33579;2401;1708;1761;2685;1590
33619;2401;1708;1761;2684;1589
33649;2401;1708;1762;2681;1587
33689;2402;1708;1761;2681;1587
33729;2402;1708;1761;2682;1588
33769;2402;1708;1762;2680;1588
33799;2402;1708;1762;2682;1589
33839;2402;1708;1762;2684;1589
33879;2402;1708;1762;2682;1587
33919;2402;1707;1762;2683;1587
33949;2402;1707;1762;2682;1586
33989;2402;1708;1762;2683;1587
34029;2402;1708;1762;2683;1586
34069;2402;1708;1762;2678;1583
34099;2402;1708;1762;2672;1580
34139;2402;1707;1762;2663;1578
34179;2402;1707;1762;2665;1577
34219;2402;1707;1762;2665;1579
34249;2402;1707;1762;2665;1577
34289;2402;1707;1762;2664;1576
34329;2402;1707;1762;2663;1576
34369;2402;1707;1762;2657;1572
34399;2401;1707;1762;2657;1575
34439;2401;1707;1762;2656;1575
34479;2401;1707;1762;2659;1576
34519;2401;1707;1762;2658;1576
34549;2401;1707;1762;2658;1577
34589;2401;1707;1762;2659;1575
34629;2401;1708;1762;2657;1577
34669;2401;1708;1762;2657;1578
34699;2401;1708;1762;2660;1578
34739;2401;1707;1762;2661;1577
34779;2401;1707;1762;2660;1578
34819;2401;1707;1762;2654;1580
34849;2401;1708;1762;2656;1581
34889;2401;1708;1762;2659;1582
34929;2401;1708;1762;2661;1585
34969;2401;1708;1762;2667;1588
34999;2401;1707;1762;2670;1591
35039;2401;1707;1762;2669;1590
35079;2401;1707;1762;2670;1590
35119;2401;1707;1762;2670;1590
35149;2401;1707;1762;2666;1588
35189;2401;1707;1762;2660;1588
35229;2401;1708;1762;2663;1589
35269;2401;1708;1762;2670;1593
35299;2401;1708;1762;2679;1597
35339;2401;1708;1762;2687;1600
35379;2401;1707;1762;2666;1599
35419;2401;1707;1762;2714;1600
35449;2401;1707;1762;2705;1605
35489;2401;1708;1762;2705;1603
35529;2401;1708;1762;2710;1605
35569;2401;1708;1762;2709;1602
35609;2401;1708;1762;2711;1607
35649;2401;1708;1762;2721;1608
35689;2401;1708;1762;2717;1608
35729;2401;1708;1762;2711;1609
35759;2401;1708;1762;2704;1611
35799;2401;1708;1762;2705;1610
35839;2401;1708;1762;2712;1610
35879;2401;1707;1762;2702;1610
35919;2401;1707;1762;2695;1610
35949;2401;1707;1762;2694;1608
35989;2402;1707;1762;2693;1605
36029;2402;1708;1762;2679;1594
36059;2401;1707;1762;2670;1594
36099;2401;1707;1762;2669;1594
36139;2401;1707;1762;2671;1592
36179;2401;1707;1762;2671;1591
36209;2401;1707;1762;2674;1588
36239;2401;1707;1762;2681;1590
36279;2401;1707;1762;2686;1589
36319;2401;1707;1762;2680;1589
36359;2401;1707;1762;2670;1586
36399;2401;1707;1762;2665;1590
36439;2401;1707;1762;2656;1591
36479;2401;1707;1762;2658;1591
36509;2401;1707;1762;2657;1590
36539;2401;1707;1762;2660;1591
36579;2401;1707;1762;2659;1591
36619;2401;1707;1762;2658;1587
36659;2401;1707;1762;2654;1585
36699;2401;1707;1762;2655;1584
36739;2401;1707;1762;2660;1581
36779;2401;1707;1762;2661;1578
36809;2401;1707;1762;2654;1580
36849;2401;1707;1762;2649;1583
36889;2402;1707;1762;2656;1584
36929;2402;1707;1762;2665;1584
36959;2402;1707;1762;2667;1585
36989;2402;1707;1762;2670;1586
37029;2402;1707;1762;2672;1586
37069;2403;1708;1763;2655;1589
37109;2403;1708;1763;2644;1586
37139;2403;1708;1763;2632;1589
37179;2403;1708;1763;2632;1590
37219;2402;1708;1763;2663;1592
37259;2403;1708;1763;2691;1587
37299;2403;1708;1763;2696;1584
37339;2403;1708;1763;2682;1583
37379;2403;1708;1763;2676;1584
37409;2403;1708;1763;2677;1583
37449;2402;1708;1763;2676;1581
37489;2402;1708;1763;2677;1582
37529;2403;1708;1763;2677;1582
37559;2403;1709;1763;2681;1585
37589;2403;1709;1763;2692;1585
37629;2403;1709;1763;2698;1591
37669;2403;1709;1763;2698;1594
37709;2403;1709;1763;2695;1592
37739;2403;1709;1763;2693;1589
37779;2404;1709;1763;2689;1583
37819;2403;1710;1763;2688;1580
37859;2403;1710;1763;2699;1577
37899;2403;1710;1763;2714;1577
37939;2402;1710;1763;2719;1577
37969;2402;1710;1763;2717;1578
37979;2403;1710;1763;2716;1577
38009;2404;1710;1763;2707;1578
38049;2404;1710;1763;2692;1577
38089;2404;1710;1763;2672;1577
38129;2404;1710;1763;2658;1577
38159;2404;1710;1763;2662;1576
38199;2403;1710;1763;2673;1577
38239;2403;1710;1763;2681;1579
38279;2403;1710;1763;2679;1581
38309;2403;1710;1763;2678;1579
38339;2403;1710;1764;2674;1580
38379;2403;1710;1764;2673;1585
38419;2403;1710;1763;2678;1581
38459;2404;1710;1763;2679;1580
38489;2404;1710;1763;2677;1581
38529;2404;1710;1764;2673;1582
38569;2404;1710;1763;2673;1583
38609;2404;1710;1763;2672;1583
38649;2403;1710;1763;2674;1585
38689;2403;1710;1763;2676;1585
38729;2403;1710;1763;2678;1588
38759;2403;1710;1763;2682;1590
38799;2403;1710;1763;2689;1593
38839;2403;1709;1763;2690;1594
38879;2404;1709;1763;2686;1595
38919;2403;1709;1763;2677;1596
38949;2403;1709;1763;2675;1596
38989;2403;1709;1763;2677;1592
39029;2403;1710;1763;2673;1590
39059;2403;1710;1763;2672;1587
39099;2403;1710;1763;2666;1589
39139;2403;1710;1763;2662;1591
39179;2403;1710;1762;2668;1590
39209;2403;1710;1762;2672;1590
39249;2402;1710;1762;2676;1590
39289;2403;1710;1762;2679;1589
39329;2403;1710;1762;2688;1589
39359;2402;1709;1762;2687;1588
39399;2402;1709;1762;2684;1588
39439;2403;1709;1762;2676;1590
39479;2403;1709;1762;2680;1589
39509;2403;1709;1762;2684;1590
39549;2403;1709;1762;2688;1591
39589;2403;1709;1762;2687;1590
39629;2402;1709;1762;2683;1593
39659;2402;1709;1762;2692;1593
39699;2402;1709;1762;2695;1592
39739;2402;1709;1762;2705;1594
39779;2403;1709;1762;2712;1598
39809;2402;1709;1762;2711;1597
39849;2403;1709;1762;2718;1600
39889;2403;1709;1762;2720;1599
39929;2403;1709;1762;2721;1599
39959;2403;1709;1762;2720;1597
39999;2403;1709;1762;2713;1598
40039;2403;1708;1762;2713;1595
40079;2402;1708;1762;2718;1595
40119;2402;1708;1762;2719;1595
40149;2402;1708;1762;2723;1596
40189;2401;1708;1762;2719;1595
40229;2401;1708;1762;2713;1594
40269;2402;1708;1762;2710;1592
40299;2402;1708;1762;2713;1593
40339;2402;1708;1762;2716;1594
40379;2401;1708;1762;2719;1594
40409;2401;1708;1762;2718;1594
40449;2401;1708;1762;2719;1593
40489;2401;1708;1762;2718;1592
40529;2401;1708;1761;2714;1593
40559;2401;1708;1762;2714;1593
40599;2402;1708;1762;2717;1594
40639;2402;1708;1762;2719;1596
40669;2401;1708;1761;2720;1597
40679;2402;1708;1761;2717;1596
40709;2402;1708;1761;2718;1595
40749;2402;1708;1761;2718;1597
40779;2401;1708;1761;2717;1596
40789;2401;1708;1761;2716;1596
40829;2401;1707;1761;2714;1596
40859;2401;1708;1761;2715;1597
40889;2401;1708;1761;2717;1597
40899;2401;1708;1761;2716;1597
40929;2401;1708;1761;2720;1597