
16498;996;849;904;2466;1784
16568;1494;1273;1356;2468;1785
16608;1743;1485;1582;2468;1785
16648;1867;1591;1695;2466;1787
16688;1928;1644;1751;2456;1796
16718;1958;1671;1779;2456;1807
16758;1972;1681;1794;2458;1800
16798;1974;1685;1801;2456;1817
16838;1975;1679;1805;2452;1826
16868;1974;1675;1807;2453;1831
16908;1972;1670;1807;2453;1835
16948;1957;1664;1807;2453;1842
16988;1948;1657;1807;2447;1846
17018;1946;1645;1808;2444;1849
17058;1942;1645;1808;2449;1849
17098;1932;1641;1808;2443;1858
17138;1926;1630;1808;2442;1868
17168;1915;1627;1808;2441;1865
17208;1909;1623;1808;2437;1881
17248;1903;1618;1808;2434;1879
17288;1892;1614;1808;2429;1886
17318;1882;1612;1808;2426;1886
17358;1875;1609;1808;2424;1892
17398;1859;1601;1808;2416;1895
17438;1855;1594;1808;2413;1896
17468;1848;1589;1808;2406;1897
17508;1838;1585;1807;2405;1899
17548;1833;1576;1807;2395;1902
17588;1823;1551;1805;2392;1906
17618;1816;1519;1804;2392;1902
17658;1801;1517;1803;2385;1911
17698;1790;1528;1801;2384;1910
17738;1785;1531;1799;2391;1915
17768;1784;1528;1797;2388;1919
17808;1770;1527;1795;2389;1922
17848;1756;1523;1793;2389;1926
17888;1748;1515;1792;2385;1929
17918;1732;1505;1791;2373;1928
17958;1707;1500;1792;2386;1930
17998;1678;1496;1793;2392;1932
18038;1658;1492;1791;2387;1929
18078;1613;1489;1790;2380;1932
18108;1574;1486;1787;2376;1935
18148;1555;1479;1786;2373;1946
18188;1544;1473;1784;2378;1944
18218;1523;1466;1783;2370;1944
18258;1520;1451;1782;2356;1948
18298;1512;1445;1782;2352;1958
18338;1502;1442;1779;2339;1967
18368;1495;1436;1776;2343;1972
18408;1487;1436;1774;2327;1976
18448;1473;1431;1772;2335;1977
18488;1467;1422;1771;2321;1979
18518;1463;1419;1769;2307;1983
18558;1451;1414;1767;2302;1987
18598;1440;1404;1766;2294;1993
18638;1428;1395;1765;2285;2001
18668;1420;1390;1764;2291;2006
18708;1410;1385;1762;2309;2012
18748;1396;1380;1760;2320;2032
18788;1390;1375;1759;2316;2060
18818;1380;1370;1758;2323;2070
18858;1359;1313;1758;2320;2078
18898;1349;1331;1756;2317;2081
18938;1345;1335;1754;2341;2089
18968;1338;1335;1752;2339;2094
19008;1331;1333;1750;2319;2102
19048;1323;1326;1746;2306;2113
19088;1317;1321;1742;2284;2130
19118;1310;1315;1740;2283;2128
19158;1301;1301;1738;2306;2135
19198;1288;1292;1737;2298;2151
19238;1280;1285;1737;2308;2160
19268;1273;1278;1736;2272;2174
19308;1262;1273;1735;2263;2188
19348;1251;1264;1735;2246;2199
19388;1246;1255;1735;2330;2336
19418;1240;1252;1735;2362;2396
19458;1228;1246;1735;2429;2491
19498;1218;1238;1733;2523;2613
19538;1213;1216;1731;2535;2645
19568;1207;1203;1728;2510;2630
19608;1198;1209;1725;2478;2638
19648;1189;1210;1723;2446;2630
19688;1182;1203;1722;2421;2610
19718;1175;1196;1721;2391;2622
19758;1165;1191;1721;2378;2626
19798;1154;1186;1720;2387;2659
19838;1147;1178;1719;2367;2687
19868;1142;1171;1718;2357;2731
19908;1137;1166;1717;2315;2769
19948;1130;1153;1716;2310;2816
19988;1124;1148;1715;2295;2894
20018;1121;1142;1714;2305;2936
20058;1115;1132;1714;2319;2997
20098;1111;1126;1714;2318;3046
20138;1106;1121;1713;2297;3087
20168;1099;1112;1712;2265;3125
20208;1091;1105;1712;2232;3158
20248;1086;1100;1712;2158;3207
20288;1082;1096;1712;2155;3234
20318;1078;1090;1712;2112;3251
20358;1075;1090;1712;2133;3266
20398;1073;1087;1712;2148;3265
20438;1072;1086;1713;2140;3257
20468;1071;1085;1712;2186;3254
20508;1071;1084;1712;2206;3263
20548;1069;1084;1712;2219;3140
20588;1068;1084;1712;2260;3122
20618;1067;1084;1711;2319;3077
20658;1067;1085;1710;2389;3021
20698;1067;1085;1709;2443;2942
20738;1067;1085;1707;2505;2839
20768;1067;1085;1706;2570;2762
20808;1067;1086;1705;2671;2633
20848;1065;1086;1705;2705;2476
20888;1066;1086;1705;2704;2388
20918;1066;1087;1705;2703;2337
20958;1067;1087;1705;2706;2309
20998;1068;1088;1705;2704;2285
21038;1068;1087;1705;2697;2281
21068;1069;1087;1705;2694;2281
21108;1069;1087;1705;2684;2282
21148;1069;1087;1705;2665;2292
21188;1070;1087;1705;2707;2351
21218;1070;1087;1705;2760;2537
21258;1070;1087;1706;2807;2741
21298;1069;1087;1706;2759;2838
21338;1069;1087;1706;2714;2951
21368;1068;1087;1706;2682;3021
21408;1068;1087;1705;2629;3076
21448;1068;1087;1705;2577;3129
21488;1067;1087;1705;2553;3190
21518;1066;1085;1706;2511;3228
21558;1064;1084;1706;2477;3311
21598;1062;1081;1706;2469;3380
21638;1056;1068;1705;2428;3410
21668;1052;1062;1705;2417;3438
21708;1047;1060;1705;2380;3489
21748;1042;1059;1705;2363;3498
21788;1039;1056;1705;2353;3510
21818;1038;1055;1705;2354;3481
21858;1036;1054;1705;2336;3408
21898;1034;1055;1705;2354;3384
21938;1032;1055;1705;2364;3364
21968;1032;1054;1705;2373;3355
22008;1032;1054;1705;2388;3343
22098;1032;1054;1704;2427;3139
22128;1032;1054;1702;2482;3069
22228;1031;1056;1702;2616;2821
22278;1031;1058;1702;2633;2683
22318;1031;1059;1702;2671;2544
22358;1031;1060;1701;2713;2452
22398;1031;1061;1701;2795;2427
22428;1031;1061;1701;2816;2383
22468;1031;1061;1701;2794;2370
22508;1032;1061;1701;2750;2344
22548;1032;1062;1701;2742;2337
22578;1032;1062;1701;2744;2334
22618;1032;1062;1701;2750;2336
22658;1032;1063;1701;2791;2353
22698;1033;1063;1701;2860;2497
22728;1032;1063;1701;2977;2694
22768;1032;1063;1701;3302;3041
22808;1031;1063;1701;3335;3127
22848;1031;1063;1701;3304;3187
22878;1031;1064;1701;3267;3208
22918;1031;1064;1701;3268;3234
22948;1031;1064;1701;3287;3270
22958;1031;1064;1701;3291;3279
22998;1031;1063;1700;3298;3330
23028;1030;1063;1697;3316;3391
23068;1028;1062;1696;3383;3514
23108;1024;1062;1694;3422;3541
23148;1020;1062;1693;3448;3584
23178;1015;1061;1692;3512;3696
23218;1010;1056;1691;3542;3737
23258;1006;1053;1691;3578;3856
23298;1000;1051;1689;3669;3895
23328;994;1051;1688;3749;4024
23368;990;1050;1687;3843;4095
23408;987;1051;1685;3846;4095
23448;985;1048;1684;3801;4095
23478;983;1044;1681;3766;4095
23518;979;1041;1679;3722;4095
23558;975;1037;1677;3659;4095
23598;969;1033;1675;3592;4080
23628;966;1033;1674;3537;4086
23668;964;1032;1673;3515;4093
23708;958;1028;1672;3553;4095
23748;952;1024;1672;3530;4095
23778;948;1021;1672;3481;4095
23818;946;1017;1671;3467;4095
23858;944;1012;1670;3494;4095
23898;942;1007;1670;3521;4095
23928;940;1000;1670;3548;4095
23968;937;997;1670;3555;4095
24008;935;996;1670;3533;4095
24048;934;991;1669;3515;4095
24078;933;988;1669;3479;4095
24118;929;984;1669;3444;4095
24158;926;981;1669;3428;4095
24198;923;978;1669;3433;4095
24228;921;976;1669;3433;4095
24268;919;975;1669;3421;4095
24308;918;973;1669;3399;4095
24348;916;969;1669;3377;4095
24378;915;966;1669;3378;4095
24418;915;964;1669;3378;4095
24458;914;962;1669;3369;4095
24498;913;961;1669;3352;4095
24528;909;959;1668;3353;4095
24568;907;958;1668;3333;4095
24608;905;954;1668;3307;4095
24648;903;950;1668;3292;4095
24678;901;948;1668;3293;4095
24718;898;947;1668;3288;4095
24758;896;946;1668;3292;4095
24798;895;946;1668;3291;4095
24828;894;946;1667;3290;4095
24868;893;946;1667;3288;4095
24908;893;946;1667;3291;4095
24948;893;946;1667;3291;4095
24978;893;946;1667;3296;4095
25018;893;946;1667;3300;4095
25058;893;946;1667;3310;4095
25098;893;946;1667;3305;4095
25128;892;946;1667;3298;4095
25168;892;946;1667;3297;4095
25208;893;946;1667;3295;4095
25248;893;946;1667;3294;4095
25278;893;946;1667;3293;4095
25318;894;946;1668;3296;4095
25358;894;946;1668;3293;4095
25398;894;946;1668;3299;4095
25428;893;946;1668;3286;4095
25468;893;946;1668;3296;4095
25508;892;946;1668;3311;4069
25548;892;946;1668;3323;3967
25578;891;946;1667;3342;3871
25618;891;946;1668;3375;3769
25658;891;946;1668;3402;3643
25698;891;946;1668;3425;3554
25728;891;946;1668;3442;3499
25768;892;946;1668;3458;3426
25808;894;946;1667;3477;3355
25848;895;946;1667;3486;3299
25878;897;946;1667;3486;3279
25918;898;946;1667;3501;3250
25958;900;946;1667;3524;3222
25998;901;946;1668;3532;3189
26028;901;946;1668;3543;3171
26068;902;946;1667;3559;3144
26108;902;946;1667;3568;3119
26148;904;946;1667;3576;3084
26178;909;946;1667;3592;3063
26218;913;946;1668;3604;3045
26258;916;946;1668;3611;3026
26298;919;946;1668;3621;2996
26328;923;946;1668;3620;2985
26368;927;946;1668;3626;2962
26408;930;946;1667;3628;2934
26448;933;946;1668;3632;2912
26478;937;947;1668;3632;2891
26518;941;947;1668;3646;2867
26558;946;946;1668;3651;2838
26598;954;946;1668;3659;2822
26628;959;946;1668;3667;2813
26668;963;946;1668;3672;2790
26708;967;946;1668;3679;2752
26748;975;946;1668;3689;2729
26778;980;946;1668;3692;2721
26818;983;946;1668;3702;2710
26858;986;946;1668;3719;2696
26898;994;946;1668;3729;2684
26928;998;946;1668;3733;2670
26958;1003;947;1668;3734;2647
26998;1010;947;1668;3745;2630
27038;1016;947;1668;3744;2614
27078;1022;947;1669;3745;2616
27108;1026;947;1669;3739;2616
27148;1028;947;1669;3751;2616
27188;1029;947;1669;3736;2623
27228;1029;947;1669;3722;2634
27268;1030;947;1668;3724;2638
27308;1030;947;1668;3608;2452
27348;1029;947;1668;3576;2482
27378;1030;946;1668;3560;2505
27418;1030;946;1669;3539;2576
27458;1030;946;1669;3524;2651
27498;1030;946;1669;3495;2690
27528;1030;946;1668;3476;2744
27568;1030;946;1668;3467;2787
27608;1030;946;1668;3452;2814
27648;1030;946;1668;3442;2846
27678;1031;946;1668;3432;2867
27718;1031;946;1668;3422;2904
27758;1030;946;1668;3417;2938
27798;1025;946;1668;3398;2961
27828;1021;946;1668;3396;2985
27858;1016;946;1668;3378;3001
27898;1011;946;1668;3357;3034
27938;1006;946;1668;3344;3063
27978;1001;946;1668;3338;3095
28018;993;946;1668;3321;3124
28058;989;947;1668;3316;3149
28098;987;947;1668;3305;3174
28128;983;947;1668;3300;3203
28168;980;947;1668;3282;3220
28208;979;946;1668;3274;3239
28248;976;947;1668;3261;3241
28278;975;947;1668;3253;3224
28318;974;947;1669;3252;3198
28358;973;947;1669;3244;3196
28398;973;947;1669;3242;3194
28428;973;946;1669;3245;3195
28468;973;946;1669;3250;3194
28508;973;946;1668;3242;3164
28548;973;946;1668;3233;3149
28578;973;946;1668;3233;3148
28608;973;946;1668;3235;3153
28648;971;946;1669;3270;3074
28688;971;946;1669;3304;2974
28728;970;946;1668;3340;2876
28768;969;946;1668;3352;2813
28808;969;946;1668;3360;2761
28848;970;946;1668;3372;2728
28878;970;946;1668;3387;2697
28908;970;946;1668;3401;2673
28948;970;946;1668;3420;2654
28988;970;946;1668;3431;2632
29028;976;946;1668;3442;2616
29068;980;946;1668;3446;2589
29108;982;946;1668;3453;2547
29148;986;947;1668;3451;2524
29178;994;947;1668;3453;2510
29218;999;947;1668;3453;2481
29258;1004;947;1668;3461;2476
29298;1011;947;1668;3465;2452
29328;1018;947;1668;3466;2445
29368;1024;947;1668;3477;2434
29408;1028;947;1668;3482;2415
29448;1032;947;1668;3493;2401
29478;1036;947;1668;3496;2396
29518;1044;947;1668;3498;2387
29558;1049;947;1668;3497;2373
29598;1055;947;1668;3497;2370
29628;1062;947;1668;3502;2369
29668;1066;947;1668;3506;2376
29708;1068;947;1668;3497;2376
29748;1070;947;1668;3480;2382
29778;1071;947;1668;3478;2389
29818;1072;947;1668;3470;2409
29858;1072;947;1668;3467;2430
29898;1072;947;1668;3458;2454
29928;1071;946;1667;3448;2489
29958;1070;946;1668;3433;2523
29998;1070;946;1668;3422;2568
30038;1070;946;1668;3414;2613
30078;1070;946;1668;3402;2641
30158;1070;946;1668;3373;2684
30198;1071;947;1668;3361;2705
30228;1071;947;1667;3366;2715
30268;1070;947;1668;3353;2742
30308;1065;947;1668;3336;2768
30348;1059;946;1668;3315;2794
30378;1053;947;1668;3307;2800
30418;1045;947;1668;3302;2825
30458;1039;947;1668;3301;2850
30498;1035;947;1668;3279;2882
30528;1032;947;1668;3276;2894
30558;1029;947;1668;3268;2907
30598;1024;947;1668;3250;2941
30638;1018;947;1668;3232;2967
30678;1012;947;1668;3208;2987
30708;1007;947;1668;3122;2868
30748;1004;947;1669;3097;2894
30788;996;947;1669;3059;2914
30828;991;947;1669;3033;2929
30868;987;947;1668;3004;2954
30908;984;947;1668;2997;2966
30948;981;947;1668;2984;2968
30978;980;947;1668;2986;2949
31018;980;947;1668;2994;2938
31048;979;947;1668;2995;2934
31088;979;947;1668;2985;2929
31128;979;947;1668;2983;2931
31168;979;947;1668;2989;2932
31208;979;947;1668;2929;2869
31248;979;947;1668;2784;2756
31278;979;947;1668;2780;2760
31318;979;947;1667;2799;2741
31358;980;947;1668;2857;2669
31398;980;947;1668;2905;2587
31428;979;947;1668;2943;2545
31468;980;947;1668;2972;2501
31508;980;946;1668;3002;2455
31548;982;946;1668;3035;2408
31578;983;946;1668;3066;2387
31618;983;947;1668;3098;2372
31658;983;947;1668;3131;2360
31698;983;947;1668;3148;2334
31728;985;947;1668;3160;2321
31758;986;947;1668;3181;2300
31798;993;947;1668;3204;2274
31838;998;947;1668;3207;2247
31878;1004;947;1668;3214;2225
31918;1011;947;1668;3225;2196
31958;1017;947;1668;3233;2172
31998;1023;947;1668;3242;2155
32028;1027;947;1668;3246;2142
32068;1032;947;1668;3245;2133
32108;1038;946;1668;3252;2119
32148;1045;946;1668;3253;2111
32178;1050;947;1668;3243;2116
32218;1053;947;1668;3248;2115
32258;1054;947;1668;3239;2114
32298;1054;947;1668;3223;2124
32328;1055;947;1668;3221;2134
32368;1056;947;1667;3210;2146
32408;1056;947;1667;3219;2156
32448;1056;947;1668;3211;2172
32478;1056;947;1668;3201;2209
32518;1056;947;1668;3158;2261
32558;1055;947;1668;3128;2289
32598;1055;947;1668;3084;2322
32628;1055;947;1668;3061;2340
32668;1055;947;1668;3026;2366
32708;1055;947;1668;3009;2380
32748;1056;947;1668;2879;2303
32778;1055;947;1668;2854;2311
32818;1054;947;1668;2803;2307
32858;1052;947;1668;2804;2329
32898;1046;947;1668;2798;2346
32928;1041;947;1668;2792;2359
32968;1036;947;1668;2759;2384
33008;1033;947;1668;2740;2402
33048;1030;947;1668;2708;2421
33078;1026;947;1668;2697;2430
33118;1021;947;1668;2547;2357
33158;1015;946;1668;2521;2374
33198;1009;946;1668;2528;2383
33228;1005;946;1668;2406;2348
33268;1003;946;1668;2371;2359
33308;1000;946;1668;2388;2362
33348;998;947;1668;2381;2356
33378;997;947;1668;2447;2356
33418;996;947;1668;2432;2358
33458;996;947;1668;2428;2359
33498;996;947;1668;2455;2359
33528;995;947;1668;2456;2354
33568;992;946;1668;2429;2351
33608;991;946;1668;2428;2353
33648;991;946;1668;2484;2293
33678;991;946;1668;2561;2255
33718;990;946;1668;2595;2174
33758;990;946;1668;2632;2139
33798;990;946;1668;2657;2087
33828;990;946;1668;2679;2059
33868;992;947;1668;2704;2031
33908;994;947;1668;2737;2025
33948;995;947;1668;2748;2002
33978;995;947;1669;2748;1992
34018;998;946;1669;2763;1979
34058;1001;947;1668;2782;1965
34098;1007;947;1668;2786;1942
34128;1013;947;1668;2792;1927
34168;1019;947;1668;2798;1913
34208;1024;947;1668;2807;1901
34248;1030;947;1668;2816;1891
34278;1033;947;1668;2819;1883
34318;1039;947;1668;2822;1861
34358;1047;947;1668;2823;1846
34398;1053;947;1668;2828;1840
34428;1062;947;1668;2835;1832
34468;1069;947;1668;2836;1816
34508;1074;947;1668;2836;1788
34548;1078;947;1668;2837;1774
34578;1082;946;1668;2837;1762
34618;1091;947;1667;2858;1744
34658;1099;947;1670;2867;1725
34698;1107;947;1677;2889;1698
34728;1112;947;1682;2894;1688
34768;1114;947;1686;2894;1678
34808;1118;947;1690;2892;1678
34848;1123;947;1692;2895;1686
34878;1126;946;1694;2887;1694
34918;1127;946;1695;2826;1735
34958;1127;946;1695;2826;1745
34998;1127;946;1695;2815;1786
35028;1127;946;1695;2797;1811
35068;1127;946;1695;2803;1836
35108;1126;946;1695;2797;1853
35148;1126;947;1695;2794;1896
35178;1127;947;1696;2787;1911
35218;1126;947;1696;2775;1925
35258;1126;947;1696;2746;1948
35298;1127;947;1696;2732;1970
35328;1127;947;1696;2721;1981
35368;1127;947;1695;2713;1996
35408;1124;947;1695;2687;2009
35448;1122;947;1695;2680;2005
35488;1119;947;1695;2666;2018
35518;1114;947;1696;2651;2035
35558;1110;946;1696;2641;2048
35598;1104;946;1695;2631;2071
35628;1096;946;1695;2627;2080
35668;1089;947;1695;2605;2089
35708;1083;947;1694;2584;2103
35748;1078;947;1694;2566;2117
35778;1074;947;1694;2555;2127
35818;1064;947;1694;2439;2042
35858;1056;947;1694;2363;2079
35898;1047;946;1694;2349;2094
35928;1041;946;1693;2356;2111
35968;1036;946;1693;2339;2131
36008;1033;946;1694;2215;2109
36048;1030;946;1694;2186;2119
36078;1024;946;1694;2137;2123
36118;1020;946;1694;2173;2135
36158;1017;946;1694;2178;2137
36198;1015;947;1694;2149;2137
36228;1014;947;1694;2168;2135
36268;1013;947;1694;2194;2133
36308;1013;947;1694;2197;2126
36348;1013;947;1695;2202;2130
36378;1014;946;1695;2179;2116
36418;1014;946;1695;2218;2100
36458;1013;947;1695;2236;2075
36498;1013;947;1695;2286;2030
36528;1013;947;1695;2359;1978
36568;1012;947;1695;2420;1919
36608;1012;947;1694;2453;1884
36648;1012;947;1695;2499;1864
36678;1012;947;1695;2517;1849
36718;1013;947;1695;2539;1834
36758;1014;947;1695;2556;1815
36798;1014;947;1695;2569;1802
36828;1014;947;1695;2585;1794
36868;1017;947;1695;2598;1783
36908;1022;947;1695;2599;1766
36948;1026;947;1696;2619;1755
36978;1029;947;1695;2622;1747
37018;1032;947;1695;2641;1735
37058;1039;947;1695;2648;1719
37098;1046;947;1695;2657;1708
37128;1052;947;1695;2664;1706
37168;1061;947;1695;2665;1697
37208;1068;947;1695;2669;1684
37248;1073;947;1695;2682;1676
37278;1078;947;1695;2699;1666
37318;1081;947;1695;2723;1648
37358;1091;947;1695;2736;1626
37398;1099;947;1695;2739;1606
37428;1105;947;1695;2748;1592
37468;1111;947;1695;2749;1588
37508;1114;947;1695;2752;1584
37548;1120;947;1695;2755;1576
37578;1125;947;1695;2757;1575
37618;1128;947;1695;2754;1582
37658;1129;947;1695;2732;1584
37698;1130;947;1695;2664;1606
37728;1131;946;1695;2661;1619
37768;1131;946;1695;2643;1631
37808;1132;946;1695;2623;1670
37848;1132;947;1695;2622;1691
37878;1132;947;1695;2623;1704
37918;1132;947;1695;2602;1729
37958;1131;947;1695;2556;1764
37998;1131;947;1695;2521;1787
38028;1131;947;1696;2502;1799
38068;1131;947;1696;2484;1822
38108;1132;947;1696;2470;1846
38178;1130;947;1696;2463;1862
38218;1125;947;1696;2438;1870
38258;1121;947;1696;2420;1882
38298;1115;947;1696;2408;1893
38328;1111;946;1696;2387;1902
38368;1105;946;1696;2363;1918
38408;1095;946;1696;2333;1926
38448;1087;946;1696;2312;1935
38478;1082;946;1695;2305;1945
38518;1077;946;1695;2274;1962
38558;1068;946;1695;2251;1981
38598;1060;946;1695;2226;1997
38628;1053;946;1695;2088;1940
38668;1045;946;1695;2005;1966
38708;1041;947;1695;2006;1971
38748;1035;947;1696;2014;1981
38778;1033;947;1696;2019;1984
38818;1031;947;1696;1951;1986
38858;1031;947;1696;1937;1982
38898;1030;947;1695;1950;1977
38928;1030;947;1695;1948;1979
38968;1030;947;1695;1981;1982
39008;1030;946;1695;2019;1981
39048;1030;946;1695;2049;1974
39078;1030;946;1695;2108;1938
39118;1030;946;1695;2202;1867
39158;1030;946;1696;2252;1806
39198;1030;946;1696;2313;1764
39228;1030;946;1696;2347;1749
39268;1030;946;1696;2384;1731
39308;1031;947;1696;2397;1723
39348;1031;947;1696;2397;1701
39378;1031;947;1696;2409;1690
39418;1031;947;1696;2424;1678
39458;1032;947;1696;2441;1666
39498;1035;947;1696;2453;1656
39528;1039;947;1696;2470;1644
39568;1047;947;1696;2479;1633
39608;1053;947;1696;2488;1622
39648;1062;947;1696;2494;1615
39678;1069;947;1696;2501;1606
39718;1073;947;1696;2509;1593
39758;1078;947;1696;2521;1589
39798;1083;947;1696;2526;1579
39828;1093;947;1696;2539;1566
39868;1100;947;1696;2553;1546
39908;1105;947;1696;2562;1538
39948;1110;947;1696;2568;1528
39978;1115;947;1696;2569;1516
40018;1122;947;1696;2577;1501
40058;1127;947;1696;2582;1494
40098;1134;947;1699;2587;1479
40128;1138;947;1701;2599;1459
40168;1144;946;1703;2616;1453
40228;1151;946;1707;2637;1432
40268;1160;946;1712;2638;1422
40318;1166;946;1716;2645;1422
40358;1169;947;1718;2646;1415
40398;1171;947;1719;2640;1415
40428;1172;947;1719;2634;1426
40468;1173;947;1719;2630;1430
40508;1173;947;1720;2604;1443
40548;1174;947;1720;2537;1481
40578;1174;946;1720;2509;1520
40618;1173;946;1720;2474;1550
40658;1172;947;1720;2464;1577
40698;1171;947;1720;2423;1594
40728;1169;947;1720;2391;1614
40768;1169;947;1720;2362;1630
40808;1168;947;1720;2340;1642
40848;1168;947;1720;2313;1657
40878;1168;947;1721;2298;1675
40918;1168;947;1720;2282;1689
40958;1166;947;1720;2264;1698
40998;1161;947;1720;2247;1706
41038;1157;947;1720;2226;1712
41068;1152;947;1720;2217;1719
41108;1146;947;1720;2209;1732
41148;1142;947;1720;2219;1739
41178;1136;947;1720;2211;1743
41218;1128;947;1719;2196;1752
41258;1122;947;1720;2192;1766
41298;1116;946;1720;2168;1781
41328;1111;947;1720;2167;1794
41368;1106;947;1720;2152;1817
41408;1097;947;1720;2145;1826
41448;1088;947;1720;2134;1842
41478;1082;947;1720;2138;1852
41518;1077;947;1719;2114;1871
41558;1073;947;1720;2095;1885
41598;1063;947;1720;2077;1906
41628;1055;947;1720;2076;1926
41668;1049;947;1720;2065;1948
41708;1043;947;1720;2044;1962
41748;1040;947;1720;2036;1971
41778;1037;948;1720;2021;1972
41818;1035;947;1721;2014;1973
41858;1035;947;1721;2003;1969
41898;1034;947;1720;2018;1968
41928;1034;947;1720;2049;1961
41968;1034;947;1720;2073;1970
42008;1034;947;1721;2103;1964
42048;1034;947;1721;2121;1942
42088;1033;947;1720;2173;1874
42118;1034;947;1720;2215;1821
42158;1034;947;1720;2260;1773
42198;1034;947;1720;2305;1745
42228;1035;947;1720;2315;1733
42268;1036;947;1721;2333;1715
42308;1038;947;1721;2366;1705
42348;1039;947;1721;2388;1694
42378;1039;947;1721;2399;1683
42418;1037;947;1721;2417;1672
42458;1041;947;1720;2422;1648
42498;1049;947;1720;2434;1633
42528;1054;947;1721;2445;1627
42568;1063;947;1721;2448;1616
42608;1070;947;1721;2461;1601
42648;1076;947;1721;2458;1588
42678;1080;947;1721;2463;1578
42718;1085;947;1721;2470;1563
42758;1094;947;1721;2475;1555
42798;1102;947;1721;2490;1540
42828;1108;947;1721;2496;1529
42868;1113;947;1721;2511;1518
42908;1119;947;1721;2522;1508
42948;1125;948;1721;2519;1495
42968;1130;948;1720;2516;1496
43008;1136;948;1720;2537;1485
43048;1139;947;1721;2551;1472
43088;1143;947;1721;2575;1454
43128;1149;947;1721;2584;1442
43168;1156;947;1721;2599;1434
43208;1164;947;1721;2613;1419
43248;1170;947;1721;2618;1412
43278;1175;947;1722;2616;1412
43318;1179;947;1722;2611;1417
43358;1182;947;1723;2608;1419
43398;1183;947;1723;2596;1423
43428;1184;947;1724;2580;1426
43468;1184;947;1725;2560;1437
43508;1185;948;1726;2511;1475
43548;1185;948;1726;2456;1515
43578;1184;948;1726;2432;1544
43618;1182;948;1726;2405;1581
43658;1179;948;1726;2386;1600
43698;1176;948;1726;2350;1621
43728;1177;948;1726;2325;1633
43758;1177;947;1725;2316;1648
43798;1177;947;1725;2305;1656
43838;1177;947;1726;2277;1670
43878;1177;947;1726;2265;1684
43918;1178;947;1726;2250;1695
43958;1177;947;1726;2256;1708
43998;1170;947;1726;2249;1720
44028;1162;947;1726;2240;1726
44058;1158;947;1725;2233;1733
44098;1151;947;1725;2225;1749
44138;1146;947;1725;2220;1748
44178;1141;947;1725;2178;1756
44208;1135;947;1725;2161;1764
44248;1126;947;1725;2161;1777
44288;1121;947;1725;2141;1786
44328;1114;947;1725;2113;1799
44368;1110;947;1725;2094;1815
44408;1101;947;1726;2089;1828
44448;1092;947;1726;2084;1844
44478;1084;947;1725;2078;1863
44518;1079;947;1725;2067;1882
44558;1076;947;1725;2050;1893
44598;1067;947;1725;2048;1917
44628;1060;947;1725;2029;1926
44668;1054;947;1725;2028;1947
44708;1050;947;1726;2021;1946
44748;1047;947;1726;2037;1936
44778;1046;947;1726;2065;1933
44818;1046;947;1726;2054;1933
44858;1045;947;1725;2089;1937
44898;1044;947;1725;2084;1947
44928;1044;947;1725;2088;1944
44968;1044;947;1725;2110;1917
45008;1044;947;1725;2158;1861
45048;1044;947;1725;2208;1797
45078;1044;947;1725;2228;1771
45118;1044;947;1725;2271;1736
45158;1046;947;1725;2299;1723
45198;1051;947;1725;2304;1703
45228;1055;947;1725;2310;1693
45268;1064;948;1726;2334;1674
45308;1070;948;1726;2354;1649
45348;1075;948;1726;2364;1640
45378;1079;947;1726;2371;1634
45418;1087;947;1726;2390;1623
45458;1097;947;1725;2408;1602
45498;1104;947;1725;2409;1587
45528;1110;947;1725;2411;1576
45568;1116;947;1725;2426;1572
45608;1124;948;1726;2435;1551
45648;1130;948;1726;2447;1542
45678;1135;948;1726;2456;1534
45718;1139;948;1726;2481;1522
45748;1145;948;1726;2491;1516
45788;1150;948;1726;2501;1501
45828;1157;948;1725;2509;1492
45868;1164;948;1725;2513;1480
45908;1172;948;1726;2524;1449
45948;1179;948;1726;2543;1440
45978;1184;948;1726;2562;1432
46018;1187;948;1726;2574;1419
46058;1194;948;1725;2583;1411
46098;1197;947;1728;2602;1403
46128;1207;947;1730;2616;1405
46168;1214;949;1731;2623;1409
46208;1220;950;1732;2623;1407
46248;1224;950;1733;2623;1417
46278;1227;951;1734;2614;1425
46308;1229;951;1734;2609;1430
46348;1230;951;1734;2570;1433
46388;1231;952;1734;2526;1465
46428;1232;952;1734;2480;1510
46468;1232;952;1734;2442;1549
46508;1232;952;1734;2418;1578
46548;1229;952;1734;2371;1602
46578;1225;951;1734;2356;1618
46618;1230;951;1734;2339;1638
46658;1223;951;1734;2322;1650
46698;1217;951;1734;2295;1663
46728;1214;951;1734;2287;1676
46768;1208;951;1734;2275;1696
46808;1202;951;1734;2259;1701
46848;1193;951;1734;2254;1712
46878;1185;951;1734;2243;1723
46918;1180;951;1734;2232;1736
46958;1171;951;1734;2226;1752
46998;1162;951;1734;2211;1759
47048;1154;951;1734;2205;1752
47088;1148;951;1734;2187;1770
47138;1139;951;1734;2173;1791
47178;1129;951;1734;2161;1804
47208;1124;951;1734;2146;1808
47248;1117;951;1734;2133;1824
47288;1111;951;1734;2117;1846
47328;1105;951;1734;2103;1861
47368;1097;951;1734;2089;1867
47408;1087;951;1734;2073;1880
47448;1081;951;1734;2040;1898
47478;1077;951;1734;2028;1914
47518;1071;951;1734;2029;1940
47558;1063;951;1732;2021;1958
47598;1057;951;1732;2010;1961
47628;1054;951;1732;1892;1871
47668;1052;951;1732;1923;1871
47708;1051;951;1731;1913;1873
47748;1050;951;1731;1961;1894
47778;1049;951;1731;1958;1894
47818;1049;951;1731;1975;1892
47858;1050;951;1731;2060;1855
47898;1050;951;1731;2114;1791
47928;1050;951;1731;2145;1742
47968;1050;951;1731;2205;1700
48008;1050;951;1731;2231;1668
48048;1051;951;1731;2246;1652
48078;1053;951;1731;2260;1635
48118;1055;951;1731;2274;1617
48158;1055;951;1731;2294;1588
48198;1055;951;1731;2308;1579
48228;1060;951;1731;2320;1571
48268;1068;951;1731;2331;1561
48308;1073;951;1731;2340;1553
48348;1078;951;1731;2349;1542
48378;1082;951;1730;2355;1532
48418;1093;951;1730;2360;1523
48458;1100;951;1730;2362;1515
48498;1106;951;1730;2372;1489
48528;1111;951;1731;2375;1485
48568;1116;950;1731;2399;1476
48608;1124;951;1731;2406;1462
48648;1130;951;1731;2421;1444
48678;1134;951;1731;2425;1437
48718;1139;951;1731;2437;1431
48758;1146;951;1731;2443;1420
48798;1151;951;1731;2461;1407
48828;1159;951;1731;2473;1397
48868;1165;951;1731;2490;1381
48908;1171;951;1731;2503;1367
48948;1178;951;1731;2519;1363
48978;1182;951;1731;2528;1354
49018;1187;951;1731;2542;1348
49058;1196;951;1731;2560;1348
49098;1201;951;1731;2560;1345
49128;1202;951;1732;2559;1346
49168;1204;952;1733;2562;1344
49208;1205;952;1734;2551;1355
49248;1206;952;1734;2551;1357
49278;1206;952;1734;2530;1360
49318;1207;952;1734;2482;1386
49358;1207;952;1734;2406;1422
49398;1206;952;1734;2345;1452
49428;1203;952;1735;2316;1462
49468;1203;952;1735;2303;1481
49508;1203;952;1735;2274;1498
49548;1202;952;1735;2251;1516
49578;1202;952;1735;2252;1525
49618;1202;952;1735;2241;1538
49658;1202;951;1735;2226;1553
49698;1202;951;1735;2213;1574
49728;1200;952;1735;2203;1576
49768;1196;952;1735;2195;1583
49808;1189;952;1735;2175;1595
49848;1182;952;1735;2158;1617
49878;1177;951;1735;2146;1627
49918;1170;951;1735;2132;1636
49958;1162;951;1735;2119;1647
49998;1154;951;1735;2108;1659
50028;1149;951;1735;2124;1652
50058;1144;951;1735;2106;1668
50098;1138;951;1735;2081;1685
50138;1127;951;1735;2072;1688
50178;1122;951;1735;2043;1708
50218;1115;952;1735;2028;1731
50248;1110;952;1735;2009;1737
50288;1106;952;1736;1992;1753
50328;1096;952;1736;1989;1762
50368;1088;952;1736;1992;1776
50408;1082;952;1736;1995;1799
50448;1077;952;1736;1982;1824
50478;1073;952;1736;1977;1843
50518;1064;952;1734;1959;1858
50558;1057;952;1733;1937;1869
50598;1052;952;1732;1939;1874
50628;1049;952;1729;1915;1869
50668;1048;952;1728;1923;1862
50708;1047;952;1727;1933;1862
50748;1046;951;1726;1949;1858
50788;1046;951;1726;1946;1874
50828;1046;951;1726;1966;1877
50888;1046;951;1725;2066;1840
50928;1046;951;1725;2134;1777
50968;1046;951;1725;2199;1716
51008;1046;951;1725;2238;1671
51048;1047;951;1725;2278;1640
51088;1051;951;1725;2296;1622
51118;1055;951;1725;2304;1609
51158;1063;951;1725;2316;1593
51198;1070;951;1725;2338;1567
51228;1075;951;1725;2351;1548
51268;1079;951;1725;2367;1542
51308;1086;951;1725;2374;1534
51348;1095;951;1725;2391;1525
51378;1102;951;1725;2400;1517
51418;1108;952;1725;2421;1506
51458;1112;952;1725;2417;1486
51498;1117;952;1725;2429;1482
51528;1124;952;1724;2436;1469
51568;1131;952;1725;2458;1447
51608;1136;952;1725;2473;1434
51648;1142;952;1725;2475;1424
51678;1148;952;1725;2480;1407
51718;1153;952;1725;2483;1397
51758;1162;951;1725;2490;1396
51798;1168;951;1725;2498;1387
51828;1176;951;1726;2511;1376
51858;1181;951;1725;2529;1372
51898;1185;951;1725;2563;1370
51938;1190;951;1725;2572;1365
51978;1195;951;1725;2577;1357
52018;1199;951;1725;2577;1358
52058;1199;951;1725;2578;1360
52098;1202;951;1725;2579;1358
52128;1203;951;1725;2568;1358
52168;1206;951;1726;2560;1366
52208;1206;951;1726;2531;1369
52248;1205;951;1725;2492;1406
52278;1205;951;1724;2455;1433
52308;1205;951;1725;2419;1467
52348;1205;951;1725;2386;1500
52388;1206;951;1725;2341;1512
52428;1204;951;1725;2309;1530
52468;1202;951;1726;2287;1553
52508;1204;951;1726;2283;1581
52548;1199;951;1726;2271;1594
52578;1195;951;1725;2252;1605
52618;1187;951;1725;2238;1620
52658;1179;951;1725;2217;1636
52698;1171;951;1725;2199;1652
52728;1164;951;1726;2185;1658
52768;1159;951;1726;2169;1668
52808;1151;951;1726;2163;1676
52848;1146;951;1726;2160;1687
52878;1141;951;1726;2159;1696
52918;1135;951;1726;2139;1711
52958;1126;951;1725;2107;1731
52998;1120;951;1725;2100;1747
53028;1113;951;1726;2099;1762
53068;1110;951;1726;2102;1783
53108;1100;951;1726;2095;1796
53148;1092;951;1726;2079;1805
53178;1084;951;1726;2069;1827
53208;1079;951;1726;2051;1847
53248;1076;951;1727;2035;1866
53288;1067;951;1727;2031;1881
53328;1059;951;1726;2012;1898
53368;1052;951;1726;2003;1912
53408;1047;951;1724;1991;1918
53448;1044;951;1723;2002;1915
53478;1043;951;1722;2017;1913
53518;1042;951;1721;2035;1903
53558;1041;951;1721;2051;1925
53598;1040;951;1721;2058;1923
53628;1041;951;1721;2062;1916
53668;1042;951;1722;2106;1872
53708;1042;952;1722;2173;1813
53748;1042;952;1722;2219;1762
53778;1041;952;1721;2240;1729
53818;1041;952;1721;2262;1692
53858;1043;952;1721;2285;1670
53898;1048;951;1721;2315;1652
53928;1053;951;1721;2336;1633
53968;1062;951;1721;2344;1625
54008;1069;951;1721;2359;1601
54048;1074;951;1721;2371;1578
54078;1079;951;1721;2379;1569
54118;1084;951;1721;2389;1559
54158;1092;951;1721;2394;1545
54228;1101;951;1721;2402;1527
54268;1109;951;1722;2427;1508
54308;1114;951;1722;2431;1495
54378;1124;951;1722;2456;1459
54418;1131;951;1722;2471;1448
54458;1138;951;1722;2467;1433
54498;1145;951;1722;2472;1420
54528;1150;951;1722;2471;1409
54568;1159;951;1722;2491;1400
54608;1166;951;1722;2492;1395
54648;1174;951;1722;2504;1385
54678;1180;951;1721;2500;1384
54718;1186;951;1721;2527;1381
54758;1191;951;1721;2550;1368
54798;1195;951;1721;2554;1360
54828;1201;951;1721;2545;1354
54868;1210;951;1721;2547;1347
54908;1214;951;1722;2550;1343
54948;1218;951;1723;2553;1350
54978;1221;951;1724;2580;1358
55018;1224;951;1724;2582;1359
55058;1225;951;1725;2570;1358
55098;1225;951;1725;2522;1368
55128;1226;951;1725;2468;1390
55168;1227;951;1726;2445;1427
55208;1227;951;1726;2439;1468
55248;1226;951;1726;2420;1489
55278;1225;951;1726;2389;1508
55318;1225;951;1726;2330;1523
55358;1222;951;1726;2312;1538
55398;1214;951;1726;2283;1556
55428;1211;951;1726;2257;1567
55468;1207;951;1726;2242;1586
55508;1199;951;1726;2245;1600
55548;1192;951;1726;2222;1608
55578;1186;951;1726;2199;1614
55618;1180;951;1726;2186;1635
55658;1172;951;1726;2175;1643
55698;1164;951;1726;2157;1648
55728;1159;951;1726;2149;1655
55768;1152;951;1726;2133;1665
55808;1148;951;1726;2135;1666
55848;1142;951;1725;2112;1681
55888;1136;951;1726;2108;1699
55968;1125;951;1726;2091;1740
56008;1115;951;1725;2085;1754
56128;1098;951;1725;2026;1792
56168;1087;951;1725;1994;1811
56208;1081;951;1725;1980;1836
56248;1074;951;1725;1971;1861
56288;1065;951;1725;1959;1874
56318;1059;951;1725;1795;1802
56358;1054;951;1725;1753;1802
56398;1052;951;1725;1731;1800
56438;1050;951;1725;1740;1802
56468;1050;951;1725;1758;1802
56508;1049;951;1725;1767;1805
56548;1049;951;1725;1799;1828
56588;1048;951;1725;1797;1825
56618;1048;951;1725;1836;1781
56658;1048;951;1724;1893;1735
56698;1048;951;1725;1947;1667
56738;1048;951;1725;1995;1625
56768;1049;951;1725;2025;1594
56808;1050;951;1725;2052;1564
56848;1053;952;1725;2090;1542
56888;1061;952;1725;2103;1529
56918;1068;952;1725;2107;1526
56958;1073;952;1725;2114;1513
56998;1077;952;1724;2117;1498
57038;1083;952;1724;2131;1486
57068;1092;952;1724;2146;1477
57108;1099;952;1724;2161;1464
57148;1105;952;1724;2168;1453
57188;1111;952;1724;2179;1446
57218;1114;952;1724;2187;1437
57258;1120;952;1724;2189;1417
57298;1126;952;1724;2208;1410
57338;1133;952;1724;2217;1409
57368;1137;952;1725;2224;1398
57408;1144;952;1725;2237;1386
57448;1149;952;1725;2243;1380
57488;1159;952;1725;2247;1364
57518;1165;952;1724;2254;1359
57558;1173;952;1724;2265;1347
57598;1180;952;1724;2278;1340
57638;1184;952;1724;2298;1333
57668;1183;952;1725;2310;1324
57708;1193;952;1725;2318;1315
57748;1199;952;1725;2335;1311
57788;1202;952;1725;2357;1303
57818;1204;952;1728;2375;1289
57858;1202;952;1730;2375;1285
57898;1209;959;1732;2375;1283
57938;1224;968;1732;2383;1289
57968;1232;974;1733;2386;1284
58008;1240;979;1734;2395;1282
58048;1246;987;1734;2370;1284
58088;1255;998;1734;2311;1285
58118;1267;1007;1734;2268;1287
58158;1275;1018;1734;2264;1285
58198;1287;1027;1734;2290;1284
58238;1297;1040;1734;2321;1282
58268;1303;1047;1735;2329;1282
58308;1311;1052;1735;2338;1275
58348;1319;1059;1736;2353;1272
58388;1329;1067;1737;2377;1271
58418;1339;1074;1737;2408;1278
58458;1354;1085;1738;2417;1280
58498;1362;1093;1738;2439;1285
58538;1372;1102;1739;2450;1280
58568;1379;1110;1741;2436;1279
58608;1387;1114;1743;2427;1285
58648;1398;1118;1745;2398;1293
58688;1407;1120;1746;2352;1287
58718;1411;1120;1747;2320;1279
58758;1413;1121;1748;2272;1288
58798;1414;1122;1748;2247;1293
58838;1415;1122;1748;2209;1308
58868;1416;1122;1748;2178;1323
58908;1416;1123;1748;2156;1356
58948;1416;1123;1748;2111;1375
58988;1416;1123;1748;2095;1394
59018;1416;1122;1748;2080;1405
59058;1416;1122;1748;2041;1423
59098;1416;1123;1748;2024;1439
59138;1416;1123;1748;2010;1455
59168;1416;1123;1749;2013;1461
59208;1413;1123;1749;2011;1475
59248;1403;1123;1749;2010;1495
59288;1395;1123;1749;2016;1502
59318;1385;1123;1749;2024;1504
59358;1379;1123;1749;2016;1516
59398;1374;1123;1749;2023;1534
59438;1360;1123;1748;2026;1538
59468;1350;1123;1748;2030;1539
59508;1341;1123;1748;2032;1552
59548;1331;1123;1748;2036;1561
59588;1322;1123;1748;2043;1569
59618;1316;1123;1748;2047;1575
59658;1311;1123;1748;2032;1578
59698;1307;1123;1748;2023;1595
59738;1296;1123;1748;2021;1605
59768;1290;1123;1748;2011;1609
59808;1281;1122;1748;2006;1620
59848;1264;1123;1748;1996;1635
59888;1259;1123;1748;1994;1640
59918;1252;1123;1749;1997;1646
59958;1246;1123;1749;1993;1657
59998;1238;1123;1749;1988;1676
60038;1229;1123;1745;1979;1692
60068;1217;1122;1741;1972;1692
60108;1211;1122;1738;1959;1702
60148;1200;1122;1737;1948;1717
60188;1193;1122;1735;1934;1747
60218;1188;1122;1734;1938;1757
60258;1182;1122;1734;1926;1763
60298;1175;1122;1733;1911;1771
60338;1170;1121;1731;1905;1784
60368;1165;1121;1731;1910;1786
60408;1160;1121;1728;1901;1791
60448;1157;1121;1726;1891;1789
60488;1156;1121;1726;1902;1789
60518;1156;1121;1725;1914;1796
60558;1156;1121;1725;1938;1786
60598;1155;1121;1724;1978;1752
60638;1155;1121;1724;1999;1735
60668;1156;1121;1724;2035;1686
60708;1156;1121;1724;2086;1629
60748;1155;1121;1724;2105;1593
60788;1156;1121;1724;2140;1572
60818;1156;1121;1724;2185;1562
60858;1162;1121;1724;2225;1549
60898;1169;1121;1724;2216;1515
60938;1175;1122;1724;2207;1501
60968;1179;1122;1724;2222;1493
60978;1182;1122;1724;2234;1500
61028;1186;1122;1725;2273;1488
61068;1194;1122;1726;2290;1475
61108;1200;1122;1725;2305;1469
61188;1213;1122;1725;2321;1444
61228;1226;1122;1725;2320;1429
61268;1233;1122;1725;2327;1419
61308;1243;1122;1725;2330;1406
61348;1248;1122;1725;2335;1399
61388;1258;1122;1725;2339;1393
61418;1270;1122;1725;2349;1390
61458;1275;1122;1725;2346;1390
61498;1281;1122;1725;2366;1373
61538;1293;1122;1725;2366;1357
61568;1301;1122;1725;2368;1347
61618;1307;1122;1725;2393;1333
61648;1314;1122;1725;2400;1331
61688;1323;1122;1725;2408;1315
61728;1332;1122;1725;2423;1313
61768;1341;1122;1725;2424;1308
61808;1357;1123;1725;2444;1305
61848;1367;1123;1725;2456;1303
61878;1373;1128;1725;2462;1305
61918;1375;1136;1726;2473;1305
61958;1375;1135;1728;2486;1303
61998;1375;1140;1729;2485;1305
62028;1377;1142;1731;2486;1303
62068;1380;1142;1732;2493;1301
62108;1383;1140;1733;2482;1302
62148;1384;1140;1734;2479;1305
62188;1385;1141;1734;2455;1313
62218;1385;1141;1734;2405;1343
62258;1385;1141;1734;2350;1379
62298;1385;1141;1735;2260;1406
62328;1385;1141;1735;2236;1420
62368;1385;1141;1735;2214;1436
62408;1385;1141;1735;2197;1448
62448;1385;1141;1735;2175;1460
62478;1385;1141;1735;2168;1482
62518;1384;1141;1734;2161;1496
62558;1379;1140;1735;2139;1509
62598;1377;1140;1735;2131;1523
62628;1373;1141;1735;2117;1532
62658;1360;1140;1735;2119;1536
62698;1351;1140;1735;2115;1548
62738;1343;1140;1735;2124;1553
62778;1333;1141;1735;2114;1571
62818;1324;1140;1735;2096;1580
62858;1317;1141;1735;2082;1588
62898;1310;1142;1735;2071;1597
62938;1304;1142;1735;2061;1609
62968;1294;1142;1735;2055;1614
63008;1289;1143;1735;2051;1621
63048;1275;1143;1735;2042;1639
63078;1262;1142;1735;2038;1649
63108;1257;1142;1735;2037;1650
63118;1255;1142;1735;2035;1652
63158;1248;1142;1735;2025;1661
63228;1238;1141;1735;2005;1680
63268;1228;1140;1735;1999;1694
63308;1213;1138;1735;1991;1708
63348;1206;1134;1735;1984;1715
63378;1197;1140;1735;1977;1728
63408;1192;1144;1734;1968;1755
63448;1187;1142;1732;1953;1766
63488;1180;1139;1731;1933;1789
63528;1174;1135;1728;1914;1798
63568;1164;1130;1725;1912;1798
63608;1159;1126;1723;1912;1812
63648;1153;1124;1721;1907;1815
63678;1150;1123;1720;1911;1814
63718;1148;1122;1720;1932;1806
63758;1148;1121;1720;1952;1830
63798;1148;1121;1720;1985;1825
63828;1148;1121;1720;2027;1804
63898;1148;1120;1720;2048;1673
63938;1147;1120;1720;2141;1645
63978;1146;1120;1720;2194;1620
64018;1146;1120;1720;2195;1586
64058;1150;1120;1720;2212;1570
64098;1155;1121;1720;2231;1550
64138;1163;1121;1720;2228;1519
64168;1169;1121;1720;2230;1507
64208;1175;1121;1720;2252;1498
64248;1180;1121;1720;2293;1497
64288;1185;1121;1720;2322;1493
64318;1185;1121;1720;2337;1483
64358;1195;1121;1720;2341;1465
64398;1199;1121;1720;2336;1446
64438;1210;1121;1720;2343;1438
64468;1218;1122;1720;2352;1421
64508;1228;1122;1720;2371;1414
64548;1235;1122;1720;2380;1411
64588;1245;1122;1720;2401;1403
64618;1249;1122;1720;2400;1398
64658;1258;1121;1720;2413;1384
64698;1269;1121;1720;2428;1380
64728;1276;1121;1720;2422;1373
64768;1280;1122;1720;2412;1370
64808;1292;1122;1721;2378;1363
64848;1302;1122;1721;2389;1347
64878;1303;1122;1720;2375;1347
64918;1310;1122;1719;2410;1327
64958;1322;1122;1719;2434;1318
64998;1330;1122;1720;2446;1304
65028;1339;1123;1720;2440;1300
65058;1348;1123;1720;2457;1298
65098;1363;1128;1720;2440;1298
65138;1367;1132;1720;2463;1293
65178;1373;1135;1722;2469;1289
65218;1378;1137;1724;2464;1291
65258;1381;1139;1728;2466;1294
65298;1383;1139;1729;2440;1293
65328;1384;1139;1730;2432;1296
65358;1385;1139;1731;2403;1307
65408;1385;1139;1731;2334;1323
65448;1385;1140;1731;2295;1361
65518;1385;1140;1731;2241;1417
22;1386;1140;1731;2221;1425
62;1385;1140;1731;2185;1443
102;1379;1140;1731;2161;1465
132;1377;1140;1731;2158;1477
172;1373;1140;1731;2154;1495
212;1360;1140;1731;2130;1510
242;1353;1140;1731;2119;1521
282;1345;1140;1731;2085;1527
322;1334;1140;1731;2086;1544
362;1325;1140;1731;2073;1554
392;1317;1140;1731;2069;1558
432;1313;1140;1731;2069;1565
472;1307;1140;1731;2057;1575
512;1295;1140;1731;2045;1582
552;1289;1140;1731;2014;1586
582;1282;1140;1731;2011;1596
622;1274;1140;1731;2009;1615
662;1261;1140;1731;2001;1629
702;1254;1139;1730;1977;1630
782;1244;1138;1730;1984;1652
822;1231;1137;1731;1983;1669
862;1217;1137;1731;1981;1691
942;1205;1136;1731;1955;1720
982;1195;1136;1731;1908;1738
1022;1188;1135;1731;1858;1736
1062;1183;1133;1730;1745;1700
1102;1178;1131;1727;1773;1724
1132;1171;1130;1725;1807;1723
1172;1168;1129;1724;1760;1732
1212;1164;1128;1723;1771;1729
1252;1162;1127;1722;1785;1726
1282;1160;1127;1721;1808;1729
1322;1159;1127;1721;1812;1735
1362;1159;1127;1721;1865;1698
1402;1159;1127;1721;1883;1681
1432;1159;1127;1721;1927;1648
1472;1159;1127;1722;1999;1579
1512;1160;1128;1722;2032;1544
1552;1160;1128;1722;2061;1512
1582;1162;1128;1721;2099;1494
1622;1165;1128;1721;2130;1471
1662;1168;1128;1721;2155;1456
1702;1173;1128;1721;2165;1448
1732;1177;1128;1721;2163;1444
1772;1181;1128;1721;2175;1437
1812;1185;1128;1722;2195;1428
1852;1188;1128;1722;2206;1417
1882;1196;1128;1722;2217;1417
1922;1200;1128;1722;2227;1412
1962;1210;1128;1722;2255;1393
2002;1219;1128;1722;2266;1385
2032;1229;1129;1721;2260;1376
2072;1236;1129;1722;2263;1367
2112;1246;1129;1722;2278;1357
2152;1250;1129;1722;2281;1351
2182;1257;1129;1722;2283;1342
2222;1269;1129;1722;2287;1329
2262;1277;1129;1721;2299;1322
2302;1288;1129;1721;2313;1315
2332;1296;1129;1721;2316;1305
2372;1305;1129;1721;2320;1301
2412;1311;1130;1721;2336;1296
2452;1320;1130;1721;2348;1289
2482;1328;1130;1721;2356;1286
2522;1332;1130;1721;2376;1278
2562;1333;1130;1721;2374;1282
2602;1336;1130;1721;2386;1272
2632;1344;1133;1722;2382;1272
2672;1357;1136;1726;2398;1271
2712;1366;1140;1728;2403;1270
2752;1374;1150;1729;2409;1270
2782;1380;1159;1730;2391;1270
2822;1390;1165;1732;2409;1264
2862;1402;1171;1733;2414;1266
2902;1411;1179;1732;2434;1267
2932;1418;1183;1733;2434;1252
2972;1422;1186;1733;2430;1246
3012;1425;1188;1734;2430;1250
3052;1427;1189;1734;2412;1252
3082;1428;1189;1734;2396;1255
3122;1429;1189;1735;2370;1258
3162;1429;1190;1735;2336;1276
3202;1430;1190;1735;2291;1303
3232;1430;1190;1735;2267;1321
3272;1429;1191;1735;2161;1333
3312;1429;1191;1735;2156;1347
3352;1430;1191;1735;2147;1357
3382;1430;1191;1735;2140;1366
3422;1430;1190;1735;2104;1382
3462;1429;1190;1735;2085;1398
3502;1424;1190;1735;2048;1405
3532;1420;1189;1735;2033;1413
3572;1414;1189;1734;2015;1418
3612;1401;1189;1735;1998;1430
3652;1394;1189;1735;1991;1434
3682;1385;1189;1735;1983;1441
3722;1377;1189;1735;1978;1452
3762;1364;1189;1735;1976;1460
3802;1353;1188;1735;1979;1454
3832;1347;1188;1735;1975;1460
3872;1342;1188;1735;1967;1477
3912;1330;1188;1735;1961;1488
3942;1322;1188;1735;1947;1492
3982;1316;1187;1735;1939;1506
4022;1309;1187;1736;1926;1512
4062;1307;1187;1736;1911;1532
4102;1296;1186;1735;1904;1535
4132;1289;1186;1735;1903;1544
4172;1279;1186;1735;1879;1558
4212;1263;1185;1735;1860;1567
4252;1257;1183;1736;1866;1574
4282;1249;1178;1736;1865;1571
4322;1243;1175;1736;1832;1588
4362;1233;1170;1736;1821;1609
4402;1224;1169;1736;1815;1628
4432;1213;1165;1736;1813;1632
4472;1208;1154;1736;1797;1644
4512;1198;1150;1734;1811;1651
4552;1193;1146;1733;1800;1667
4582;1188;1145;1732;1809;1680
4622;1186;1144;1731;1816;1680
4662;1184;1143;1728;1826;1672
4702;1183;1142;1727;1843;1703
4732;1183;1143;1727;1847;1699
4772;1183;1143;1726;1856;1680
4812;1183;1143;1726;1944;1612
4852;1182;1144;1726;2000;1561
4882;1182;1144;1725;2025;1534
4922;1183;1144;1725;2067;1502
4962;1183;1144;1725;2096;1479
5002;1185;1144;1725;2105;1452
5032;1188;1145;1725;2119;1437
5062;1194;1145;1725;2139;1433
5072;1198;1145;1725;2147;1428
5112;1202;1145;1725;2172;1420
5152;1204;1145;1725;2186;1416
5182;1211;1145;1725;2194;1412
5222;1217;1145;1725;2210;1405
5262;1228;1145;1725;2217;1386
5302;1234;1145;1725;2221;1375
5342;1243;1145;1725;2238;1368
5382;1248;1145;1725;2252;1362
5422;1257;1145;1725;2264;1356
5462;1268;1145;1725;2278;1345
5502;1277;1146;1724;2283;1340
5532;1287;1147;1725;2281;1333
5572;1296;1147;1726;2280;1317
5612;1303;1147;1726;2292;1311
5642;1310;1147;1726;2306;1308
5682;1317;1147;1726;2318;1304
5722;1327;1147;1726;2330;1298
5762;1336;1147;1726;2363;1292
5802;1343;1147;1725;2378;1290
5882;1360;1147;1725;2392;1277
5922;1369;1146;1725;2408;1270
5962;1373;1142;1725;2409;1269
6002;1372;1146;1726;2422;1265
6042;1378;1153;1729;2428;1266
6082;1384;1161;1730;2437;1268
6122;1388;1165;1731;2438;1265
6162;1394;1167;1732;2437;1268
6202;1398;1169;1732;2451;1269
6232;1401;1169;1733;2439;1271
6272;1402;1170;1734;2412;1278
6312;1403;1170;1734;2348;1301
6352;1405;1170;1735;2309;1334
6382;1405;1170;1735;2255;1349
6422;1404;1170;1735;2195;1375
6462;1404;1170;1735;2186;1387
6502;1405;1170;1735;2174;1396
6532;1405;1170;1734;2156;1404
6572;1405;1170;1734;2104;1417
6612;1399;1170;1734;2057;1437
6652;1393;1170;1734;2054;1445
6682;1388;1170;1734;2084;1451
6722;1381;1170;1734;2079;1461
6762;1376;1170;1734;2079;1469
6802;1363;1170;1734;2008;1472
6832;1352;1170;1734;1973;1478
6872;1344;1169;1734;1959;1483
6912;1337;1169;1734;1963;1494
6952;1328;1169;1734;1973;1507
6982;1322;1169;1734;1980;1516
7022;1317;1169;1734;1971;1521
7062;1311;1169;1734;1953;1537
7102;1306;1168;1734;1934;1546
7132;1295;1168;1734;1927;1546
7172;1289;1168;1734;1918;1556
7212;1275;1168;1735;1882;1579
7232;1271;1168;1734;1878;1586
7252;1260;1168;1735;1881;1595
7282;1257;1168;1735;1894;1592
7322;1249;1168;1735;1889;1602
7362;1242;1168;1735;1884;1619
7402;1232;1165;1735;1867;1633
7432;1225;1164;1735;1844;1638
7472;1213;1152;1735;1824;1644
7512;1203;1148;1735;1827;1670
7532;1197;1147;1734;1826;1681
7552;1190;1146;1733;1831;1686
7582;1188;1144;1732;1835;1688
7622;1186;1142;1731;1817;1702
7662;1183;1141;1728;1815;1713
7702;1182;1140;1726;1814;1715
7732;1182;1140;1725;1814;1712
7772;1182;1140;1725;1853;1748
7812;1182;1140;1725;1838;1751
7852;1182;1140;1724;1842;1740
7882;1182;1140;1724;1903;1669
7922;1182;1140;1724;1958;1594
7962;1182;1140;1724;2007;1560
7982;1181;1140;1724;2027;1549
8022;1181;1140;1724;2078;1519
8062;1183;1140;1724;2108;1494
8142;1188;1140;1724;2148;1456
8182;1196;1141;1724;2175;1445
8222;1201;1141;1724;2200;1436
8262;1207;1141;1724;2196;1432
8302;1213;1141;1724;2217;1422
8332;1222;1141;1724;2235;1409
8372;1232;1141;1724;2259;1402
8382;1236;1141;1725;2265;1401
8432;1244;1142;1725;2267;1389
8472;1248;1143;1725;2265;1380
8512;1257;1143;1725;2271;1368
8552;1270;1144;1725;2287;1345
8592;1276;1144;1725;2312;1335
8632;1287;1144;1725;2292;1331
8672;1297;1144;1725;2283;1316
8712;1303;1144;1725;2297;1309
8752;1310;1144;1726;2321;1307
8782;1317;1144;1725;2327;1304
8822;1326;1145;1725;2322;1298
8862;1336;1145;1725;2338;1290
8902;1344;1145;1725;2348;1286
8932;1357;1145;1725;2354;1280
8972;1368;1145;1725;2368;1275
9012;1373;1146;1725;2382;1274
9052;1376;1143;1725;2390;1273
9082;1376;1147;1725;2403;1274
9112;1376;1152;1726;2387;1270
9122;1377;1155;1727;2385;1269
9162;1384;1162;1729;2373;1270
9202;1395;1167;1730;2361;1264
9232;1405;1171;1732;2372;1260
9272;1415;1181;1734;2384;1261
9312;1423;1185;1734;2407;1256
9352;1431;1180;1734;2417;1258
9382;1439;1187;1734;2429;1260
9422;1450;1197;1734;2432;1260
9462;1457;1206;1735;2441;1257
9502;1462;1211;1735;2440;1258
9532;1463;1213;1736;2439;1256
9572;1465;1215;1737;2426;1255
9612;1467;1216;1737;2416;1255
9662;1467;1216;1737;2378;1258
9692;1468;1216;1737;2343;1261
9732;1469;1216;1737;2283;1288
9772;1469;1216;1737;2243;1317
9812;1468;1216;1737;2192;1345
9852;1468;1216;1737;2157;1365
9882;1469;1217;1737;2149;1372
9922;1468;1217;1737;2133;1381
9962;1468;1216;1737;2118;1390
10002;1468;1216;1737;2103;1403
10032;1467;1216;1737;2081;1415
10072;1465;1216;1737;2055;1425
10112;1457;1216;1737;2047;1434
10142;1446;1216;1737;2025;1441
10182;1438;1216;1737;2010;1450
10222;1431;1215;1737;2000;1455
10262;1423;1215;1737;2005;1461
10302;1414;1214;1737;1996;1464
10332;1405;1215;1738;1987;1474
10372;1396;1214;1738;1983;1483
10412;1386;1214;1738;1975;1497
10452;1378;1214;1738;1966;1504
10482;1374;1213;1738;1955;1517
10522;1357;1213;1738;1944;1519
10562;1349;1213;1737;1941;1518
10592;1346;1213;1737;1939;1526
10632;1337;1213;1737;1927;1541
10672;1328;1213;1737;1926;1547
10712;1321;1213;1737;1910;1560
10752;1314;1212;1737;1894;1573
10782;1308;1211;1737;1902;1577
10822;1297;1209;1737;1899;1582
10862;1290;1193;1737;1891;1584
10902;1279;1187;1737;1875;1597
10982;1266;1187;1736;1872;1608
11022;1253;1181;1736;1864;1613
11062;1243;1175;1735;1868;1618
11102;1232;1170;1735;1839;1639
11142;1221;1167;1735;1828;1643
11182;1212;1163;1734;1821;1660
11222;1202;1148;1732;1812;1662
11262;1192;1145;1731;1806;1677
11302;1189;1144;1730;1786;1686
11332;1186;1143;1727;1665;1666
11372;1184;1143;1726;1649;1671
11412;1184;1143;1725;1687;1667
11452;1184;1143;1725;1717;1662
11482;1184;1143;1725;1736;1685
11522;1184;1143;1725;1724;1688
11562;1184;1143;1725;1777;1625
11602;1183;1143;1724;1836;1572
11632;1183;1143;1724;1875;1534
11672;1183;1143;1724;1910;1504
11712;1183;1144;1725;1933;1478
11752;1185;1144;1725;1956;1456
11782;1185;1144;1725;1967;1445
11822;1193;1144;1725;1994;1427
11862;1200;1144;1724;2017;1413
11902;1205;1144;1724;2031;1403
11932;1211;1144;1724;2045;1398
11972;1218;1144;1724;2049;1380
12012;1228;1144;1724;2071;1374
12052;1234;1145;1725;2086;1368
12082;1239;1145;1725;2097;1368
12122;1245;1145;1725;2104;1364
12162;1255;1145;1725;2125;1354
12202;1266;1145;1725;2125;1341
12232;1272;1145;1725;2132;1336
12262;1279;1145;1724;2135;1331
12272;1282;1146;1725;2139;1329
12312;1291;1145;1725;2155;1319
12352;1299;1145;1725;2177;1308
12382;1305;1145;1725;2188;1304
12422;1310;1145;1725;2199;1300
12462;1321;1145;1725;2206;1296
12502;1330;1145;1725;2232;1291
12532;1339;1145;1725;2247;1288
12572;1347;1145;1725;2248;1277
12612;1362;1145;1724;2271;1272
12652;1367;1146;1725;2266;1269
12682;1372;1146;1725;2280;1267
12722;1374;1145;1725;2275;1262
12762;1375;1141;1725;2287;1252
12802;1381;1150;1725;2281;1254
12832;1384;1158;1728;2293;1253
12872;1395;1163;1729;2298;1248
12912;1408;1168;1731;2281;1254
12952;1417;1178;1732;2303;1253
12982;1423;1185;1732;2315;1253
13022;1430;1181;1733;2316;1247
13062;1443;1187;1734;2324;1245
13102;1453;1198;1734;2331;1248
13132;1459;1207;1734;2331;1241
13172;1469;1212;1735;2336;1238
13212;1474;1216;1736;2345;1238
13252;1480;1221;1737;2353;1231
13282;1491;1226;1737;2359;1238
13302;1496;1232;1737;2355;1240
13322;1497;1237;1738;2369;1229
13362;1505;1242;1739;2368;1234
13402;1521;1244;1739;2380;1222
13432;1531;1252;1739;2374;1226
13472;1535;1255;1741;2385;1218
13512;1541;1262;1743;2389;1224
13552;1558;1266;1744;2388;1218
13582;1593;1268;1746;2385;1217
13612;1623;1270;1747;2376;1229
13622;1635;1270;1747;2378;1231
13662;1638;1271;1748;2363;1239
13702;1642;1271;1748;2340;1249
13732;1644;1271;1749;2296;1257
13772;1641;1271;1749;2241;1271
13812;1645;1271;1749;2202;1299
13852;1632;1271;1749;2174;1317
13882;1626;1271;1749;2165;1328
13922;1625;1271;1749;2144;1344
13962;1623;1271;1749;2123;1358
13992;1622;1271;1749;2118;1360
14002;1621;1271;1749;2118;1361
14032;1622;1271;1749;2114;1365
14072;1585;1271;1749;2082;1381
14112;1562;1270;1749;2045;1392
14152;1552;1269;1749;2030;1405
14182;1540;1269;1749;2032;1412
14222;1528;1269;1749;2021;1417
14262;1513;1268;1749;2016;1421
14292;1502;1268;1749;2013;1428
14302;1497;1268;1749;2007;1428
14332;1492;1268;1749;2004;1436
14372;1488;1268;1749;2000;1444
14382;1486;1268;1749;2000;1447
14412;1481;1268;1749;1981;1455
14432;1467;1268;1749;1984;1458