
29910;1083;856;873;1596;1922
29940;1623;1283;1309;1594;1917
29950;1894;1496;1526;1595;1917
29960;2029;1603;1635;1595;1918
29990;2096;1656;1689;1595;1918
30030;2130;1683;1716;1592;1923
30060;2147;1697;1730;1593;1938
30100;2157;1703;1736;1587;1953
30140;2153;1706;1739;1586;1969
30180;2151;1707;1741;1585;1988
30190;2150;1707;1742;1583;1991
30210;2153;1707;1742;1583;1992
30250;2152;1707;1742;1582;1997
30290;2144;1706;1742;1580;2010
30330;2136;1695;1742;1578;2020
30360;2070;1674;1743;1576;2023
30390;2036;1647;1743;1573;2027
30400;2020;1511;1743;1573;2031
30440;2002;1522;1743;1574;2028
30480;1988;1593;1742;1574;2037
30510;1977;1627;1742;1573;2039
30550;1969;1652;1743;1572;2040
30590;1966;1660;1742;1574;2033
30630;1958;1663;1743;1572;2036
30660;1943;1657;1742;1573;2033
30700;1939;1655;1742;1573;2035
30740;1930;1634;1742;1576;2026
30780;1919;1629;1742;1579;2018
30810;1911;1619;1742;1583;2012
30850;1905;1617;1742;1583;1999
30890;1897;1608;1742;1580;2000
30930;1889;1598;1742;1584;1996
30960;1877;1592;1742;1583;1992
31000;1866;1591;1742;1580;1984
31040;1858;1583;1742;1587;1981
31080;1849;1575;1742;1588;1978
31110;1840;1571;1742;1587;1984
31150;1831;1565;1742;1585;1994
31190;1824;1542;1742;1584;1999
31230;1815;1523;1743;1586;1984
31260;1807;1503;1743;1588;1982
31300;1791;1509;1743;1581;1994
31340;1783;1507;1743;1586;2008
31380;1774;1508;1741;1585;2022
31410;1769;1506;1740;1583;2021
31450;1762;1502;1736;1575;2077
31490;1751;1499;1728;1576;2098
31530;1738;1493;1722;1574;2116
31560;1725;1477;1719;1572;2149
31600;1723;1474;1719;1564;2188
31640;1698;1464;1716;1558;2228
31680;1655;1468;1710;1556;2255
31710;1626;1473;1706;1550;2314
31750;1600;1472;1704;1540;2410
31790;1562;1459;1702;1530;2506
31830;1543;1464;1698;1521;2584
31860;1530;1465;1696;1513;2640
31900;1516;1463;1695;1501;2708
31940;1510;1460;1694;1496;2754
31980;1507;1458;1694;1497;2755
32010;1506;1455;1693;1495;2767
32050;1506;1453;1692;1496;2763
32090;1506;1451;1692;1510;2756
32130;1507;1451;1692;1510;2666
32160;1507;1451;1692;1515;2560
32200;1507;1451;1691;1538;2386
32240;1507;1452;1690;1550;2247
32280;1505;1453;1689;1561;2111
32310;1504;1455;1689;1566;2059
32350;1505;1457;1688;1574;1975
32390;1500;1457;1688;1586;1899
32430;1498;1460;1688;1593;1846
32460;1494;1464;1688;1602;1895
32500;1496;1467;1688;1622;1854
32540;1494;1469;1688;1627;1826
32580;1510;1471;1688;1636;1803
32610;1517;1471;1688;1642;1787
32650;1516;1469;1688;1640;1786
32690;1555;1466;1689;1632;1792
32730;1576;1465;1689;1634;1773
32760;1587;1464;1689;1651;1752
32800;1599;1463;1689;1630;1737
32840;1639;1463;1689;1638;1716
32880;1680;1463;1689;1638;1694
32910;1706;1463;1689;1644;1700
32950;1726;1464;1689;1644;1704
32990;1737;1464;1689;1649;1686
33030;1746;1464;1689;1645;1668
33060;1756;1464;1689;1653;1671
33100;1766;1464;1688;1658;1667
33140;1766;1463;1688;1665;1659
33180;1770;1463;1688;1669;1668
33210;1776;1462;1688;1675;1648
33250;1790;1463;1688;1679;1655
33290;1804;1462;1688;1680;1645
33330;1817;1473;1688;1683;1648
33360;1823;1479;1688;1694;1639
33400;1832;1477;1688;1700;1647
33440;1834;1477;1689;1702;1643
33480;1841;1476;1689;1703;1650
33510;1843;1477;1691;1702;1648
33550;1852;1480;1693;1703;1655
33590;1856;1481;1694;1702;1649
33630;1858;1483;1695;1702;1656
33660;1860;1483;1695;1694;1698
33700;1862;1484;1695;1668;1741
33740;1863;1485;1695;1645;1777
33780;1863;1485;1695;1654;1790
33810;1864;1486;1695;1632;1809
33850;1865;1487;1695;1623;1832
33890;1865;1488;1696;1621;1845
33930;1858;1489;1697;1620;1855
33960;1849;1488;1696;1620;1860
34000;1845;1487;1695;1611;1878
34040;1836;1486;1695;1612;1912
34080;1826;1485;1695;1610;1943
34110;1820;1484;1695;1601;1975
34150;1814;1483;1695;1601;2003
34190;1803;1484;1695;1597;2000
34230;1794;1483;1695;1599;2002
34260;1783;1478;1695;1600;2002
34300;1778;1471;1695;1602;2018
34340;1772;1469;1695;1603;2023
34380;1767;1468;1695;1595;2056
34410;1745;1460;1696;1587;2088
34450;1747;1464;1696;1589;2148
34490;1725;1470;1696;1589;2189
34530;1722;1474;1695;1581;2256
34560;1716;1474;1695;1606;2287
34600;1713;1467;1695;1588;2327
34640;1685;1460;1695;1571;2422
34680;1645;1464;1695;1574;2492
34710;1635;1465;1695;1561;2541
34750;1616;1466;1695;1555;2602
34790;1570;1465;1696;1554;2675
34830;1548;1462;1696;1559;2764
34860;1534;1457;1696;1553;2810
34900;1527;1452;1696;1546;2838
34940;1524;1449;1696;1543;2849
34980;1522;1448;1696;1539;2845
35010;1520;1447;1696;1565;2861
35050;1520;1447;1696;1572;2783
35090;1519;1447;1696;1577;2630
35130;1519;1447;1696;1583;2446
35160;1519;1447;1696;1591;2330
35200;1518;1448;1695;1612;2227
35240;1516;1450;1695;1619;2151
35280;1514;1452;1695;1622;2063
35310;1513;1454;1695;1617;1976
35350;1513;1455;1696;1610;1900
35390;1513;1461;1696;1614;1864
35430;1515;1465;1696;1618;1847
35460;1519;1468;1696;1637;1844
35500;1521;1469;1695;1636;1815
35540;1554;1470;1695;1633;1805
35580;1578;1470;1695;1634;1789
35610;1583;1467;1695;1635;1776
35650;1611;1463;1695;1640;1772
35690;1649;1461;1696;1641;1770
35730;1686;1460;1696;1638;1747
35760;1704;1459;1696;1643;1717
35800;1721;1462;1696;1644;1693
35840;1735;1464;1695;1637;1704
35880;1744;1466;1695;1637;1707
35910;1754;1467;1696;1638;1696
35950;1765;1467;1697;1643;1690
35990;1770;1468;1697;1650;1691
36030;1774;1468;1697;1660;1697
36060;1781;1468;1696;1664;1685
36100;1793;1468;1696;1652;1669
36140;1803;1469;1696;1656;1664
36170;1810;1476;1696;1660;1671
36180;1817;1479;1697;1662;1669
36210;1824;1481;1697;1666;1658
36250;1832;1478;1696;1667;1661
36290;1838;1479;1696;1670;1648
36330;1847;1482;1696;1671;1644
36360;1853;1493;1696;1683;1631
36400;1865;1500;1697;1686;1644
36440;1875;1505;1699;1704;1652
36480;1881;1510;1701;1722;1650
36510;1894;1505;1702;1727;1648
36550;1903;1505;1703;1727;1636
36590;1908;1510;1704;1725;1652
36630;1915;1516;1704;1724;1657
36660;1918;1519;1703;1727;1655
36700;1919;1523;1703;1725;1653
36740;1920;1525;1703;1695;1677
36780;1921;1526;1703;1687;1723
36810;1922;1527;1703;1685;1758
36850;1922;1526;1704;1679;1784
36890;1922;1525;1704;1667;1798
36930;1922;1525;1704;1651;1818
36960;1922;1524;1704;1644;1831
37000;1916;1521;1704;1636;1841
37040;1912;1507;1703;1633;1848
37080;1902;1500;1703;1637;1854
37110;1891;1504;1703;1634;1859
37150;1882;1497;1704;1637;1895
37190;1872;1506;1704;1638;1916
37230;1866;1508;1704;1643;1915
37260;1858;1504;1704;1640;1901
37300;1850;1502;1704;1627;1896
37340;1839;1504;1704;1610;1923
37380;1828;1506;1704;1612;1939
37410;1821;1506;1704;1628;1955
37450;1810;1502;1704;1624;1969
37490;1801;1500;1704;1630;1993
37530;1794;1498;1705;1631;2006
37560;1788;1496;1705;1633;2009
37600;1758;1495;1704;1626;2044
37640;1764;1491;1704;1623;2095
37680;1762;1484;1704;1615;2149
37710;1753;1478;1704;1597;2196
37750;1751;1466;1704;1601;2234
37790;1739;1466;1704;1605;2320
37830;1720;1471;1705;1613;2382
37860;1698;1472;1704;1617;2448
37900;1696;1475;1704;1612;2545
37940;1675;1477;1704;1590;2606
37980;1648;1476;1704;1581;2647
38010;1635;1467;1704;1569;2662
38050;1615;1467;1704;1556;2684
38090;1571;1466;1704;1558;2670
38130;1550;1466;1704;1557;2645
38160;1539;1465;1705;1568;2624
38200;1534;1464;1705;1590;2569
38240;1531;1463;1705;1613;2466
38280;1530;1462;1705;1611;2340
38310;1530;1461;1704;1627;2240
38350;1530;1461;1705;1636;2140
38390;1529;1461;1705;1621;2033
38430;1527;1461;1705;1632;1943
38460;1527;1461;1705;1650;1890
38500;1527;1461;1705;1650;1847
38540;1528;1461;1705;1578;1641
38580;1531;1462;1705;1611;1570
38610;1560;1463;1705;1660;1581
38650;1580;1464;1705;1825;1621
38690;1586;1464;1705;2051;1724
38730;1603;1465;1705;2069;1725
38760;1619;1465;1705;2230;1831
38800;1625;1465;1705;2325;1891
38840;1672;1466;1705;2498;1986
38880;1697;1466;1705;2607;2091
38910;1710;1466;1705;2664;2158
38950;1717;1466;1705;2827;2344
38990;1721;1466;1705;2962;2453
39030;1723;1466;1705;3013;2549
39060;1724;1462;1705;3075;2600
39100;1724;1458;1704;3136;2683
39140;1724;1451;1704;3167;2727
39180;1705;1446;1704;3319;2903
39210;1681;1442;1705;3358;2956
39250;1648;1436;1705;3378;2995
39290;1626;1418;1705;3489;3107
39320;1606;1398;1705;3466;3104
39360;1567;1384;1705;3512;3108
39400;1545;1399;1705;3503;3074
39440;1532;1403;1705;3498;3053
39480;1520;1400;1705;3476;3029
39510;1512;1399;1705;3489;2997
39550;1497;1386;1704;3564;2973
39590;1487;1378;1704;3500;2969
39630;1478;1373;1704;3459;2985
39660;1475;1368;1704;3405;2989
39700;1460;1364;1704;3482;3017
39740;1451;1361;1704;3482;3061
39780;1449;1357;1704;3416;3109
39810;1438;1353;1703;3411;3171
39850;1424;1293;1701;3402;3186
39890;1419;1311;1698;3515;3215
39930;1411;1315;1697;3716;3406
40080;1390;1302;1693;3995;3594
40120;1369;1286;1690;4019;3577
40160;1346;1276;1688;4041;3571
40200;1339;1266;1687;4039;3592
40240;1333;1256;1684;4051;3595
40280;1323;1252;1680;3977;3591
40310;1315;1240;1678;3941;3572
40350;1307;1235;1677;3838;3569
40390;1301;1228;1675;3745;3579
40430;1296;1218;1671;3612;3560
40460;1285;1202;1669;3620;3559
40500;1277;1202;1666;3589;3570
40540;1268;1201;1662;3577;3582
40580;1247;1195;1656;3594;3601
40610;1243;1184;1654;3647;3640
40650;1241;1177;1652;3682;3681
40690;1236;1175;1651;3710;3713
40730;1232;1171;1649;4095;4095
40760;1227;1164;1648;4095;4095
40800;1212;1155;1645;4095;4095
40830;1207;1124;1643;4095;4095
40870;1201;1124;1641;4095;4095
40910;1200;1114;1638;4095;4095
40950;1191;1110;1633;4095;4095
40990;1183;1108;1630;4095;4095
41030;1177;1107;1627;4095;4095
41060;1171;1107;1625;4095;4095
41100;1164;1104;1624;4095;4095
41140;1156;1101;1622;4095;4095
41180;1151;1095;1621;4095;4095
41210;1147;1090;1621;4095;4095
41250;1143;1084;1621;4095;4095
41290;1135;1073;1620;4095;4095
41330;1129;1070;1619;4095;4095
41360;1123;1065;1618;4095;4095
41400;1117;1056;1616;4095;4095
41440;1112;1048;1615;4095;4095
41470;1105;1042;1615;4095;4095
41510;1100;1030;1615;4095;4095
41550;1094;1026;1614;4095;4095
41590;1086;1023;1614;4095;4095
41630;1079;1015;1613;4095;4095
41660;1073;1006;1613;4095;4095
41700;1071;996;1613;4095;4095
41740;1066;990;1613;4095;4095
41780;1056;986;1613;4095;4095
41810;1050;983;1611;4095;4095
41850;1045;980;1609;4047;4095
41890;1041;978;1609;4016;4095
41920;1036;974;1609;4013;4095
41960;1032;971;1608;3977;4095
42000;1028;968;1606;3956;4095
42040;1025;966;1602;3973;4095
42080;1022;962;1600;3969;4095
42110;1019;958;1599;3971;4095
42150;1016;952;1597;3973;4095
42190;1012;949;1595;3985;4095
42230;1004;944;1592;4007;4095
42260;1000;940;1591;4003;4095
42300;998;937;1590;3987;4095
42340;997;932;1590;3966;4095
42370;994;928;1589;3953;4095
42410;989;926;1588;3926;4095
42450;985;924;1587;3935;4095
42490;982;922;1586;3937;4095
42530;980;918;1585;3929;4095
42560;978;916;1585;3928;4095
42600;975;914;1584;3939;4095
42640;973;913;1583;3952;4095
42680;973;910;1582;3947;4095
42760;971;908;1582;3949;4095
42800;969;906;1582;3930;4095
42830;968;904;1581;3953;4095
42840;968;903;1581;3969;4095
42880;967;901;1581;3991;4095
42920;967;900;1581;3983;4095
42960;966;900;1580;3930;4095
42990;965;900;1579;3891;4095
43000;964;900;1579;3891;4095
43040;961;894;1578;3906;4095
43080;959;891;1579;3925;4095
43110;957;889;1579;3920;4095
43150;953;886;1579;3914;4095
43190;950;885;1578;3897;4095
43230;948;884;1577;3899;4095
43260;947;884;1577;3907;4095
43300;946;884;1576;3908;4095
43340;946;883;1576;3914;4095
43380;946;883;1576;3918;4095
43410;946;883;1576;3918;4095
43450;946;883;1577;3913;4095
43490;946;883;1577;3915;4095
43530;945;884;1577;3914;4095
43560;945;884;1576;3905;4095
43600;945;883;1576;3898;4095
43640;945;883;1576;3895;4095
43680;946;883;1576;3898;4095
43710;946;883;1576;3894;4095
43750;946;883;1576;3886;4095
43790;946;883;1576;3901;4095
43830;946;883;1576;3903;4095
43870;946;883;1576;3899;4095
43910;946;884;1576;3901;4095
43950;947;884;1577;3913;4095
43990;947;884;1577;3912;4095
44030;946;884;1577;3908;4095
44060;945;884;1576;3926;4095
44100;946;884;1577;3942;4082
44140;946;884;1578;3947;4032
44180;946;884;1577;3954;3939
44260;950;885;1577;3952;3839
44300;952;885;1577;3932;3818
44340;954;885;1577;3920;3807
44380;955;885;1577;3928;3792
44420;956;885;1577;3938;3749
44460;957;885;1578;3485;3278
44500;956;885;1578;3491;3232
44540;956;885;1578;3542;3222
44580;957;885;1578;3556;3181
44610;957;885;1579;3561;3156
44650;957;886;1580;3582;3128
44690;957;886;1579;3605;3079
44730;957;886;1579;3625;3055
44760;958;886;1579;3660;3028
44800;962;886;1579;3663;3015
44840;967;886;1579;3670;2981
44880;970;886;1579;3697;2970
44910;973;886;1579;3701;2964
44950;977;887;1578;3699;2948
44990;980;887;1578;3732;2923
45030;985;887;1578;3738;2901
45060;991;887;1579;3740;2892
45100;997;887;1580;3737;2895
45140;1003;887;1580;3764;2887
45180;1009;887;1579;3773;2863
45210;1015;888;1579;3786;2856
45250;1020;888;1580;3800;2870
45290;1024;887;1580;3805;2861
45330;1031;887;1580;3816;2834
45360;1037;888;1579;3830;2826
45400;1043;888;1579;3855;2803
45440;1050;888;1579;3858;2804
45480;1058;888;1579;3859;2810
45510;1063;888;1579;3853;2820
45550;1067;888;1579;3843;2825
45590;1071;888;1579;3846;2815
45630;1079;888;1579;3846;2826
45660;1087;888;1578;3846;2822
45700;1093;888;1578;3854;2811
45740;1100;888;1579;3858;2800
45780;1107;888;1581;3871;2782
45810;1114;888;1584;3874;2774
45850;1120;889;1587;3878;2769
45890;1125;888;1591;3884;2764
45930;1135;889;1595;3878;2743
45960;1140;889;1597;3877;2765
46000;1143;888;1600;3866;2765
46040;1145;889;1602;3872;2792
46080;1146;889;1604;3860;2815
46110;1146;889;1605;3835;2829
46150;1146;889;1606;3768;2870
46190;1148;889;1607;3702;2923
46230;1148;889;1607;3671;2959
46260;1147;889;1607;3650;2978
46300;1147;889;1607;3614;3009
46340;1146;889;1607;3598;3036
46380;1146;890;1607;3561;3070
46410;1146;890;1607;3542;3095
46450;1146;890;1607;3532;3131
46490;1146;890;1607;3535;3163
46530;1145;890;1607;3522;3184
46560;1143;889;1607;3513;3210
46600;1135;890;1606;3495;3236
46640;1130;890;1606;3477;3269
46680;1124;890;1607;3477;3293
46710;1119;890;1607;3480;3319
46750;1114;889;1608;3464;3358
46790;1107;889;1607;3465;3402
46830;1102;890;1607;3475;3425
46860;1100;890;1607;3482;3444
46900;1098;890;1607;3487;3456
46940;1096;890;1607;3497;3464
46980;1095;890;1607;3509;3469
47010;1094;890;1607;3514;3470
47050;1094;890;1607;3534;3452
47090;1095;890;1607;3560;3393
47130;1095;889;1606;3569;3337
47160;1095;889;1606;3586;3323
47200;1095;889;1606;3602;3215
47240;1095;889;1606;3623;3114
47280;1094;890;1606;3658;3075
47310;1094;890;1606;3684;3056
47350;1094;890;1606;3726;3031
47390;1095;890;1606;3739;3013
47430;1094;890;1606;3760;2978
47460;1094;890;1606;3776;2974
47500;1095;890;1606;3793;2965
47540;1096;890;1606;3809;2953
47580;1097;890;1606;3819;2960
47610;1097;890;1606;3835;2941
47650;1103;890;1606;3850;2924
47690;1110;890;1607;3853;2899
47730;1118;890;1607;3881;2889
47760;1121;890;1607;3912;2851
47800;1130;890;1606;3941;2836
47840;1138;890;1606;3943;2827
47880;1144;890;1608;3953;2803
47910;1147;889;1609;3958;2795
47950;1154;889;1609;3963;2794
47990;1159;889;1608;3975;2810
48030;1162;889;1608;3972;2814
48060;1164;889;1608;3974;2817
48100;1165;890;1609;3949;2824
48140;1166;890;1609;3903;2871
48180;1166;890;1609;3842;2926
48210;1166;890;1610;3809;2954
48250;1166;890;1610;3788;2976
48290;1167;890;1610;3760;2994
48330;1167;890;1610;3729;3030
48360;1167;889;1610;3738;3027
48400;1166;889;1610;3722;3056
48440;1166;889;1610;3687;3080
48480;1166;889;1610;3678;3130
48510;1165;889;1610;3673;3149
48550;1163;889;1610;3645;3177
48590;1157;889;1610;3644;3192
48630;1151;889;1609;3640;3230
48660;1147;890;1609;3639;3259
48700;1135;889;1609;3633;3284
48740;1130;889;1609;3628;3328
48780;1124;889;1609;3623;3357
48810;1119;889;1609;3626;3383
48850;1114;889;1609;3625;3420
48890;1104;889;1609;3625;3446
48930;1100;889;1609;3623;3469
48960;1097;889;1609;3600;3485
49000;1091;889;1609;3581;3509
49040;1085;890;1609;3573;3522
49080;1080;890;1609;3579;3538
49110;1076;890;1609;3587;3540
49150;1074;890;1609;3591;3533
49190;1073;890;1609;3597;3534
49230;1073;889;1609;3592;3517
49260;1072;889;1610;3610;3492
49300;1071;889;1610;3621;3437
49340;1072;889;1610;3657;3353
49380;1072;889;1610;3674;3283
49410;1072;889;1610;3677;3238
49450;1072;889;1610;3688;3171
49490;1072;889;1609;3683;3074
49530;1072;889;1609;3693;3010
49560;1072;889;1609;3710;2985
49600;1073;889;1609;3728;2965
49640;1073;889;1609;3756;2935
49680;1072;889;1609;3754;2924
49710;1072;889;1609;3785;2912
49750;1073;889;1609;3801;2890
49790;1077;889;1609;3801;2892
49830;1080;889;1609;3815;2880
49860;1087;890;1609;3816;2867
49900;1092;890;1610;3830;2853
49940;1099;889;1610;3831;2839
49980;1105;889;1610;3831;2828
50010;1111;889;1610;3840;2813
50050;1118;889;1610;3862;2805
50090;1122;889;1609;3873;2791
50130;1132;889;1609;3891;2770
50160;1139;889;1609;3896;2767
50200;1145;889;1610;3901;2746
50240;1151;889;1610;3907;2744
50280;1157;889;1610;3922;2741
50310;1160;889;1610;3926;2749
50350;1162;889;1610;3917;2755
50390;1163;889;1610;3911;2771
50430;1164;889;1610;3916;2784
50460;1164;889;1610;3872;2855
50500;1164;889;1610;3824;2894
50540;1164;889;1610;3764;2919
50580;1164;889;1610;3733;2939
50610;1165;889;1610;3719;2941
50650;1165;889;1609;3702;2959
50690;1166;889;1609;3689;2988
50730;1166;889;1609;3666;3014
50760;1165;890;1609;3655;3044
50800;1164;890;1610;3622;3072
50840;1163;890;1610;3632;3099
50880;1157;890;1610;3630;3118
50910;1152;890;1609;3634;3132
50950;1147;890;1609;3620;3161
50990;1139;890;1610;3601;3191
51030;1132;890;1610;3600;3229
51060;1127;890;1610;3582;3251
51100;1120;889;1610;3583;3280
51140;1114;889;1610;3578;3325
51180;1108;889;1610;3582;3353
51210;1102;889;1610;3579;3370
51250;1099;889;1610;3573;3401
51290;1092;889;1610;3559;3428
51330;1085;889;1610;3541;3450
51360;1080;889;1610;3545;3466
51400;1075;889;1610;3543;3482
51440;1071;889;1610;3546;3491
51480;1070;889;1610;3538;3493
51510;1069;889;1610;3553;3489
51550;1069;889;1610;3564;3485
51590;1069;889;1610;3574;3460
51630;1069;889;1610;3584;3413
51660;1069;889;1610;3589;3354
51700;1070;889;1610;3620;3264
51740;1070;889;1610;3650;3219
51780;1070;889;1610;3667;3158
51810;1069;889;1610;3667;3087
51850;1069;889;1610;3690;2984
51890;1069;889;1610;3708;2955
51930;1069;889;1610;3728;2938
51960;1069;889;1609;3755;2914
52000;1069;889;1609;3771;2903
52040;1068;889;1609;3797;2875
52080;1069;888;1610;3809;2880
52110;1069;889;1610;3828;2867
52150;1074;889;1610;3845;2843
52190;1082;889;1610;3857;2832
52230;1089;889;1610;3873;2817
52260;1093;889;1610;3884;2807
52300;1100;889;1610;3904;2802
52340;1107;889;1610;3921;2791
52380;1116;889;1610;3927;2777
52410;1120;889;1610;3933;2779
52450;1122;889;1610;3941;2772
52490;1124;889;1610;3944;2781
52530;1126;889;1610;3939;2803
52560;1127;889;1610;3921;2833
52600;1128;889;1610;3909;2858
52640;1128;889;1610;3886;2886
52680;1129;889;1610;3851;2907
52710;1128;889;1610;3831;2924
52750;1128;889;1610;3803;2939
52790;1128;889;1610;3759;2956
52830;1128;889;1610;3724;2991
52860;1129;889;1610;3700;3016
52900;1128;889;1610;3676;3048
52940;1128;889;1610;3654;3079
52980;1128;889;1610;3648;3098
53010;1126;889;1610;3647;3124
53050;1125;889;1610;3638;3164
53090;1120;889;1610;3643;3199
53130;1116;889;1610;3636;3226
53160;1112;889;1610;3636;3244
53200;1105;889;1610;3618;3294
53240;1101;889;1610;3608;3335
53280;1098;889;1610;3595;3361
53310;1089;889;1610;3585;3379
53350;1082;889;1610;3567;3407
53390;1077;889;1610;3544;3428
53430;1072;889;1610;3545;3461
53460;1070;889;1610;3547;3477
53500;1069;889;1610;3553;3489
53540;1067;889;1610;3545;3497
53580;1066;889;1610;3535;3498
53610;1064;889;1610;3536;3494
53650;1063;889;1610;3542;3489
53690;1063;889;1609;3545;3479
53730;1063;889;1609;3560;3450
53760;1063;889;1609;3589;3419
53800;1064;889;1609;3600;3359
53840;1064;889;1610;3617;3257
53880;1064;889;1610;3638;3184
53910;1064;889;1610;3643;3164
53950;1064;889;1610;3663;3091
53990;1064;889;1610;3681;3022
54030;1064;889;1610;3708;2965
54060;1064;889;1610;3729;2942
54100;1064;889;1610;3742;2934
54140;1064;889;1610;3744;2915
54180;1064;889;1610;3760;2895
54210;1065;889;1610;3774;2887
54250;1067;889;1610;3773;2890
54290;1067;889;1610;3789;2879
54330;1070;889;1610;3818;2854
54360;1075;889;1610;3824;2853
54400;1084;889;1610;3839;2838
54440;1091;890;1610;3872;2823
54480;1098;890;1610;3883;2806
54510;1103;890;1609;3904;2798
54550;1109;889;1610;3917;2788
54590;1117;889;1610;3922;2778
54630;1121;889;1610;3935;2776
54660;1123;889;1610;3945;2770
54700;1126;889;1610;3945;2769
54740;1127;889;1610;3928;2788
54780;1128;889;1610;3910;2818
54810;1128;889;1609;3896;2843
54850;1129;889;1609;3868;2870
54890;1129;889;1609;3831;2892
54930;1129;889;1609;3798;2908
54960;1129;890;1609;3785;2918
55000;1129;890;1610;3755;2948
55040;1129;890;1610;3725;2975
55080;1129;890;1610;3698;3021
55110;1129;889;1610;3684;3041
55150;1129;889;1610;3676;3059
55190;1128;889;1610;3668;3091
55230;1127;889;1610;3665;3114
55260;1126;889;1610;3651;3130
55300;1124;889;1610;3652;3175
55340;1119;889;1610;3642;3208
55380;1114;889;1610;3640;3241
55410;1108;889;1610;3632;3267
55450;1103;889;1610;3624;3306
55490;1099;889;1610;3605;3336
55530;1091;889;1610;3589;3354
55560;1086;889;1610;3573;3371
55600;1080;889;1610;3546;3400
55640;1074;889;1610;3539;3421
55680;1072;889;1610;3530;3448
55710;1070;889;1610;3532;3471
55750;1066;889;1610;3541;3485
55790;1062;889;1610;3536;3490
55830;1059;889;1610;3529;3482
55860;1058;889;1611;3530;3483
55900;1057;889;1611;3532;3481
55940;1057;889;1611;3535;3481
55980;1057;889;1610;3537;3447
56020;1057;889;1610;3549;3410
56060;1057;889;1610;3584;3356
56100;1057;890;1610;3608;3262
56140;1057;889;1610;3627;3174
56180;1056;889;1610;3638;3135
56210;1056;889;1609;3660;3090
56250;1057;889;1609;3689;3003
56290;1057;889;1609;3695;2947
56330;1057;889;1609;3705;2904
56360;1057;889;1609;3722;2897
56400;1057;890;1609;3733;2877
56440;1057;890;1610;3778;2857
56480;1060;890;1610;3788;2837
56510;1065;890;1609;3798;2825
56550;1067;890;1610;3792;2837
56590;1068;890;1610;3819;2813
56620;1073;889;1610;3828;2795
56660;1078;890;1610;3846;2784
56700;1087;890;1611;3869;2768
56740;1092;889;1611;3866;2753
56780;1100;889;1610;3876;2739
56810;1106;889;1610;3877;2744
56850;1111;889;1610;3873;2743
56890;1113;890;1610;3876;2742
56930;1116;889;1610;3864;2746
56960;1118;889;1610;3860;2762
57000;1119;890;1610;3833;2796
57040;1120;890;1611;3818;2827
57080;1120;890;1610;3776;2850
57110;1121;890;1610;3771;2860
57150;1121;890;1610;3726;2882
57190;1121;890;1610;3702;2903
57230;1121;890;1609;3651;2936
57260;1121;890;1610;3626;2962
57300;1121;890;1610;3594;3010
57340;1121;890;1610;3572;3048
57380;1119;889;1610;3563;3069
57420;1118;889;1611;3569;3100
57460;1115;889;1611;3564;3153
57540;1106;890;1611;3539;3240
57580;1101;890;1611;3524;3277
57620;1097;890;1611;3521;3321
57660;1089;890;1610;3515;3353
57700;1083;890;1611;3497;3376
57740;1077;890;1611;3490;3396
57780;1073;890;1611;3475;3414
57810;1070;890;1610;3466;3424
57850;1070;890;1610;3454;3433
57890;1070;890;1610;3464;3430
57930;1070;890;1610;3461;3422
57960;1069;890;1610;3459;3420
58000;1069;890;1610;3460;3418
58040;1069;890;1611;3460;3394
58080;1069;890;1611;3471;3361
58110;1069;889;1610;3487;3317
58150;1069;889;1610;3494;3230
58190;1069;889;1610;3514;3142
58230;1069;889;1610;3528;3098
58260;1069;889;1610;3541;3037
58300;1070;889;1610;3557;2970
58340;1070;889;1610;3581;2922
58380;1070;889;1610;3594;2898
58410;1069;889;1610;3601;2878
58450;1069;889;1610;3608;2865
58490;1069;889;1610;3634;2844
58520;1069;889;1611;3642;2828
58560;1069;889;1611;3650;2810
58600;1070;889;1611;3650;2825
58640;1071;889;1611;3665;2801
58680;1077;889;1611;3681;2794
58710;1085;889;1611;3696;2778
58750;1091;889;1611;3712;2759
58790;1096;889;1611;3731;2739
58830;1103;889;1611;3745;2733
58860;1109;889;1611;3756;2725
58900;1117;889;1611;3770;2720
58940;1121;889;1611;3783;2705
58980;1132;889;1611;3806;2694
59010;1139;889;1611;3815;2688
59050;1145;889;1611;3826;2680
59090;1151;889;1611;3840;2680
59130;1156;889;1611;3855;2696
59160;1160;889;1611;3854;2699
59200;1163;889;1611;3855;2716
59240;1164;889;1611;3854;2715
59280;1165;890;1610;3859;2719
59310;1165;890;1610;3790;2787
59350;1165;889;1610;3755;2825
59390;1165;889;1610;3731;2861
59430;1165;889;1610;3686;2879
59460;1166;889;1610;3670;2897
59500;1166;889;1610;3639;2916
59540;1166;889;1610;3616;2942
59580;1166;889;1610;3595;2971
59610;1165;889;1610;3579;2993
59650;1165;889;1610;3577;3016
59690;1164;889;1610;3575;3044
59730;1158;889;1610;3553;3064
59760;1153;889;1610;3545;3077
59800;1148;889;1610;3547;3102
59840;1143;889;1611;3536;3135
59880;1134;889;1611;3542;3176
59910;1129;889;1611;3541;3209
59950;1123;889;1611;3542;3239
59990;1117;889;1611;3539;3267
60030;1113;889;1610;3538;3302
60060;1107;889;1610;3525;3316
60100;1101;889;1610;3528;3351
60140;1098;889;1610;3519;3377
60180;1091;890;1610;3510;3398
60210;1086;890;1610;3509;3415
60250;1080;890;1610;3496;3434
60290;1075;890;1610;3493;3453
60330;1072;890;1610;3486;3456
60360;1071;890;1610;3492;3454
60400;1070;890;1610;3493;3453
60440;1070;889;1610;3496;3454
60480;1070;889;1610;3494;3447
60510;1070;889;1610;3501;3433
60550;1070;889;1610;3517;3390
60580;1070;890;1610;3530;3339
60590;1070;890;1610;3532;3322
60630;1070;890;1610;3556;3219
60670;1070;890;1610;3572;3156
60710;1070;890;1610;3588;3101
60750;1070;890;1610;3605;3021
60790;1070;890;1610;3616;2985
60830;1070;890;1610;3628;2947
60870;1070;890;1610;3652;2938
60910;1070;890;1610;3668;2918
60950;1070;890;1610;3686;2897
60960;1070;890;1610;3683;2893
60990;1070;890;1610;3673;2903
61030;1070;890;1610;3683;2863
61070;1075;890;1610;3698;2847
61110;1083;890;1610;3713;2830
61150;1090;890;1610;3739;2825
61190;1094;890;1610;3752;2806
61230;1102;890;1610;3765;2778
61260;1109;890;1610;3778;2768
61300;1116;890;1610;3801;2760
61340;1121;889;1610;3802;2749
61380;1130;889;1611;3834;2733
61410;1137;889;1611;3844;2726
61450;1143;889;1611;3846;2709
61490;1147;889;1611;3854;2701
61530;1155;889;1611;3856;2704
61560;1159;889;1611;3860;2706
61600;1162;889;1611;3859;2713
61640;1163;889;1611;3848;2729
61680;1164;889;1611;3846;2733
61710;1165;889;1611;3807;2792
61750;1166;889;1611;3755;2842
61790;1166;889;1611;3722;2880
61830;1167;889;1611;3688;2900
61860;1167;889;1611;3665;2915
61900;1167;889;1611;3644;2936
61940;1167;889;1611;3625;2973
61980;1167;889;1611;3592;3002
62010;1167;889;1611;3582;3028
62050;1167;889;1611;3572;3054
62090;1166;889;1611;3559;3066
62130;1162;889;1611;3535;3103
62160;1156;889;1611;3528;3117
62200;1151;889;1611;3524;3145
62240;1147;889;1611;3530;3168
62280;1137;889;1611;3531;3218
62310;1131;889;1611;3541;3246
62350;1127;889;1611;3540;3287
62360;1125;889;1611;3535;3291
62400;1120;889;1611;3537;3318
62440;1115;889;1611;3544;3344
62480;1110;889;1611;3542;3371
62510;1103;889;1612;3541;3394
62550;1100;889;1612;3540;3418
62590;1096;889;1612;3518;3443
62630;1090;889;1611;3513;3463
62660;1083;889;1611;3504;3488
62700;1080;889;1611;3501;3505
62740;1077;889;1611;3498;3505
62770;1076;889;1611;3498;3497
62810;1075;889;1612;3498;3499
62850;1075;889;1612;3506;3504
62890;1075;890;1612;3512;3476
62930;1075;889;1612;3524;3432
62960;1075;889;1612;3537;3397
63000;1076;890;1612;3542;3324
63040;1076;890;1612;3552;3225
63080;1076;890;1612;3567;3160
63120;1077;890;1613;3583;3082
63160;1077;890;1613;3588;3008
63200;1077;890;1613;3632;2979
63240;1077;890;1613;3644;2960
63280;1077;890;1612;3677;2935
63320;1077;890;1612;3690;2932
63360;1077;890;1612;3697;2906
63400;1079;890;1612;3706;2883
63440;1086;890;1612;3724;2868
63480;1092;890;1613;3731;2854
63510;1095;890;1613;3753;2854
63550;1103;890;1613;3775;2832
63590;1110;890;1613;3804;2820
63630;1118;890;1613;3828;2814
63660;1123;890;1612;3840;2804
63700;1131;890;1612;3857;2796
63740;1139;890;1612;3855;2777
63780;1146;890;1612;3855;2769
63810;1152;890;1612;3848;2766
63850;1160;890;1612;3848;2734
63890;1165;890;1612;3881;2755
63930;1168;890;1612;3882;2748
63960;1171;890;1612;3897;2763
64000;1173;890;1612;3883;2812
64040;1174;890;1612;3886;2799
64080;1175;890;1612;3861;2827
64110;1175;890;1612;3797;2878
64150;1175;890;1612;3726;2919
64190;1175;890;1613;3681;2935
64230;1175;890;1613;3603;2953
64260;1175;891;1613;3588;2972
64300;1175;891;1613;3587;3003
64340;1175;891;1613;3568;3030
64380;1175;891;1613;3543;3071
64410;1175;891;1613;3521;3077
64450;1175;891;1613;3507;3099
64490;1173;891;1613;3487;3125
64530;1168;891;1613;3479;3153
64560;1162;891;1613;3466;3170
64600;1155;891;1613;3444;3187
64640;1150;890;1613;3431;3228
64650;1147;890;1613;3433;3242
64680;1143;890;1613;3429;3279
64710;1135;890;1612;3428;3292
64750;1130;890;1612;3425;3324
64790;1124;890;1612;3427;3354
64830;1119;890;1612;3426;3384
64860;1116;890;1612;3430;3389
64900;1114;890;1612;3428;3395
64940;1112;890;1612;3438;3387
64980;1112;890;1612;3439;3383
65010;1111;890;1612;3435;3368
65050;1111;889;1612;3435;3321
65090;1111;889;1612;3439;3258
65130;1111;890;1612;3443;3205
65160;1111;890;1612;3458;3116
65200;1111;890;1612;3480;3016
65240;1111;890;1612;3516;2977
65280;1112;890;1612;3541;2915
65310;1112;890;1612;3545;2891
65350;1112;890;1612;3567;2859
65390;1112;890;1612;3578;2849
65430;1112;890;1612;3600;2829
65460;1112;890;1612;3593;2837
65500;1112;890;1612;3622;2804
4;1113;890;1611;3649;2786
44;1119;890;1611;3677;2755
74;1122;890;1611;3695;2742
114;1132;890;1611;3746;2723
154;1139;890;1611;3769;2704
194;1145;890;1611;3778;2689
224;1152;890;1611;3800;2685
264;1160;890;1611;3817;2682
304;1165;890;1611;3829;2676
344;1171;890;1612;3840;2674
374;1175;890;1613;3843;2664
414;1178;890;1614;3845;2678
454;1179;890;1614;3854;2694
494;1180;890;1614;3857;2702
524;1180;890;1614;3842;2739
564;1181;890;1614;3749;2827
604;1181;890;1614;3690;2871
644;1181;890;1614;3638;2916
674;1182;890;1614;3592;2920
714;1182;890;1614;3579;2939
754;1182;890;1614;3566;2952
794;1182;890;1614;3545;2998
824;1182;890;1613;3543;3021
864;1182;890;1613;3533;3051
904;1182;890;1613;3525;3083
944;1177;890;1613;3514;3120
974;1172;890;1614;3513;3137
1014;1167;890;1614;3496;3182
1054;1158;890;1614;3495;3216
1094;1152;890;1614;3481;3228
1124;1148;890;1614;3484;3239
1164;1142;890;1614;3474;3261
1204;1134;890;1614;3469;3291
1244;1129;890;1614;3455;3323
1274;1123;890;1614;3449;3341
1314;1118;890;1614;3434;3363
1354;1113;889;1614;3424;3397
1394;1109;890;1614;3429;3412
1424;1105;890;1614;3426;3419
1464;1102;890;1614;3430;3422
1504;1100;890;1614;3435;3419
1544;1099;890;1614;3434;3403
1574;1099;890;1614;3446;3381
1614;1098;890;1614;3449;3345
1654;1099;890;1614;3457;3265
1694;1099;890;1613;3473;3164
1724;1099;890;1613;3484;3132
1764;1100;890;1613;3500;3006
1804;1100;890;1613;3528;2931
1844;1100;890;1614;3558;2900
1874;1100;890;1614;3574;2873
1914;1100;890;1614;3582;2845
1954;1100;890;1614;3597;2828
1994;1100;890;1614;3622;2814
2024;1100;890;1614;3611;2799
2064;1105;890;1614;3630;2784
2104;1109;889;1614;3643;2759
2144;1117;889;1613;3683;2744
2174;1121;889;1613;3697;2729
2214;1130;890;1613;3721;2713
2254;1138;890;1614;3733;2705
2294;1144;890;1614;3760;2689
2324;1151;890;1614;3776;2679
2364;1159;890;1613;3785;2658
2404;1165;890;1613;3788;2650
2444;1172;890;1613;3797;2640
2474;1178;890;1613;3802;2654
2514;1182;890;1613;3810;2650
2554;1184;890;1612;3810;2668
2594;1186;890;1613;3808;2689
2624;1187;890;1613;3810;2696
2664;1188;890;1613;3779;2740
2704;1188;890;1613;3690;2802
2744;1188;890;1613;3623;2857
2774;1189;890;1613;3592;2888
2814;1189;890;1613;3549;2911
2854;1189;890;1614;3517;2939
2894;1189;890;1613;3504;2950
2924;1189;890;1613;3489;2972
2964;1189;890;1613;3470;3004
3004;1189;889;1613;3473;3036
3044;1188;890;1613;3462;3063
3074;1184;890;1614;3459;3073
3114;1177;890;1614;3455;3099
3154;1171;890;1614;3449;3148
3194;1165;890;1614;3445;3179
3224;1158;890;1614;3438;3212
3264;1152;890;1614;3440;3228
3304;1147;890;1614;3441;3258
3344;1136;890;1614;3435;3290
3374;1130;890;1614;3424;3313
3414;1126;890;1614;3428;3340
3454;1120;890;1614;3417;3360
3494;1116;890;1614;3408;3375
3524;1114;889;1614;3407;3388
3564;1112;889;1613;3412;3390
3604;1111;889;1613;3409;3386
3644;1111;889;1613;3415;3375
3674;1111;889;1614;3428;3355
3714;1111;889;1614;3436;3301
3754;1111;889;1614;3453;3228
3794;1111;889;1614;3465;3178
3824;1111;889;1614;3480;3097
3864;1111;889;1614;3501;2987
3904;1111;889;1614;3538;2940
3944;1111;889;1614;3560;2904
3974;1111;889;1614;3572;2883
4014;1111;889;1614;3591;2858
4054;1111;889;1614;3612;2848
4094;1111;889;1614;3629;2842
4124;1111;889;1614;3652;2822
4164;1112;889;1613;3669;2800
4204;1118;889;1613;3696;2782
4244;1121;889;1614;3745;2767
4274;1130;889;1614;3755;2754
4314;1138;889;1614;3782;2737
4354;1144;890;1614;3799;2721
4394;1153;890;1614;3817;2715
4424;1160;889;1614;3834;2706
4464;1166;889;1614;3843;2699
4504;1173;889;1614;3847;2697
4544;1178;889;1614;3853;2693
4574;1182;889;1614;3849;2694
4614;1185;889;1614;3850;2710
4654;1186;889;1614;3843;2723
4694;1187;889;1614;3815;2753
4724;1187;889;1614;3770;2810
4764;1188;889;1614;3692;2866
4804;1188;889;1614;3636;2910
4844;1188;889;1614;3562;2944
4874;1188;889;1614;3540;2967
4914;1188;889;1614;3528;2981
4954;1188;889;1614;3512;3002
4994;1188;889;1614;3488;3041
5024;1189;889;1614;3480;3063
5064;1189;889;1614;3471;3094
5104;1185;889;1614;3461;3126
5144;1179;889;1614;3458;3151
5174;1173;889;1614;3448;3175
5214;1168;889;1614;3443;3208
5254;1159;889;1614;3447;3243
5294;1153;889;1614;3444;3268
5324;1148;889;1614;3434;3291
5364;1143;889;1613;3432;3320
5404;1134;889;1613;3429;3346
5444;1128;889;1613;3416;3381
5474;1126;889;1614;3410;3388
5514;1121;889;1614;3411;3387
5554;1118;889;1614;3409;3393
5594;1117;889;1614;3410;3388
5624;1116;889;1613;3418;3368
5664;1116;889;1614;3426;3329
5704;1116;889;1614;3446;3268
5744;1116;889;1614;3456;3204
5774;1116;889;1614;3466;3140
5814;1116;889;1614;3478;3051
5854;1116;889;1614;3513;2982
5894;1117;889;1614;3531;2949
5924;1117;889;1613;3548;2926
5964;1117;889;1614;3562;2904
6004;1117;889;1614;3579;2895
6044;1117;889;1614;3599;2886
6074;1117;889;1614;3608;2872
6114;1116;889;1614;3623;2845
6154;1119;889;1615;3639;2833
6194;1120;889;1615;3690;2803
6224;1131;889;1614;3710;2787
6264;1138;889;1614;3732;2780
6304;1144;889;1614;3747;2764
6344;1154;889;1614;3758;2742
6374;1161;889;1614;3767;2729
6414;1167;889;1614;3779;2718
6454;1174;889;1614;3789;2713
6494;1181;889;1614;3793;2696
6524;1188;889;1614;3786;2687
6564;1195;889;1615;3794;2675
6604;1201;889;1616;3798;2666
6644;1209;888;1618;3799;2660
6674;1215;889;1621;3804;2659
6714;1220;889;1623;3799;2668
6754;1222;889;1625;3781;2706
6794;1223;889;1626;3751;2745
6824;1224;889;1626;3716;2762
6864;1224;889;1626;3700;2779
6904;1224;889;1626;3616;2841
6944;1225;889;1627;3562;2879
6974;1225;889;1627;3514;2886
7014;1226;889;1627;3473;2907
7054;1226;889;1628;3458;2938
7094;1226;890;1628;3432;2968
7124;1226;890;1627;3420;2997
7164;1226;890;1627;3422;3009
7204;1225;890;1627;3410;3027
7244;1214;890;1627;3393;3051
7274;1209;890;1627;3392;3068
7314;1203;890;1628;3379;3101
7354;1196;890;1628;3371;3122
7394;1189;890;1628;3362;3148
7424;1182;890;1628;3360;3179
7464;1174;890;1627;3341;3199
7504;1169;890;1627;3337;3213
7544;1159;890;1627;3335;3233
7574;1153;890;1627;3338;3249
7614;1148;890;1627;3333;3265
7654;1146;890;1627;3330;3278
7694;1144;890;1627;3331;3280
7724;1143;890;1627;3340;3275
7764;1142;890;1627;3353;3259
7804;1142;890;1627;3359;3224
7844;1142;890;1627;3360;3211
7874;1142;890;1627;3372;3152
7914;1143;890;1628;3401;3042
7954;1143;890;1628;3430;2957
7994;1143;890;1628;3453;2908
8024;1143;890;1628;3473;2881
8064;1143;890;1628;3498;2864
8104;1143;890;1628;3510;2849
8144;1143;890;1627;3531;2827
8174;1143;890;1627;3548;2819
8214;1143;890;1627;3567;2792
8254;1143;890;1627;3593;2762
8294;1145;890;1627;3646;2738
8324;1148;890;1627;3655;2739
8364;1156;890;1627;3687;2725
8404;1162;890;1627;3703;2701
8444;1170;890;1627;3713;2693
8474;1177;890;1627;3719;2680
8514;1184;890;1628;3752;2660
8554;1191;890;1628;3768;2658
8594;1198;890;1628;3784;2656
8624;1201;890;1628;3791;2656
8664;1212;890;1628;3808;2650
8704;1221;890;1628;3818;2640
8744;1226;890;1628;3814;2640
8774;1229;890;1628;3803;2648
8814;1232;890;1629;3773;2693
8854;1233;890;1629;3732;2734
8864;1233;890;1629;3730;2741
8904;1233;890;1629;3704;2773
8914;1233;890;1629;3700;2779
8954;1233;890;1629;3614;2825
8994;1233;890;1629;3583;2863
9034;1233;890;1629;3531;2898
9074;1233;890;1629;3494;2928
9114;1233;890;1628;3476;2970
9154;1233;890;1628;3461;2992
9194;1233;890;1628;3457;3019
9224;1232;890;1628;3470;3011
9264;1226;890;1628;3466;3043
9304;1215;890;1628;3457;3064
9344;1206;890;1628;3437;3103
9374;1200;890;1628;3425;3125
9414;1193;890;1628;3431;3140
9454;1185;890;1628;3420;3169
9494;1177;890;1628;3421;3195
9544;1169;890;1628;3429;3227
9574;1160;890;1629;3426;3245
9614;1153;891;1629;3433;3267
9654;1147;891;1629;3429;3302
9694;1136;890;1629;3419;3345
9774;1129;890;1629;3410;3395
9814;1123;890;1629;3403;3391
9894;1119;890;1629;3393;3383
9934;1117;890;1629;3402;3373
9974;1116;891;1629;3414;3332
10014;1116;891;1629;3423;3262
10054;1116;891;1629;3440;3165
10094;1116;891;1629;3463;3086
10124;1116;891;1628;3478;3013
10164;1116;891;1628;3504;2916
10204;1116;891;1628;3532;2890
10244;1115;891;1628;3555;2863
10274;1115;891;1628;3561;2836
10314;1115;891;1629;3581;2820
10354;1115;891;1629;3597;2810
10394;1115;891;1629;3626;2782
10424;1119;891;1629;3641;2764
10464;1122;891;1629;3664;2747
10504;1132;891;1629;3700;2726
10544;1139;891;1629;3720;2704
10574;1144;891;1629;3743;2688
10614;1154;891;1629;3755;2672
10654;1162;891;1629;3783;2655
10694;1168;891;1629;3801;2642
10724;1174;891;1628;3812;2638
10764;1181;891;1628;3809;2636
10804;1185;891;1628;3816;2637
10844;1189;891;1628;3806;2634
10884;1192;891;1628;3820;2643
10924;1193;890;1628;3800;2650
10964;1194;890;1629;3743;2713
11004;1195;890;1629;3663;2782
11044;1194;890;1628;3631;2830
11084;1195;890;1629;3570;2863
11124;1195;890;1629;3531;2899
11164;1196;890;1629;3524;2919
11244;1196;890;1629;3491;2979
11284;1195;890;1629;3492;3015
11324;1193;890;1629;3476;3043
11364;1187;890;1629;3465;3077
11404;1180;890;1629;3467;3095
11444;1174;890;1629;3471;3129
11474;1169;890;1629;3467;3152
11514;1160;890;1629;3472;3192
11554;1153;890;1629;3452;3223
11594;1148;890;1629;3450;3256
11624;1140;891;1629;3439;3282
11664;1132;890;1629;3432;3323
11704;1127;890;1629;3413;3353
11744;1120;890;1629;3399;3389
11774;1116;890;1629;3390;3403
11814;1114;890;1629;3392;3414
11854;1112;890;1629;3381;3412
11894;1111;890;1629;3393;3386
11924;1111;890;1628;3405;3359
11964;1111;890;1628;3415;3301
12004;1110;890;1628;3421;3248
12044;1110;890;1628;3431;3135
12074;1110;890;1628;3448;3086
12114;1110;890;1629;3455;2984
12154;1111;890;1629;3475;2915
12184;1111;890;1629;3482;2892
12224;1111;890;1629;3504;2858
12264;1111;890;1629;3520;2833
12304;1111;890;1629;3539;2809
12344;1111;890;1629;3539;2822
12374;1111;890;1629;3568;2796
12414;1111;890;1629;3587;2771
12454;1114;890;1629;3597;2748
12494;1119;890;1629;3603;2732
12524;1121;890;1629;3627;2727
12564;1132;890;1628;3675;2694
12604;1139;890;1628;3702;2682
12644;1144;890;1628;3728;2669
12674;1153;890;1628;3738;2662
12714;1161;890;1628;3755;2655
12754;1168;890;1628;3766;2645
12794;1174;890;1629;3780;2631
12824;1180;890;1629;3785;2629
12864;1185;890;1629;3793;2635
12904;1190;890;1629;3801;2640
12944;1193;890;1628;3800;2649
12974;1194;890;1628;3788;2652
13014;1195;890;1628;3784;2664
13054;1196;891;1629;3721;2713
13094;1197;891;1629;3651;2783
13124;1197;891;1629;3613;2812
13164;1197;891;1629;3563;2839
13204;1197;891;1629;3510;2871
13244;1197;890;1629;3484;2910
13274;1197;890;1629;3480;2899
13314;1197;890;1629;3459;2933
13354;1197;890;1630;3451;2976
13394;1197;890;1630;3437;3005
13424;1193;890;1630;3445;3027
13464;1187;890;1630;3430;3046
13504;1180;890;1629;3424;3085
13544;1174;890;1629;3412;3106
13574;1169;890;1629;3406;3139
13614;1160;890;1630;3401;3181
13654;1153;890;1630;3398;3204
13694;1148;890;1630;3400;3232
13724;1142;890;1630;3387;3267
13764;1133;890;1630;3369;3302
13804;1128;890;1630;3372;3331
13844;1121;890;1630;3361;3354
13874;1117;890;1631;3352;3370
13914;1115;891;1631;3352;3375
13954;1114;891;1631;3351;3372
13994;1114;891;1631;3364;3354
14024;1114;891;1631;3368;3322
14064;1114;891;1631;3384;3262
14104;1114;891;1630;3396;3165
14144;1114;891;1630;3412;3085
14174;1114;891;1631;3417;3014
14214;1114;891;1631;3415;2934
14254;1114;891;1631;3436;2896
14294;1114;891;1631;3464;2853
14324;1114;891;1631;3474;2841
14364;1115;891;1631;3488;2822
14404;1114;891;1631;3509;2806
14444;1114;891;1631;3518;2798
14474;1114;891;1631;3539;2776
14514;1116;891;1630;3554;2756
14554;1120;891;1631;3578;2745
14594;1124;891;1631;3620;2732
14624;1134;891;1631;3653;2720
14664;1141;892;1631;3685;2710
14704;1147;892;1631;3700;2691
14744;1157;892;1631;3720;2692
14774;1164;892;1631;3726;2683
14814;1170;891;1631;3740;2675
14854;1178;891;1631;3742;2667
14894;1186;891;1631;3746;2653
14924;1192;891;1631;3760;2649
14964;1199;891;1631;3765;2630
15004;1202;891;1631;3774;2619
15044;1213;891;1631;3777;2615
15084;1221;891;1631;3780;2620
15124;1226;891;1631;3783;2622
15164;1229;891;1631;3750;2656
15204;1231;891;1631;3733;2701
15244;1231;891;1630;3691;2728
15284;1232;891;1630;3656;2748
15324;1232;891;1630;3590;2803
15364;1232;891;1630;3521;2839
15444;1232;891;1631;3446;2906
15494;1232;891;1631;3422;2932
15534;1232;891;1631;3405;2961
15564;1232;891;1631;3392;2985
15604;1232;892;1631;3396;2974
15644;1224;892;1631;3382;3011
15684;1214;892;1631;3379;3039
15724;1207;892;1631;3373;3068
15764;1199;891;1630;3360;3083
15804;1191;891;1630;3352;3115
15844;1183;891;1629;3339;3134
15884;1176;891;1630;3338;3160
15924;1170;891;1630;3337;3181
15964;1161;891;1630;3337;3219
16044;1153;891;1630;3339;3270
16084;1145;891;1630;3330;3293
16124;1135;891;1630;3332;3304
16164;1131;891;1630;3342;3306
16204;1129;891;1630;3350;3296
16244;1128;891;1630;3360;3276
16274;1128;891;1630;3369;3234
16314;1128;891;1630;3380;3173
16354;1128;891;1630;3394;3119
16394;1128;891;1630;3411;3029
16424;1128;891;1630;3433;2959
16464;1128;891;1630;3459;2908
16504;1128;891;1630;3486;2859
16544;1129;891;1630;3505;2820
16574;1129;891;1630;3525;2795
16614;1129;891;1630;3524;2786
16654;1129;891;1629;3551;2770
16694;1127;891;1629;3583;2757
16724;1135;891;1629;3603;2753
16764;1141;891;1629;3647;2740
16804;1146;891;1630;3676;2727
16844;1156;891;1630;3697;2705
16874;1163;891;1630;3710;2693
16914;1170;891;1629;3728;2671
16954;1178;891;1629;3732;2659
16994;1186;891;1630;3753;2655
17024;1192;891;1629;3756;2646
17064;1198;891;1629;3772;2635
17104;1203;891;1629;3779;2636
17144;1213;891;1629;3777;2634
17174;1220;891;1629;3776;2626
17214;1224;891;1629;3751;2632
17244;1227;891;1629;3739;2667
17254;1229;891;1629;3725;2679
17294;1230;891;1629;3688;2706
17324;1230;891;1629;3664;2725
17364;1231;891;1629;3637;2749
17404;1231;891;1629;3568;2814
17444;1231;891;1629;3535;2839
17474;1231;891;1629;3480;2868
17514;1230;891;1628;3457;2895
17554;1230;891;1628;3434;2911
17594;1230;891;1629;3415;2945
17624;1230;891;1629;3403;2959
17664;1229;891;1629;3406;2951
17704;1224;891;1629;3392;2986
17744;1214;891;1629;3383;3014
17774;1208;891;1629;3378;3035
17814;1202;891;1629;3364;3056
17844;1195;891;1629;3359;3069
17854;1191;891;1629;3358;3072
17894;1184;891;1629;3363;3111
17924;1176;891;1629;3365;3123
17964;1171;891;1629;3363;3148
18004;1163;891;1629;3355;3175
18044;1155;890;1629;3358;3202
18074;1149;890;1629;3370;3216
18114;1145;890;1628;3353;3252
18154;1135;890;1628;3343;3294
18194;1130;890;1628;3337;3317
18224;1127;891;1629;3336;3324
18264;1124;891;1629;3336;3326
18304;1121;891;1629;3346;3326
18344;1120;891;1629;3354;3327
18374;1119;891;1629;3350;3317
18414;1118;891;1629;3364;3279
18454;1118;891;1629;3369;3215
18494;1118;891;1629;3372;3127
18524;1118;891;1629;3377;3088
18564;1119;891;1629;3397;3001
18604;1119;891;1629;3437;2914
18644;1119;891;1629;3450;2864
18674;1120;891;1629;3464;2835
18714;1121;891;1628;3483;2804
18754;1120;891;1628;3500;2786
18794;1120;891;1628;3509;2769
18824;1119;891;1628;3507;2772
18864;1119;891;1628;3527;2755
18904;1122;891;1628;3541;2740
18944;1127;891;1628;3565;2723
18974;1135;891;1628;3598;2710
19014;1141;891;1629;3614;2696
19054;1148;891;1628;3642;2686
19094;1157;890;1628;3662;2668
19124;1162;891;1628;3675;2658
19164;1171;891;1628;3690;2646
19204;1178;891;1628;3702;2642
19244;1186;891;1628;3719;2638
19274;1192;891;1628;3722;2632
19314;1198;891;1628;3736;2630
19354;1208;891;1628;3742;2621
19394;1219;891;1628;3749;2613
19424;1226;891;1629;3761;2609
19464;1231;891;1628;3763;2619
19504;1233;891;1628;3768;2615
19544;1234;891;1628;3733;2634
19574;1235;891;1628;3715;2666
19614;1235;891;1629;3681;2703
19654;1236;890;1629;3646;2735
19694;1236;890;1629;3613;2761
19724;1236;890;1629;3563;2795
19764;1236;890;1629;3541;2827
19804;1236;890;1629;3484;2859
19844;1236;890;1629;3459;2887
19874;1236;890;1629;3448;2904
19914;1236;890;1629;3428;2925
19954;1236;890;1629;3410;2954
19994;1235;890;1629;3388;2990
20024;1233;890;1629;3411;2977
20064;1229;890;1629;3384;3007
20104;1218;890;1629;3380;3033
20144;1210;890;1629;3378;3058
20174;1203;891;1629;3363;3078
20214;1196;891;1629;3360;3104
20254;1188;891;1629;3351;3131
20294;1180;891;1629;3354;3154
20324;1174;891;1629;3347;3165
20364;1169;891;1629;3350;3185
20404;1159;891;1630;3338;3215
20444;1152;891;1630;3345;3230
20474;1147;890;1629;3339;3249
20514;1143;890;1629;3333;3272
20554;1134;890;1629;3312;3287
20594;1130;890;1629;3310;3296
20624;1128;890;1630;3314;3294
20664;1127;890;1630;3322;3293
20704;1127;890;1630;3336;3263
20744;1127;890;1631;3360;3220
20774;1127;890;1630;3367;3173
20814;1127;890;1629;3378;3123
20854;1126;890;1629;3384;3024
20894;1126;890;1629;3412;2927
20924;1127;890;1629;3427;2875
20964;1127;890;1629;3454;2842
21004;1127;890;1630;3475;2809
21044;1127;890;1630;3484;2787
21074;1127;890;1629;3502;2775
21114;1127;890;1629;3513;2762
21154;1127;890;1629;3523;2740
21194;1128;890;1629;3537;2719
21224;1136;890;1629;3553;2708
21264;1141;890;1630;3590;2692
21304;1146;890;1630;3619;2676
21344;1155;890;1630;3654;2658
21374;1162;890;1630;3671;2647
21414;1169;890;1630;3687;2638
21454;1176;890;1630;3706;2629
21494;1183;890;1630;3721;2617
21524;1190;890;1630;3728;2606
21564;1197;890;1630;3734;2592
21604;1202;890;1630;3741;2597
21644;1212;890;1630;3751;2586
21674;1218;890;1629;3753;2579
21714;1223;890;1629;3740;2582
21754;1226;890;1629;3711;2609
21794;1227;891;1629;3691;2641
21824;1228;891;1630;3673;2659
21865;1229;892;1631;3642;2687
21905;1230;892;1632;3595;2750
21945;1230;892;1632;3552;2797
21955;1230;892;1632;3546;2807