
32381;990;830;915;1985;1478
32501;1486;1245;1373;1977;1478
32531;1734;1452;1602;1978;1476
32571;1858;1556;1716;1986;1478
32611;1920;1608;1773;1992;1477
32651;1950;1634;1802;1988;1485
32681;1964;1647;1816;1981;1491
32721;1967;1653;1823;1981;1504
32761;1969;1656;1827;1982;1516
32801;1969;1658;1828;1979;1519
32831;1965;1658;1829;1967;1528
32871;1952;1648;1830;1967;1521
32911;1948;1645;1830;1942;1530
32951;1941;1640;1831;1912;1530
32981;1938;1632;1831;1902;1529
33021;1930;1628;1830;1892;1528
33061;1920;1623;1830;1866;1534
33101;1912;1616;1830;1851;1539
33141;1903;1613;1830;1845;1542
33171;1895;1610;1830;1834;1542
33211;1882;1603;1830;1846;1539
33251;1873;1594;1830;1851;1540
33291;1858;1589;1830;1841;1541
33321;1853;1584;1830;1852;1544
33361;1846;1576;1830;1839;1548
33401;1835;1545;1830;1834;1553
33441;1831;1547;1830;1833;1559
33471;1819;1542;1830;1840;1564
33511;1813;1538;1830;1841;1564
33551;1799;1535;1830;1849;1561
33591;1789;1530;1830;1834;1566
33621;1785;1526;1830;1837;1569
33661;1781;1524;1830;1851;1571
33701;1763;1522;1830;1843;1581
33741;1749;1518;1830;1845;1576
33771;1746;1509;1830;1850;1578
33811;1734;1498;1830;1852;1583
33851;1726;1495;1830;1847;1578
33891;1688;1496;1830;1832;1598
33921;1664;1492;1830;1824;1587
33961;1616;1488;1829;1804;1597
34001;1574;1484;1828;1799;1595
34041;1558;1477;1826;1816;1601
34071;1545;1470;1824;1808;1603
34111;1527;1463;1823;1799;1599
34151;1521;1456;1823;1802;1616
34191;1511;1448;1822;1780;1617
34221;1501;1441;1821;1785;1620
34261;1490;1435;1819;1771;1628
34301;1483;1434;1818;1776;1631
34341;1465;1429;1814;1756;1637
34371;1461;1416;1812;1753;1636
34411;1459;1415;1810;1759;1646
34451;1436;1415;1806;1759;1658
34471;1431;1413;1803;1757;1655
34491;1427;1411;1801;1768;1661
34521;1420;1403;1798;1762;1681
34561;1413;1392;1796;1771;1691
34601;1402;1389;1794;1767;1702
34641;1389;1380;1792;1745;1703
34671;1385;1376;1791;1780;1741
34711;1372;1372;1792;1784;1771
34751;1354;1364;1793;1785;1781
34791;1350;1336;1793;1774;1785
34821;1344;1340;1790;1780;1793
34861;1336;1332;1787;1801;1810
34901;1326;1335;1785;1813;1817
34941;1317;1330;1783;1826;1815
34971;1312;1323;1781;1825;1821
35011;1306;1318;1780;1805;1835
35051;1297;1310;1778;1812;1838
35091;1285;1300;1775;1798;1848
35121;1278;1291;1773;1780;1848
35161;1269;1280;1772;1771;1865
35201;1261;1276;1771;1772;1893
35241;1251;1268;1769;1857;1987
35271;1245;1263;1767;1912;2041
35311;1237;1258;1765;1939;2097
35351;1223;1251;1764;1930;2107
35391;1214;1247;1763;1957;2186
35421;1210;1244;1761;1970;2209
35461;1206;1236;1760;1969;2247
35501;1195;1142;1758;1943;2312
35541;1187;1168;1757;1941;2345
35571;1182;1189;1756;1928;2350
35611;1173;1197;1755;1919;2339
35651;1163;1195;1753;1921;2358
35691;1154;1190;1751;1926;2398
35721;1146;1188;1748;1911;2448
35761;1141;1184;1744;1912;2493
35841;1129;1174;1741;2016;2691
35881;1121;1166;1739;2032;2737
35921;1114;1160;1736;2057;2774
35961;1107;1148;1735;2082;2812
35991;1099;1137;1735;2083;2831
36031;1091;1137;1735;2081;2852
36071;1084;1135;1735;2082;2863
36111;1078;1131;1734;2074;2881
36201;1065;1121;1733;2033;2940
36261;1053;1117;1728;2049;2984
36291;1044;1109;1725;2081;3038
36321;1040;1102;1723;2086;3068
36371;1035;1093;1721;2087;3109
36411;1031;1091;1720;2117;3165
36471;1029;1090;1720;2117;3153
36511;1028;1090;1720;2118;3125
36551;1027;1090;1720;2120;3112
36591;1026;1089;1720;2122;3111
36621;1024;1089;1720;2114;3043
36661;1023;1089;1720;2112;2966
36701;1023;1089;1720;2116;2818
36741;1023;1088;1720;2130;2698
36781;1022;1088;1720;2137;2641
36821;1022;1089;1720;2147;2550
36861;1022;1089;1720;2143;2406
36891;1022;1090;1720;2137;2297
36931;1023;1090;1720;2143;2198
36971;1024;1090;1720;2140;2133
37011;1023;1090;1720;2175;2068
37041;1023;1090;1720;2181;2063
37081;1025;1090;1720;2190;2018
37121;1027;1090;1720;2207;1991
37161;1028;1091;1720;2197;1973
37191;1028;1091;1720;2202;1967
37231;1029;1091;1720;2189;1966
37271;1030;1091;1720;2103;1855
37311;1030;1091;1720;2118;1862
37341;1030;1091;1720;2070;1851
37381;1030;1091;1720;2010;1958
37421;1030;1091;1720;2006;2073
37461;1030;1091;1720;2015;2135
37491;1030;1091;1720;2004;2218
37531;1030;1091;1720;1975;2285
37571;1031;1091;1721;1965;2372
37581;1031;1091;1720;1964;2399
37611;1031;1091;1720;1971;2462
37641;1031;1091;1720;1986;2554
37681;1031;1091;1720;2013;2692
37721;1031;1091;1720;2026;2774
37761;1030;1090;1720;2072;2855
37791;1029;1090;1720;2070;2929
37831;1026;1089;1720;2069;2978
37871;1021;1088;1720;2098;3046
37911;1016;1088;1720;2131;3118
37941;1011;1085;1719;2149;3184
37981;1006;1079;1719;2161;3209
38021;1003;1075;1717;2204;3269
38061;1002;1073;1715;2214;3266
38091;1001;1073;1715;2214;3260
38131;1001;1073;1715;2217;3258
38171;1000;1073;1715;2225;3255
38211;999;1073;1715;2233;3246
38241;999;1073;1714;2232;3234
38281;997;1073;1714;2202;3135
38321;995;1073;1714;2207;3008
38361;994;1073;1714;2222;2851
38391;994;1073;1714;2223;2768
38431;994;1072;1714;2232;2666
38471;994;1072;1714;2248;2594
38511;996;1071;1714;2257;2500
38541;997;1071;1714;2256;2386
38581;998;1072;1715;2196;2174
38621;999;1072;1715;2163;2068
38661;999;1072;1715;2181;2026
38691;1000;1073;1715;2179;1984
38731;1000;1073;1715;2188;1976
38771;1002;1073;1715;2178;1963
38811;1004;1073;1715;2172;1965
38841;1005;1073;1715;2109;1879
38881;1005;1074;1715;2105;1878
38921;1005;1074;1714;2096;1920
38961;1006;1074;1715;2037;1999
38991;1006;1074;1715;2024;2090
39031;1006;1074;1715;2004;2208
39071;1006;1074;1715;1995;2301
39111;1006;1074;1715;1995;2391
39141;1006;1074;1715;1994;2469
39181;1006;1074;1715;1984;2579
39221;1006;1074;1715;1978;2651
39261;1005;1074;1715;1983;2749
39291;1005;1074;1715;1976;2807
39331;1003;1073;1716;2002;2903
39371;1002;1071;1716;2021;3008
39411;1000;1065;1715;2105;3133
39441;995;1061;1713;2165;3238
39481;990;1053;1713;2212;3334
39521;987;1051;1712;2237;3378
39561;985;1049;1712;2232;3355
39591;985;1050;1712;2230;3345
39631;984;1050;1712;2237;3340
39681;984;1050;1712;2239;3335
39721;984;1050;1712;2244;3332
39771;984;1051;1712;2214;3248
39811;984;1051;1712;2212;3222
39831;983;1051;1712;2207;3211
39851;983;1051;1712;2210;3208
39891;983;1053;1712;2207;3052
39931;983;1054;1712;2196;2807
39971;983;1054;1712;2209;2650
40011;984;1055;1712;2237;2551
40041;984;1055;1712;2243;2453
40081;985;1056;1712;2167;2254
40121;985;1057;1712;2115;2089
40161;985;1057;1712;2142;2038
40191;985;1057;1712;2156;2011
40231;987;1057;1712;2171;1959
40271;993;1057;1712;2175;1948
40311;996;1057;1712;2185;1942
40341;998;1057;1712;2190;1941
40381;999;1057;1712;2175;1942
40421;1000;1057;1712;2113;1869
40461;1000;1057;1712;2115;1871
40491;1000;1058;1712;2097;1918
40531;1000;1058;1712;2044;2041
40571;1000;1058;1713;2045;2172
40611;1001;1058;1713;2047;2266
40641;1001;1058;1713;2078;2346
40681;1001;1058;1713;2077;2450
40721;1001;1058;1713;2071;2578
40761;1001;1058;1713;2058;2650
40791;1001;1058;1713;2057;2727
40831;1001;1058;1713;2109;2887
40871;1000;1058;1713;2156;3024
40911;994;1058;1713;2241;3187
40941;989;1055;1713;2312;3345
40981;985;1053;1712;2371;3461
41021;983;1044;1710;2414;3543
41061;979;1036;1707;2441;3574
41091;977;1038;1706;2440;3571
41131;976;1039;1706;2446;3548
41171;976;1039;1706;2436;3523
41211;976;1039;1705;2433;3513
41241;975;1038;1705;2432;3508
41281;975;1038;1705;2428;3497
41321;974;1039;1705;2280;3316
41361;973;1039;1705;2267;3284
41391;973;1040;1705;2265;3283
41431;973;1041;1705;2271;3163
41471;973;1041;1705;2290;2893
41511;974;1039;1705;2245;2626
41541;974;1036;1705;2258;2549
41581;976;1039;1705;2274;2428
41621;978;1037;1706;2206;2233
41661;979;1037;1706;2225;2170
41691;979;1038;1706;2239;2105
41731;979;1039;1706;2254;2067
41771;981;1040;1706;2267;2034
41811;982;1041;1706;2267;2010
41841;983;1041;1706;2272;2011
41881;984;1041;1706;2271;2018
41921;984;1041;1706;2259;2012
41961;985;1041;1706;2209;1937
41991;985;1042;1706;2205;1977
42031;985;1042;1706;2155;2078
42071;985;1042;1706;2125;2204
42111;985;1042;1706;2123;2330
42141;985;1041;1706;2129;2389
42181;985;1041;1706;2132;2474
42221;985;1041;1706;2120;2564
42261;985;1041;1706;2106;2649
42291;985;1041;1706;2103;2716
42331;985;1041;1706;2147;2864
42371;985;1041;1706;2215;3046
42411;985;1042;1706;2270;3183
42441;984;1042;1706;2317;3298
42471;982;1042;1706;2375;3432
42511;979;1043;1706;2420;3508
42551;977;1042;1706;2448;3572
42591;976;1045;1706;2453;3587
42631;976;1045;1706;2436;3552
42671;975;1047;1706;2442;3545
42711;975;1047;1706;2442;3543
42741;974;1047;1705;2444;3539
42781;974;1047;1705;2448;3532
42821;973;1047;1705;2443;3527
42861;973;1048;1705;2352;3402
42891;973;1047;1705;2337;3392
42931;973;1047;1705;2339;3382
42971;973;1046;1705;2338;3337
43011;973;1047;1705;2376;3145
43041;972;1045;1705;2384;2963
43081;972;1045;1705;2344;2686
43121;972;1047;1705;2354;2569
43161;974;1048;1705;2312;2412
43191;976;1049;1706;2317;2365
43231;977;1050;1706;2270;2188
43271;978;1051;1706;2291;2114
43311;978;1051;1706;2312;2093
43341;980;1051;1706;2316;2062
43381;982;1051;1706;2314;2054
43421;983;1051;1706;2313;2055
43461;984;1051;1706;2307;2072
43491;984;1052;1706;2311;2075
43531;984;1052;1706;2311;2075
43571;984;1052;1706;2289;2119
43611;985;1052;1706;2266;2236
43641;985;1052;1706;2231;2329
43681;985;1052;1706;2199;2430
43721;985;1052;1706;2206;2503
43761;985;1052;1706;2201;2598
43791;985;1052;1706;2191;2677
43831;985;1052;1706;2190;2754
43871;985;1052;1706;2196;2852
43911;985;1052;1706;2209;2949
43941;985;1051;1706;2255;3085
43981;984;1051;1706;2303;3232
44021;982;1051;1706;2395;3402
44061;980;1050;1706;2456;3528
44091;978;1050;1706;2471;3569
44131;977;1049;1706;2483;3616
44171;975;1050;1706;2481;3613
44211;975;1051;1706;2454;3565
44241;973;1051;1706;2455;3561
44281;973;1050;1705;2454;3556
44321;973;1050;1705;2456;3548
44361;973;1050;1705;2455;3546
44391;973;1050;1705;2454;3543
44431;972;1050;1705;2319;3395
44471;971;1049;1705;2294;3345
44511;971;1049;1706;2295;3341
44541;971;1049;1706;2306;3291
44581;971;1049;1705;2349;3098
44621;971;1049;1705;2380;2891
44661;971;1049;1705;2410;2754
44691;972;1049;1706;2429;2692
44731;972;1050;1706;2390;2468
44771;972;1050;1706;2387;2384
44811;972;1051;1706;2404;2320
44841;973;1052;1706;2428;2257
44881;974;1052;1706;2358;2113
44921;976;1052;1706;2373;2086
44961;979;1052;1706;2377;2076
44991;982;1053;1706;2373;2073
45031;983;1053;1706;2368;2078
45071;984;1053;1706;2359;2085
45111;984;1053;1706;2290;2002
45141;984;1053;1706;2286;2030
45181;984;1053;1706;2260;2133
45221;984;1053;1706;2223;2265
45261;984;1053;1706;2197;2377
45391;984;1054;1706;2192;2725
45441;984;1053;1706;2187;2854
45481;984;1053;1706;2247;3053
45521;983;1053;1706;2318;3238
45561;980;1053;1706;2393;3386
45591;978;1052;1706;2430;3488
45631;975;1051;1706;2470;3584
45671;974;1043;1706;2481;3622
45711;974;1040;1706;2486;3635
45741;973;1039;1706;2484;3610
45781;972;1040;1706;2489;3612
45821;971;1040;1706;2494;3599
45861;971;1040;1705;2493;3598
45891;970;1042;1706;2488;3596
45931;968;1042;1706;2394;3457
45971;966;1042;1706;2361;3414
46011;966;1042;1706;2352;3407
46041;965;1041;1706;2352;3363
46081;965;1041;1706;2388;3178
46121;965;1042;1706;2424;2972
46161;966;1043;1706;2379;2702
46191;968;1044;1706;2390;2625
46221;968;1044;1706;2378;2484
46261;969;1045;1706;2366;2372
46301;970;1046;1706;2327;2226
46311;971;1047;1706;2327;2211
46341;971;1047;1706;2343;2170
46381;971;1048;1706;2360;2130
46451;974;1048;1706;2377;2088
46491;976;1047;1706;2381;2087
46531;977;1046;1706;2372;2102
46571;978;1046;1706;2381;2107
46611;979;1046;1706;2375;2104
46641;979;1045;1706;2357;2142
46681;979;1045;1706;2364;2210
46741;979;1045;1706;2317;2424
46781;979;1045;1706;2298;2521
46831;979;1046;1706;2286;2610
46871;978;1046;1706;2254;2711
46911;978;1046;1706;2242;2814
46941;978;1046;1706;2249;2914
46981;978;1047;1706;2272;3025
47021;978;1047;1706;2330;3167
47061;978;1046;1706;2394;3305
47091;977;1045;1706;2387;3363
47131;975;1044;1706;2408;3462
47171;973;1043;1706;2423;3533
47211;972;1043;1706;2433;3565
47241;971;1042;1706;2434;3569
47281;970;1042;1706;2434;3554
47321;970;1043;1705;2435;3546
47361;969;1042;1705;2439;3533
47391;969;1042;1705;2437;3531
47431;969;1042;1705;2438;3528
47471;969;1043;1705;2438;3523
47511;967;1044;1705;2377;3409
47541;966;1044;1705;2354;3382
47581;965;1044;1705;2353;3370
47621;964;1044;1705;2352;3307
47651;963;1045;1705;2361;3133
47691;964;1045;1705;2422;2961
47731;964;1045;1705;2434;2784
47771;964;1046;1705;2456;2672
47811;966;1046;1705;2491;2553
47841;967;1046;1705;2494;2443
47881;968;1047;1705;2457;2328
47921;968;1047;1705;2466;2273
47961;969;1047;1705;2470;2220
47991;971;1046;1705;2380;2106
48031;973;1046;1705;2379;2079
48071;975;1046;1706;2383;2089
48111;976;1046;1706;2372;2091
48141;977;1045;1706;2359;2097
48181;977;1045;1706;2347;2146
48221;977;1045;1706;2317;2255
48261;977;1045;1705;2291;2393
48291;977;1045;1705;2281;2460
48331;977;1046;1705;2249;2536
48371;977;1047;1705;2234;2610
48411;977;1047;1705;2226;2707
48441;976;1047;1705;2223;2802
48481;976;1047;1705;2225;2921
48521;977;1047;1705;2237;3023
48561;976;1045;1705;2306;3163
48591;976;1045;1705;2310;3218
48631;974;1044;1705;2316;3308
48671;973;1045;1705;2327;3387
48711;971;1046;1705;2369;3500
48741;970;1044;1705;2371;3506
48771;969;1043;1705;2360;3509
48811;968;1043;1704;2362;3491
48851;967;1044;1704;2369;3482
48891;967;1044;1704;2368;3468
48931;967;1044;1704;2367;3460
48971;967;1044;1704;2366;3458
49011;967;1044;1704;2369;3455
49041;966;1045;1703;2373;3458
49081;965;1045;1703;2352;3411
49121;962;1045;1703;2300;3322
49161;961;1045;1703;2297;3319
49191;960;1044;1703;2293;3284
49231;960;1045;1703;2304;3056
49271;960;1045;1703;2366;2865
49311;960;1045;1703;2381;2702
49341;961;1045;1703;2388;2608
49381;962;1045;1703;2351;2406
49421;963;1045;1703;2375;2350
49461;964;1045;1703;2394;2264
49491;964;1045;1703;2410;2233
49531;965;1045;1703;2423;2194
49571;968;1045;1703;2423;2165
49611;970;1045;1703;2425;2153
49641;970;1045;1703;2425;2153
49681;971;1045;1703;2424;2156
49721;971;1046;1703;2420;2156
49761;971;1046;1703;2442;2135
49791;972;1046;1703;2333;2146
49831;972;1046;1704;2303;2257
49871;972;1047;1704;2286;2386
49911;972;1047;1704;2279;2464
49941;972;1047;1704;2257;2517
49981;972;1047;1704;2245;2584
50021;972;1047;1704;2258;2716
50061;972;1047;1704;2263;2856
50091;972;1047;1704;2285;2941
50131;972;1047;1704;2333;3075
50171;972;1046;1704;2361;3187
50211;972;1045;1704;2375;3298
50221;971;1045;1703;2374;3312
50301;969;1045;1703;2388;3437
50351;966;1045;1703;2389;3482
50391;964;1045;1702;2382;3486
50431;962;1045;1702;2376;3471
50471;961;1045;1702;2374;3462
50511;961;1044;1702;2376;3464
50541;961;1044;1702;2375;3461
50581;961;1044;1702;2374;3454
50621;961;1044;1702;2375;3451
50661;961;1044;1702;2376;3448
50691;960;1044;1702;2356;3387
50731;958;1044;1702;2327;3348
50771;956;1044;1702;2332;3335
50811;955;1044;1702;2346;3311
50841;955;1044;1701;2358;3147
50881;955;1044;1701;2384;2927
50921;955;1044;1701;2410;2761
50961;959;1044;1701;2419;2649
50991;960;1045;1702;2439;2553
51031;961;1046;1702;2453;2461
51071;962;1047;1702;2465;2385
51111;962;1048;1702;2488;2327
51141;962;1048;1702;2499;2289
51181;962;1048;1702;2506;2267
51221;965;1048;1702;2507;2251
51261;966;1048;1701;2501;2248
51351;968;1049;1701;2482;2260
51411;969;1049;1701;2372;2175
51441;969;1049;1701;2344;2259
51481;969;1049;1701;2333;2394
51521;969;1048;1701;2327;2496
51561;969;1048;1701;2284;2566
51591;969;1048;1701;2264;2601
51631;969;1048;1701;2281;2751
51671;969;1048;1702;2294;2887
51711;969;1048;1702;2293;2958
51741;968;1048;1702;2291;3015
51781;968;1048;1702;2297;3102
51821;967;1047;1702;2340;3228
51861;966;1047;1702;2356;3333
51891;965;1046;1702;2362;3377
51931;964;1045;1702;2363;3418
52001;962;1044;1702;2366;3455
52041;960;1044;1702;2363;3445
52081;959;1044;1702;2363;3443
52121;958;1044;1702;2364;3438
52161;958;1044;1701;2359;3434
52191;958;1044;1701;2361;3434
52231;958;1044;1701;2358;3431
52261;958;1044;1701;2359;3430
52301;958;1044;1701;2363;3425
52341;953;1044;1701;2314;3330
52371;951;1044;1701;2315;3326
52411;949;1045;1701;2317;3316
52451;948;1045;1701;2337;3286
52491;947;1045;1701;2360;3079
52531;947;1045;1701;2400;2857
52571;949;1045;1701;2428;2722
52611;953;1046;1701;2450;2604
52641;957;1046;1701;2469;2515
52681;959;1046;1701;2495;2431
52721;961;1046;1701;2509;2368
52761;962;1047;1701;2522;2321
52791;962;1047;1701;2528;2288
52831;962;1047;1701;2540;2264
52871;963;1047;1701;2539;2252
52911;964;1047;1701;2530;2244
52941;965;1046;1701;2521;2250
52981;965;1046;1701;2514;2254
53021;965;1046;1701;2508;2286
53061;965;1046;1701;2466;2404
53091;966;1046;1701;2468;2495
53131;966;1046;1701;2437;2594
53171;966;1046;1701;2405;2661
53211;965;1046;1701;2403;2760
53241;965;1046;1701;2389;2850
53271;965;1046;1701;2386;2931
53281;964;1046;1701;2385;2956
53321;964;1046;1701;2370;3027
53361;963;1047;1701;2365;3098
53391;963;1047;1701;2373;3158
53431;964;1047;1701;2380;3240
53471;964;1046;1701;2376;3304
53511;962;1046;1702;2372;3346
53541;960;1046;1702;2372;3376
53581;959;1046;1701;2360;3408
53621;957;1046;1701;2360;3436
53661;954;1046;1701;2351;3448
53691;951;1046;1700;2345;3415
53731;949;1046;1700;2349;3416
53771;948;1046;1700;2351;3411
53811;948;1046;1700;2353;3415
53841;947;1046;1700;2353;3412
53881;947;1046;1700;2354;3413
53921;947;1046;1700;2354;3411
53961;945;1046;1700;2313;3346
53991;944;1046;1700;2314;3336
54031;944;1046;1700;2326;3321
54071;944;1047;1700;2335;3303
54111;944;1047;1700;2344;3208
54141;943;1046;1700;2360;3061
54181;943;1046;1700;2398;2834
54211;944;1047;1700;2413;2744
54251;946;1048;1700;2431;2644
54291;949;1049;1700;2458;2522
54331;955;1049;1700;2476;2432
54371;958;1049;1700;2494;2374
54411;960;1049;1700;2517;2327
54441;961;1049;1700;2519;2287
54481;961;1049;1700;2521;2273
54521;960;1048;1700;2519;2262
54561;961;1048;1700;2505;2262
54591;962;1048;1700;2505;2279
54631;963;1048;1700;2499;2283
54671;963;1048;1700;2499;2287
54711;963;1049;1700;2490;2349
54741;963;1049;1700;2482;2417
54781;963;1049;1700;2424;2539
54821;963;1049;1700;2412;2631
54861;963;1049;1700;2400;2730
54891;962;1049;1700;2381;2778
54931;962;1049;1700;2363;2880
54971;962;1049;1701;2343;2956
55011;961;1049;1701;2315;3021
55031;961;1049;1701;2300;3049
55071;961;1049;1701;2287;3108
55111;958;1049;1701;2301;3193
55151;957;1049;1701;2306;3260
55191;957;1048;1701;2300;3319
55231;956;1047;1701;2290;3343
55271;952;1047;1701;2269;3363
55311;948;1047;1701;2270;3366
55341;947;1047;1700;2269;3360
55381;946;1047;1700;2274;3361
55421;945;1048;1700;2267;3362
55461;945;1049;1700;2266;3357
55491;945;1049;1700;2267;3354
55531;945;1049;1700;2268;3357
55571;945;1049;1700;2270;3357
55611;945;1049;1700;2244;3301
55641;944;1049;1700;2244;3291
55681;943;1049;1700;2247;3262
55721;942;1049;1700;2247;3235
55761;942;1049;1700;2251;3143
55791;943;1049;1700;2261;2973
55831;942;1049;1700;2274;2768
55871;944;1049;1700;2314;2665
55911;946;1049;1700;2334;2545
55941;947;1049;1700;2349;2476
55981;952;1049;1700;2386;2382
56021;956;1050;1699;2415;2317
56061;962;1050;1699;2452;2256
56091;966;1050;1700;2458;2219
56131;971;1050;1700;2465;2184
56171;975;1050;1700;2474;2170
56211;978;1051;1700;2477;2165
56241;979;1051;1700;2469;2167
56281;980;1050;1700;2361;2035
56321;981;1050;1700;2383;2059
56361;981;1050;1700;2380;2100
56391;982;1050;1700;2353;2164
56431;982;1050;1700;2320;2284
56471;982;1050;1700;2290;2396
56511;981;1050;1700;2279;2466
56541;981;1050;1700;2257;2529
56581;980;1050;1700;2237;2612
56621;978;1050;1700;2231;2736
56661;976;1050;1700;2229;2820
56691;974;1050;1700;2222;2884
56731;973;1050;1700;2224;2946
56771;971;1050;1700;2226;3023
56811;969;1050;1700;2228;3096
56841;966;1050;1700;2225;3142
56881;963;1050;1700;2208;3174
56921;959;1050;1700;2204;3208
56961;954;1049;1700;2198;3237
56991;950;1049;1700;2203;3253
57031;948;1048;1700;2207;3276
57071;947;1048;1699;2211;3277
57111;946;1048;1698;2219;3279
57141;945;1048;1697;2227;3280
57181;945;1048;1697;2232;3277
57221;945;1048;1697;2239;3282
57261;945;1048;1697;2237;3285
57291;946;1049;1697;2236;3283
57331;946;1049;1697;2233;3281
57371;943;1049;1697;2221;3198
57411;941;1049;1697;2222;3160
57441;940;1049;1697;2225;3132
57481;940;1049;1697;2229;3117
57521;940;1049;1697;2240;2918
57561;939;1049;1696;2279;2729
57591;940;1050;1697;2312;2623
57631;942;1050;1697;2325;2523
57671;944;1050;1697;2341;2414
57711;948;1050;1697;2377;2330
57741;954;1050;1697;2397;2261
57781;958;1050;1697;2403;2214
57821;962;1050;1697;2430;2177
57861;966;1050;1697;2444;2158
57891;968;1050;1697;2452;2152
57931;970;1050;1697;2457;2153
57971;971;1050;1697;2453;2155
58011;972;1050;1698;2446;2156
58041;972;1050;1697;2447;2158
58081;972;1050;1697;2420;2180
58121;972;1050;1697;2357;2273
58161;972;1050;1697;2338;2399
58191;972;1050;1697;2325;2480
58231;972;1050;1697;2312;2567
58271;972;1050;1697;2289;2649
58311;972;1050;1697;2271;2748
58341;972;1050;1697;2257;2821
58381;971;1050;1697;2248;2902
58421;969;1050;1697;2241;2966
58461;967;1050;1697;2236;3024
58491;965;1050;1697;2219;3056
58531;962;1050;1698;2232;3141
58571;958;1050;1698;2239;3204
58611;953;1050;1697;2230;3244
58641;949;1050;1697;2225;3274
58681;947;1049;1697;2224;3294
58721;944;1048;1696;2214;3300
58761;942;1048;1695;2210;3289
58791;941;1048;1695;2212;3282
58831;941;1049;1696;2217;3282
58871;940;1049;1696;2223;3284
58911;940;1049;1696;2226;3291
58941;940;1049;1696;2229;3289
58981;940;1049;1696;2228;3291
59021;940;1049;1696;2228;3269
59061;939;1049;1696;2224;3215
59091;939;1049;1696;2234;3179
59131;939;1049;1696;2240;3129
59171;939;1049;1696;2248;3085
59211;939;1049;1696;2254;2954
59241;939;1049;1696;2296;2806
59281;938;1049;1696;2338;2639
59321;940;1049;1695;2339;2535
59361;942;1049;1696;2345;2431
59391;943;1050;1696;2363;2357
59431;949;1050;1696;2405;2284
59471;955;1050;1696;2424;2225
59511;959;1050;1696;2432;2199
59541;963;1050;1696;2444;2178
59581;966;1050;1696;2444;2169
59621;968;1050;1696;2445;2166
59661;969;1050;1696;2443;2169
59691;970;1050;1696;2436;2169
59731;970;1050;1696;2434;2170
59771;971;1050;1696;2424;2183
59811;971;1050;1696;2374;2275
59841;971;1050;1696;2342;2342
59881;971;1050;1696;2339;2458
59921;971;1050;1696;2309;2562
59961;971;1050;1696;2283;2618
59991;970;1050;1696;2264;2676
60031;969;1050;1697;2254;2789
60061;968;1050;1697;2249;2888
60101;966;1050;1697;2240;2949
60141;963;1050;1697;2234;3041
60181;960;1050;1697;2246;3130
60221;954;1050;1697;2255;3192
60261;949;1050;1697;2250;3256
60291;945;1049;1697;2239;3282
60331;942;1042;1696;2238;3301
60371;940;1039;1696;2214;3310
60411;939;1038;1696;2205;3285
60441;939;1038;1696;2202;3280
60481;939;1038;1696;2202;3280
60521;938;1038;1695;2200;3278
60561;938;1038;1695;2196;3276
60591;938;1038;1695;2193;3271
60631;938;1038;1695;2168;3229
60671;936;1038;1695;2167;3180
60711;935;1038;1695;2178;3128
60741;935;1038;1695;2190;3094
60781;935;1038;1695;2201;3047
60821;935;1038;1695;2205;2977
60861;936;1038;1695;2231;2788
60891;937;1038;1695;2245;2680
60931;936;1038;1695;2256;2543
60971;938;1039;1695;2285;2441
61011;940;1039;1695;2294;2325
61041;941;1039;1695;2313;2287
61081;945;1039;1695;2338;2226
61121;953;1039;1695;2375;2186
61161;957;1039;1695;2391;2144
61191;961;1039;1695;2399;2138
61231;964;1039;1695;2413;2127
61271;966;1039;1695;2412;2127
61311;967;1039;1695;2413;2142
61341;967;1039;1695;2418;2147
61381;967;1039;1695;2412;2149
61421;968;1039;1695;2415;2174
61461;968;1039;1695;2389;2268
61491;968;1039;1695;2359;2362
61531;968;1039;1695;2330;2473
61571;968;1039;1695;2302;2556
61611;967;1039;1695;2261;2607
61641;966;1039;1695;2245;2669
61671;965;1039;1695;2231;2736
61711;964;1039;1696;2216;2828
61751;962;1039;1696;2202;2915
61791;958;1039;1695;2190;2976
61831;953;1039;1695;2189;3059
61871;949;1038;1695;2186;3140
61911;944;1038;1695;2193;3194
61941;942;1038;1695;2199;3247
61981;940;1038;1695;2179;3270
62021;938;1038;1694;2183;3281
62061;938;1038;1694;2184;3265
62091;938;1039;1694;2183;3260
62131;938;1039;1694;2184;3248
62171;938;1039;1695;2191;3247
62211;938;1039;1695;2194;3242
62241;938;1039;1694;2195;3242
62281;936;1039;1694;2178;3191
62321;935;1039;1694;2192;3134
62361;934;1039;1694;2213;3078
62391;934;1039;1695;2233;3030
62431;934;1039;1695;2246;2978
62471;934;1039;1695;2256;2908
62511;934;1039;1695;2283;2752
62551;936;1039;1695;2324;2632
62581;936;1039;1695;2339;2556
62621;936;1039;1695;2356;2446
62661;939;1039;1695;2364;2365
62691;941;1040;1695;2397;2301
62731;945;1040;1695;2418;2255
62771;951;1040;1695;2442;2215
62811;957;1040;1695;2453;2198
62841;959;1040;1694;2465;2182
62881;960;1040;1694;2471;2180
62921;961;1040;1694;2461;2186
62961;962;1040;1694;2464;2190
62991;963;1040;1694;2463;2193
63031;963;1040;1694;2461;2194
63071;963;1040;1695;2449;2266
63111;963;1040;1695;2420;2368
63141;963;1040;1695;2397;2468
63181;963;1040;1695;2365;2553
63221;963;1040;1694;2323;2613
63261;963;1040;1695;2305;2668
63291;961;1040;1695;2301;2752
63331;959;1040;1695;2276;2863
63361;958;1040;1695;2264;2923
63401;953;1040;1695;2254;2995
63441;949;1040;1695;2258;3085
63481;945;1040;1695;2251;3156
63521;942;1039;1695;2226;3190
63561;940;1039;1694;2205;3230
63591;939;1039;1695;2185;3258
63631;936;1037;1694;2187;3305
63671;935;1033;1693;2182;3287
63711;935;1031;1693;2170;3251
63741;934;1030;1693;2166;3246
63771;934;1030;1693;2170;3234
63811;934;1030;1693;2169;3237
63851;933;1030;1692;2170;3243
63891;933;1029;1692;2171;3247
63931;933;1028;1692;2176;3236
63971;932;1028;1692;2175;3189
64011;932;1028;1692;2188;3121
64041;932;1028;1692;2197;3068
64081;932;1028;1692;2221;3010
64121;932;1028;1692;2242;2954
64161;932;1028;1692;2252;2858
64191;932;1028;1692;2273;2723
64231;932;1029;1692;2310;2609
64271;934;1029;1692;2325;2504
64311;935;1030;1692;2337;2409
64341;936;1030;1692;2353;2350
64381;939;1030;1692;2390;2291
64421;941;1030;1692;2413;2231
64461;947;1030;1692;2423;2204
64531;954;1030;1692;2431;2182
64571;958;1031;1692;2432;2183
64611;960;1031;1692;2433;2188
64641;961;1031;1692;2425;2193
64681;961;1031;1692;2425;2198
64721;962;1031;1692;2427;2199
64761;962;1031;1692;2432;2259
64791;962;1031;1692;2403;2340
64831;963;1031;1692;2373;2451
64871;963;1031;1693;2331;2553
64911;963;1030;1693;2285;2614
64941;963;1030;1693;2286;2670
64981;960;1030;1693;2259;2749
65021;956;1030;1692;2240;2848
65061;950;1030;1692;2232;2939
65101;947;1030;1692;2217;3012
65131;944;1030;1692;2213;3061
65171;942;1030;1692;2205;3120
65211;940;1030;1693;2192;3177
65241;939;1030;1693;2176;3206
65271;936;1030;1693;2176;3240
65311;934;1029;1693;2165;3260
65351;933;1029;1693;2165;3287
65391;932;1028;1692;2166;3270
65431;932;1028;1692;2166;3272
65471;932;1029;1692;2167;3274
65511;932;1029;1692;2171;3267
5;931;1030;1692;2168;3264
35;931;1030;1692;2165;3267
75;930;1030;1692;2132;3182
115;929;1030;1691;2137;3166
155;929;1030;1691;2157;3119
195;929;1030;1691;2190;3057
235;930;1030;1692;2221;2972
275;930;1031;1692;2242;2913
305;930;1031;1692;2264;2871
345;929;1031;1692;2307;2748
385;930;1031;1692;2344;2642
425;932;1031;1692;2350;2530
465;934;1031;1691;2361;2423
495;935;1031;1691;2379;2384
535;938;1031;1692;2398;2305
575;940;1031;1692;2401;2232
605;945;1031;1692;2406;2195
645;950;1031;1692;2410;2177
685;955;1031;1692;2407;2160
725;958;1031;1692;2411;2164
755;960;1031;1692;2416;2168
795;961;1031;1692;2411;2173
835;961;1031;1692;2414;2179
875;962;1031;1692;2406;2191
905;962;1031;1692;2404;2252
945;962;1031;1692;2367;2354
985;962;1031;1692;2351;2470
1025;962;1031;1692;2307;2562
1055;962;1031;1692;2281;2611
1095;962;1031;1692;2265;2682
1135;959;1031;1692;2252;2757
1175;954;1031;1692;2225;2840
1205;948;1031;1692;2213;2875
1245;946;1031;1692;2199;2951
1285;942;1031;1692;2182;3028
1325;940;1031;1692;2169;3057
1355;939;1031;1692;2162;3114
1455;936;1031;1692;2134;3219
1505;934;1031;1692;2145;3273
1545;932;1031;1692;2144;3252
1585;931;1031;1691;2149;3253
1625;930;1031;1691;2150;3251
1665;930;1031;1691;2147;3247
1695;930;1031;1691;2152;3247
1735;930;1031;1691;2160;3247
1775;930;1031;1691;2151;3208
1805;929;1031;1691;2143;3169
1835;928;1031;1691;2152;3138
1875;927;1031;1691;2164;3057
1915;927;1031;1691;2195;2980
1955;927;1032;1691;2227;2907
2055;927;1032;1691;2317;2673
2105;930;1032;1691;2330;2551
2145;933;1032;1691;2345;2429
2185;934;1032;1691;2370;2346
2225;937;1032;1691;2396;2304
2255;940;1032;1691;2412;2260
2295;942;1032;1692;2422;2220
2335;947;1032;1692;2427;2205
2375;951;1032;1692;2432;2202
2405;953;1032;1691;2437;2203
2445;954;1032;1691;2434;2209
2485;956;1032;1691;2423;2204
2525;956;1032;1691;2407;2207
2555;957;1032;1691;2406;2208
2595;957;1032;1691;2418;2253
2635;957;1032;1691;2371;2348
2675;958;1032;1692;2332;2455
2705;957;1032;1692;2302;2540
2745;957;1032;1692;2282;2598
2785;956;1032;1692;2253;2670
2825;952;1032;1692;2240;2724
2855;948;1032;1692;2225;2798
2895;944;1032;1692;2210;2874
2935;941;1032;1692;2189;2929
2975;940;1032;1692;2174;2965
3005;939;1032;1692;2157;3025
3045;937;1031;1692;2141;3067
3085;936;1031;1692;2147;3141
3125;934;1031;1692;2155;3210
3155;932;1031;1692;2151;3234
3195;929;1031;1692;2155;3229
3235;927;1031;1692;2155;3226
3275;926;1031;1691;2161;3217
3305;925;1031;1691;2166;3218
3345;925;1031;1691;2164;3215
3385;925;1031;1691;2156;3223
3425;925;1031;1691;2152;3216
3455;925;1031;1691;2147;3216
3495;925;1032;1691;2136;3190
3535;924;1032;1691;2103;3099
3575;923;1032;1691;2123;3030
3605;923;1032;1691;2149;2980
3645;923;1032;1691;2189;2900
3685;923;1032;1691;2216;2842
3725;923;1031;1691;2249;2767
3765;924;1031;1691;2285;2647
3795;925;1032;1691;2300;2585
3835;928;1032;1691;2308;2482
3875;930;1032;1691;2312;2381
3905;933;1033;1691;2333;2320
3945;935;1033;1691;2359;2282
3985;938;1033;1691;2379;2224
4025;939;1033;1691;2393;2198
4065;942;1033;1691;2405;2187
4095;945;1033;1691;2404;2187
4135;948;1033;1691;2408;2191
4165;949;1033;1691;2404;2196
4205;950;1033;1691;2405;2200
4245;950;1033;1691;2402;2203
4275;951;1033;1691;2406;2199
4315;951;1033;1692;2414;2252
4355;951;1033;1692;2378;2354
4395;951;1033;1692;2330;2452
4435;950;1034;1692;2278;2552
4475;950;1033;1692;2247;2609
4505;950;1033;1692;2237;2649
4545;947;1033;1692;2215;2728
4585;943;1033;1691;2187;2793
4625;941;1033;1691;2167;2836
4665;940;1033;1691;2151;2915
4695;939;1033;1691;2142;2953
4735;936;1033;1691;2126;3000
4775;934;1032;1692;2118;3077
4815;932;1032;1692;2109;3107
4845;929;1032;1692;2112;3186
4885;927;1031;1692;2107;3211
4925;925;1031;1691;2107;3231
4965;924;1032;1691;2109;3219
4995;923;1032;1691;2108;3214
5035;922;1032;1691;2111;3215
5075;922;1032;1691;2109;3214
5105;921;1032;1691;2106;3211
5145;921;1032;1691;2108;3214
5185;921;1032;1691;2086;3143
5225;920;1032;1690;2080;3117
5255;919;1033;1691;2093;3078
5295;919;1033;1691;2114;2995
5335;919;1033;1691;2141;2937
5375;919;1033;1691;2175;2870
5405;919;1033;1691;2188;2815
5435;919;1033;1691;2196;2768
5475;919;1033;1691;2221;2698
5515;923;1033;1691;2237;2608
5555;927;1033;1691;2263;2510
5595;929;1033;1691;2294;2408
5635;931;1033;1691;2313;2316
5675;934;1033;1691;2340;2270
5705;936;1033;1691;2361;2226
5745;939;1033;1691;2370;2197
5785;941;1034;1691;2389;2166
5825;945;1034;1691;2386;2158
5865;948;1034;1691;2380;2152
5895;950;1034;1692;2379;2154
5935;951;1034;1692;2380;2164
5975;951;1034;1692;2374;2165
6005;951;1034;1691;2372;2160
6045;951;1034;1691;2343;2171
6085;951;1034;1691;2341;2260
6125;951;1034;1691;2315;2356
6155;951;1034;1691;2280;2438
6195;951;1034;1691;2248;2514
6235;951;1034;1692;2218;2565
6275;950;1034;1692;2203;2629
6305;947;1034;1691;2191;2670
6335;945;1034;1691;2194;2707
6375;942;1034;1691;2161;2779
6415;940;1034;1691;2149;2835
6455;939;1034;1691;2114;2903
6495;936;1034;1691;2108;2960
6535;935;1034;1691;2098;3030
6575;933;1034;1691;2084;3065
6605;931;1034;1691;2083;3123
6645;928;1033;1691;2082;3152
6715;925;1033;1691;2076;3169
6755;923;1033;1691;2079;3148
6795;922;1033;1691;2080;3152
6835;922;1033;1691;2077;3154
6875;922;1033;1691;2083;3143
6915;921;1033;1691;2080;3149
6945;921;1033;1691;2080;3141
6985;920;1033;1691;2027;3017
7025;919;1033;1691;2039;2984
7055;919;1033;1691;2072;2921
7095;919;1033;1691;2091;2844
7135;919;1033;1691;2129;2783
7175;919;1033;1691;2152;2731
7215;919;1033;1691;2168;2682
7245;919;1032;1691;2191;2610
7285;923;1032;1691;2212;2541
7325;927;1032;1691;2247;2453
7355;929;1033;1691;2256;2376
7385;930;1033;1691;2281;2312
7425;933;1033;1691;2298;2264
7465;936;1033;1691;2316;2208
7505;939;1033;1691;2331;2171
7545;941;1033;1691;2340;2156
7585;943;1033;1691;2354;2148
7625;944;1033;1690;2349;2153
7665;944;1033;1690;2354;2162
7695;944;1033;1691;2355;2163
7735;944;1033;1691;2353;2164
7775;945;1033;1691;2344;2166
7815;945;1033;1691;2348;2243
7845;945;1033;1691;2322;2326
7885;945;1033;1691;2278;2422
7925;945;1033;1691;2238;2495
7955;945;1033;1691;2205;2540
7995;945;1033;1691;2168;2604
8035;944;1033;1691;2155;2658
8075;941;1033;1691;2082;2635
8105;939;1033;1691;2069;2680
8135;939;1033;1691;2040;2738
8175;938;1033;1691;1990;2748
8215;936;1033;1691;1960;2802
8255;934;1033;1692;1945;2884
8295;932;1033;1692;1928;2916
8335;929;1033;1692;1923;2971
8375;926;1033;1692;1918;2990
8415;924;1033;1692;1912;3018
8445;922;1033;1691;1925;3012
8485;920;1033;1691;1925;3003
8525;920;1033;1691;1939;2998
8555;920;1033;1691;1938;2998
8595;920;1033;1691;1941;2990
8635;920;1033;1691;1949;2989
8675;920;1033;1691;1952;2990
8715;920;1033;1691;1926;2915
8745;919;1033;1691;1930;2892
8785;918;1033;1690;1956;2813
8825;918;1033;1690;1974;2735
8855;918;1032;1690;2022;2665
8895;918;1032;1690;2044;2606
8935;918;1032;1690;2079;2553
8975;919;1033;1690;2105;2425
9005;922;1033;1690;2120;2378
9045;926;1033;1690;2143;2287
9085;928;1033;1690;2146;2183
9125;932;1033;1691;2164;2119
9155;934;1033;1691;2189;2072
9195;938;1033;1691;2207;2013
9235;940;1033;1691;2225;1994
9275;943;1033;1691;2240;1982
9315;947;1033;1691;2248;1976
9345;949;1033;1691;2251;1978
9385;950;1033;1691;2252;1987
9425;950;1033;1691;2248;1988
9455;950;1033;1691;2222;2007
9495;951;1033;1691;2238;2049
9535;951;1033;1691;2176;2159
9575;951;1033;1691;2167;2261
9605;951;1033;1691;2155;2318
9645;951;1033;1691;2130;2374
9685;950;1033;1691;2112;2419
9725;947;1033;1691;2102;2467
9755;946;1033;1691;2092;2498
9795;942;1033;1691;2077;2534
9835;941;1033;1691;2039;2577
9875;940;1033;1691;2037;2634
9915;939;1033;1691;2028;2682
9945;937;1033;1691;2020;2721
9985;935;1033;1691;1997;2770
10025;934;1033;1691;1980;2829
10065;932;1033;1691;1964;2863
10095;930;1033;1691;1953;2904
10135;928;1033;1691;1941;2923
10175;924;1033;1691;1938;2962
10215;921;1032;1691;1944;2975
10245;919;1031;1691;1946;2986
10285;919;1031;1690;1931;2967
10315;918;1031;1690;1932;2962
10355;918;1030;1690;1943;2959
10395;918;1030;1690;1952;2961
10435;918;1030;1690;1955;2955
10475;918;1030;1690;1952;2950
10515;918;1030;1690;1940;2949
10545;918;1030;1690;1940;2953
10585;918;1030;1690;1948;2951
10625;917;1030;1690;1930;2908
10655;917;1030;1690;1951;2887
10695;917;1030;1690;1965;2827
10735;917;1030;1690;1998;2743
10775;917;1030;1690;2028;2673
10815;917;1030;1690;2093;2594
10845;917;1030;1690;2099;2563
10885;917;1030;1690;2125;2494
10925;919;1030;1690;2139;2426
10965;922;1030;1690;2171;2324
10995;926;1031;1690;2182;2275
11035;928;1031;1690;2197;2178
11075;931;1031;1690;2209;2114
11105;933;1031;1690;2226;2074
11145;936;1031;1690;2241;2039
11185;938;1031;1690;2252;2012
11225;941;1031;1690;2244;2016
11265;942;1031;1690;2244;2011
11295;943;1031;1690;2236;2030
11335;943;1031;1690;2236;2030
11375;943;1031;1690;2226;2030
11415;943;1031;1690;2227;2028
11445;943;1031;1690;2214;2101
11485;943;1031;1690;2194;2183
11525;943;1031;1690;2167;2304
11555;943;1031;1690;2135;2343
11595;943;1031;1690;2111;2399
11635;943;1031;1690;2093;2452
11675;941;1031;1690;2081;2505
11715;939;1031;1690;2070;2554
11745;939;1031;1690;2050;2610
11785;936;1030;1690;2027;2669
11825;934;1030;1690;2012;2712
11865;932;1030;1690;2003;2788
11895;930;1030;1691;1997;2840
11935;926;1030;1691;1997;2901
11975;922;1030;1691;1991;2958
12015;919;1030;1691;1984;3000
12045;916;1027;1690;1997;3010
12085;915;1025;1690;1992;3033
12125;915;1024;1689;1995;3014
12165;915;1024;1688;2001;3015
12195;915;1024;1689;2004;2999
12235;915;1025;1689;2004;3014
12275;915;1025;1689;2004;3006
12305;915;1025;1689;2006;3009
12345;915;1025;1689;2006;3009
12385;915;1025;1689;2006;3017
12425;915;1025;1689;2012;2985
12465;915;1025;1689;1975;2942
12495;915;1025;1689;1975;2899
12535;915;1025;1689;1989;2841
12575;915;1025;1688;2008;2739
12605;915;1025;1688;2034;2661
12645;915;1025;1688;2098;2577
12685;915;1025;1688;2113;2521
12725;914;1025;1688;2134;2468
12765;914;1025;1688;2159;2402
12795;916;1025;1688;2171;2346
12835;918;1025;1688;2194;2260
12875;922;1025;1688;2202;2186
12915;926;1025;1688;2211;2136
12945;929;1025;1688;2222;2093
12975;932;1025;1689;2243;2067
13025;934;1025;1689;2250;2049
13055;936;1025;1689;2248;2041
13095;937;1025;1689;2242;2056
13135;937;1025;1689;2245;2062
13205;937;1025;1689;2232;2064
13245;937;1025;1689;2224;2062
13285;937;1025;1689;2226;2127
13325;937;1025;1689;2209;2188
13355;938;1025;1689;2200;2265
13395;938;1025;1689;2170;2339
13435;938;1025;1689;2148;2400
13475;938;1025;1689;2117;2441
13505;938;1025;1689;2111;2480
13545;938;1025;1689;2098;2529
13585;937;1025;1689;2085;2576
13625;934;1025;1689;2068;2620
13665;933;1025;1689;2028;2666
13695;931;1025;1689;2022;2692
13735;929;1025;1689;2003;2737
13775;927;1025;1689;1984;2779
13805;925;1025;1689;1981;2813
13845;922;1025;1689;1976;2865
13885;919;1025;1689;1973;2908
13925;916;1025;1689;1961;2940
13965;915;1025;1689;1964;2962
13995;915;1025;1689;1962;2983
14035;915;1024;1688;1960;3000
14075;915;1023;1688;1961;2990
14115;915;1023;1688;1949;2978
14145;915;1023;1688;1941;2977
14185;915;1022;1688;1945;2980
14225;915;1023;1688;1947;2979
14265;915;1022;1687;1955;2976
14345;915;1022;1687;1973;2975
14375;915;1022;1687;1969;2974
14385;915;1022;1687;1966;2976
14455;915;1022;1687;1973;2974