
1631;1173;942;862;1711;1764
1751;1760;1413;1293;1714;1754
1791;2052;1649;1508;1711;1748
1831;2199;1767;1616;1713;1752
1861;2272;1825;1669;1713;1754
1901;2308;1855;1696;1712;1760
1941;2327;1869;1709;1712;1770
1971;2337;1876;1716;1716;1772
2011;2341;1880;1720;1711;1772
2051;2343;1882;1722;1713;1771
2091;2344;1883;1723;1713;1763
2131;2344;1883;1723;1713;1759
2161;2344;1883;1723;1713;1762
2201;2344;1883;1723;1714;1762
2241;2344;1883;1723;1714;1764
2281;2344;1883;1723;1712;1766
2311;2344;1883;1723;1714;1767
2351;2344;1883;1722;1714;1771
2391;2344;1884;1722;1714;1766
2431;2344;1884;1723;1714;1774
2461;2344;1884;1723;1714;1777
2501;2344;1884;1723;1713;1771
2541;2344;1883;1723;1716;1771
2581;2344;1883;1723;1716;1769
2611;2344;1883;1722;1716;1769
2651;2344;1884;1722;1716;1769
2691;2343;1884;1723;1715;1770
2731;2344;1884;1724;1714;1771
2761;2344;1884;1723;1715;1775
2801;2344;1884;1723;1715;1777
2841;2344;1884;1723;1717;1785
2881;2343;1884;1723;1713;1799
2911;2344;1884;1723;1718;1824
2951;2348;1884;1724;1718;1814
2991;2351;1883;1724;1715;1817
3031;2354;1884;1723;1718;1827
3061;2357;1884;1724;1716;1828
3101;2358;1884;1723;1717;1827
3141;2359;1885;1723;1719;1829
3181;2359;1884;1722;1721;1826
3211;2359;1884;1723;1720;1828
3251;2358;1884;1724;1721;1830
3291;2357;1884;1724;1717;1829
3331;2356;1885;1724;1721;1822
3361;2356;1885;1724;1716;1814
3401;2357;1884;1723;1720;1817
3441;2357;1884;1723;1721;1807
3481;2356;1884;1723;1719;1809
3511;2357;1884;1723;1721;1803
3551;2358;1884;1723;1720;1810
3591;2363;1884;1724;1720;1799
3631;2368;1884;1723;1723;1807
3661;2381;1884;1723;1724;1819
3701;2388;1884;1723;1723;1837
3741;2393;1884;1723;1729;1840
3781;2395;1884;1724;1731;1827
3811;2396;1884;1723;1731;1825
3851;2396;1884;1723;1731;1816
3891;2396;1884;1724;1730;1815
3931;2396;1885;1723;1730;1809
3961;2396;1885;1722;1728;1809
4001;2396;1885;1723;1719;1778
4041;2395;1885;1723;1718;1773
4081;2395;1884;1723;1722;1795
4151;2400;1889;1723;1728;1914
4191;2421;1892;1723;1740;2003
4231;2445;1889;1723;1748;2138
4261;2467;1908;1723;1773;2245
4301;2484;1918;1723;1778;2306
4341;2497;1923;1723;1790;2345
4381;2501;1927;1723;1798;2311
4411;2504;1929;1723;1799;2289
4451;2506;1929;1722;1800;2260
4491;2508;1929;1723;1800;2209
4531;2509;1930;1723;1791;2020
4561;2494;1930;1723;1758;1869
4601;2479;1930;1723;1750;1900
4641;2481;1930;1723;1764;2179
4681;2501;1957;1723;1771;2563
4711;2509;1971;1723;1779;2669
4751;2522;1984;1723;1889;2889
4791;2530;1992;1723;1944;2985
4831;2532;1996;1723;1947;2966
4861;2533;1999;1723;1954;2959
4901;2534;2000;1723;1953;2979
4941;2534;2001;1722;1954;2983
4981;2535;2001;1722;1958;2958
5011;2536;2000;1722;1967;2971
5051;2538;2000;1721;1963;3012
5091;2544;2000;1722;2002;3113
5131;2548;2001;1722;2053;3152
5161;2549;2001;1723;2059;3123
5201;2550;2001;1723;2064;3024
5241;2550;2002;1723;2053;2985
5281;2549;2001;1723;2049;3008
5311;2549;2001;1722;2048;3005
5351;2549;2002;1722;2046;3043
5391;2549;2002;1722;2049;3107
5431;2550;2001;1723;2062;3173
5461;2558;2004;1723;2176;3289
5501;2567;2006;1723;2262;3340
5541;2572;2008;1724;2290;3366
5581;2576;2008;1723;2313;3388
5611;2576;2008;1722;2317;3391
5651;2575;2008;1722;2322;3330
5691;2573;2009;1723;2325;3329
5731;2573;2009;1724;2328;3365
5761;2573;2009;1724;2324;3349
5771;2573;2008;1724;2325;3337
5801;2572;2009;1723;2313;3302
5841;2572;2009;1724;2316;3322
5881;2572;2009;1724;2312;3356
5911;2572;2009;1724;2310;3336
5951;2572;2009;1724;2299;3294
5991;2572;2009;1724;2294;3300
6031;2572;2009;1724;2299;3333
6061;2571;2009;1724;2294;3335
6101;2572;2009;1724;2301;3330
6141;2571;2009;1724;2298;3320
6191;2571;2009;1724;2295;3319
6271;2572;2009;1724;2271;3265
6311;2576;2010;1724;2122;2936
6421;2515;2010;1716;1983;2418
6461;2481;2010;1712;1982;2410
6541;2438;2010;1702;1982;2400
6581;2415;2010;1697;1989;2421
6621;2403;2010;1692;1996;2440
6661;2429;2019;1690;1993;2436
6701;2469;2093;1689;2008;2621
6741;2493;2130;1688;2023;2775
6781;2508;2148;1689;2035;2853
6811;2523;2157;1690;2047;2927
6851;2530;2161;1691;2067;3000
6901;2537;2164;1691;2093;3070
6931;2543;2165;1691;2095;3120
6971;2548;2165;1692;2103;3197
7011;2549;2165;1692;2119;3214
7051;2550;2165;1693;2126;3222
7081;2551;2166;1693;2125;3196
7121;2551;2165;1693;2126;3173
7161;2552;2165;1693;2124;3173
7201;2552;2166;1693;2124;3182
7231;2553;2166;1693;2126;3188
7261;2555;2166;1693;2129;3196
7301;2555;2166;1694;2128;3213
7341;2556;2166;1693;2127;3227
7381;2556;2166;1693;2126;3229
7411;2556;2165;1693;2128;3225
7451;2556;2166;1693;2126;3231
7491;2556;2165;1693;2130;3228
7531;2557;2165;1693;2131;3207
7561;2557;2165;1693;2135;3203
7601;2557;2165;1694;2137;3204
7641;2558;2165;1694;2133;3218
7681;2559;2165;1694;2131;3235
7711;2560;2165;1693;2127;3222
7751;2558;2165;1693;2121;3152
7791;2552;2165;1693;2014;2597
7831;2535;2165;1692;1997;2472
7921;2475;2165;1681;1982;2449
7981;2436;2166;1671;1981;2478
8021;2401;2166;1660;1985;2479
8061;2381;2166;1654;1994;2516
8101;2370;2167;1651;1986;2519
8131;2365;2167;1650;1987;2523
8171;2404;2167;1650;1982;2524
8211;2442;2167;1650;1995;2589
8251;2472;2167;1652;2008;2847
8281;2494;2167;1655;2018;2942
8311;2504;2167;1657;2020;2914
8351;2505;2167;1660;2023;2838
8391;2505;2167;1663;2014;2762
8431;2506;2166;1665;2010;2783
8461;2508;2167;1666;2026;2900
8501;2516;2166;1666;2036;3013
8541;2523;2167;1667;2053;3082
8581;2530;2167;1667;2081;3113
8611;2532;2167;1666;2091;3141
8651;2535;2167;1666;2091;3178
8691;2537;2167;1667;2092;3208
8731;2541;2167;1667;2090;3202
8771;2541;2167;1667;2089;3200
8811;2540;2167;1667;2091;3194
8851;2541;2167;1667;2085;3108
8881;2543;2166;1668;2028;2846
8921;2536;2166;1669;1983;2530
8961;2505;2166;1669;1977;2568
9001;2427;2166;1663;1958;2530
9031;2374;2166;1649;1974;2537
9071;2340;2166;1640;1971;2560
9111;2327;2167;1636;1989;2562
9151;2331;2167;1634;2000;2539
9181;2334;2167;1633;2001;2532
9221;2338;2167;1633;2001;2546
9261;2346;2167;1633;1997;2545
9301;2358;2167;1633;2004;2537
9331;2379;2167;1633;1996;2534
9371;2415;2167;1633;2000;2525
9411;2447;2167;1640;1993;2530
9451;2478;2167;1652;2003;2723
9481;2489;2167;1659;2011;2762
9521;2495;2167;1662;2013;2736
9561;2497;2166;1665;1999;2705
9601;2498;2166;1667;1995;2635
9631;2501;2166;1669;1998;2607
9671;2505;2167;1670;1998;2591
9711;2504;2167;1670;1995;2530
9751;2482;2167;1670;1997;2467
9781;2456;2167;1670;2001;2474
9821;2432;2167;1670;1991;2475
9861;2421;2167;1670;1988;2503
9901;2408;2166;1670;1981;2488
9931;2401;2166;1670;1981;2493
9971;2397;2166;1670;1977;2515
10011;2395;2166;1670;1978;2533
10051;2394;2166;1670;1978;2523
10081;2394;2166;1670;1978;2523
10121;2393;2166;1670;1979;2524
10161;2393;2166;1670;1979;2531
10201;2394;2166;1670;1981;2529
10231;2402;2166;1671;1986;2517
10261;2427;2166;1670;1991;2525
10301;2452;2167;1670;1991;2533
10341;2468;2167;1670;1991;2531
10381;2474;2166;1670;1992;2531
10411;2477;2166;1670;1991;2534
10421;2480;2166;1671;1991;2537
10461;2479;2166;1671;1990;2531
10501;2480;2166;1671;1987;2543
10531;2484;2166;1671;1985;2547
10571;2486;2166;1671;1987;2567
10611;2486;2166;1671;1988;2588
10651;2486;2166;1671;1991;2596
10681;2487;2166;1671;1997;2600
10721;2487;2166;1671;2007;2599
10761;2490;2166;1671;2023;2601
10801;2493;2167;1671;2026;2608
10831;2487;2167;1671;2027;2618
10861;2481;2167;1670;2018;2625
10901;2478;2167;1670;2012;2628
10941;2477;2167;1670;2012;2637
10981;2475;2167;1671;2016;2638
11011;2474;2167;1671;2033;2630
11051;2473;2167;1671;2040;2638
11091;2474;2167;1671;2049;2655
11131;2473;2167;1670;2067;2660
11161;2473;2166;1670;2068;2663
11201;2473;2166;1671;2055;2643
11241;2473;2166;1671;2038;2633
11281;2473;2167;1671;2034;2628
11311;2473;2167;1671;2012;2643
11351;2473;2167;1671;2003;2621
11381;2473;2166;1670;1994;2591
11391;2473;2166;1670;1997;2578
11431;2473;2166;1671;1986;2514
11461;2473;2166;1671;1968;2496
11501;2472;2166;1670;1975;2497
11541;2472;2166;1670;1976;2464
11581;2472;2166;1670;1974;2438
11611;2463;2166;1671;1977;2411
11771;2377;2058;1671;1970;2456
11811;2343;2005;1670;1977;2444
11851;2325;1978;1671;1961;2434
11881;2316;1965;1671;1956;2431
11921;2313;1959;1671;1969;2422
11961;2323;1956;1671;1971;2437
12001;2345;1953;1671;1962;2446
12031;2378;1966;1671;1966;2456
12071;2412;1986;1671;1962;2471
12111;2439;2003;1671;1962;2536
12151;2465;2085;1671;1988;2776
12181;2479;2128;1671;1995;2837
12221;2487;2152;1671;2030;2867
12261;2491;2164;1671;2039;2892
12301;2494;2170;1671;2090;2949
12331;2498;2173;1671;2095;2988
12371;2499;2173;1671;2081;2982
12411;2499;2174;1672;2088;2951
12451;2499;2173;1672;2082;2907
12481;2499;2173;1673;2058;2879
12521;2499;2173;1673;2054;2811
12561;2500;2173;1674;2036;2721
12601;2500;2173;1674;2052;2672
12631;2500;2173;1674;2037;2667
12671;2500;2172;1674;2033;2639
12711;2499;2172;1675;2037;2619
12751;2499;2172;1674;2033;2616
12781;2499;2172;1674;2021;2645
12821;2499;2172;1674;2021;2796
12861;2499;2172;1674;2019;2876
12901;2499;2172;1674;2025;2927
12931;2500;2172;1674;2033;2980
12971;2504;2174;1674;2020;3038
13011;2508;2173;1674;2034;3059
13051;2511;2172;1674;2086;3082
13081;2520;2172;1675;2083;3104
13121;2518;2172;1675;2088;3130
13161;2517;2171;1675;2110;3141
13201;2516;2171;1675;2118;3122
13231;2516;2170;1676;2122;3108
13271;2518;2170;1677;2121;3129
13311;2519;2170;1677;2132;3139
13351;2520;2170;1678;2137;3113
13381;2520;2170;1678;2084;3102
13421;2520;2170;1677;2105;3120
13461;2520;2170;1678;2093;3149
13501;2523;2171;1678;2120;3221
13531;2531;2183;1678;2282;3379
13571;2539;2211;1678;2320;3521
13611;2545;2202;1678;2304;3524
13651;2549;2201;1678;2311;3579
13681;2552;2202;1678;2317;3594
13721;2554;2202;1678;2296;3561
13761;2556;2202;1678;2301;3501
13801;2556;2201;1678;2294;3405
13831;2556;2201;1677;2278;3364
13871;2555;2200;1678;2270;3359
13911;2555;2200;1678;2274;3352
13951;2555;2200;1678;2271;3363
13981;2554;2200;1678;2273;3361
14021;2553;2200;1678;2264;3344
14061;2553;2200;1678;2265;3304
14101;2556;2199;1678;2245;3174
14131;2555;2199;1677;2194;2982
14171;2553;2199;1677;2148;2794
14211;2546;2200;1677;2126;2680
14251;2523;2201;1676;2130;2571
14281;2505;2202;1676;2123;2562
14321;2495;2202;1676;2138;2539
14361;2489;2203;1676;2135;2540
14401;2472;2203;1676;2123;2510
14431;2456;2203;1675;2101;2508
14471;2447;2202;1675;2099;2525
14511;2443;2202;1675;2100;2546
14551;2441;2202;1675;2105;2547
14581;2440;2202;1675;2104;2509
14621;2440;2202;1675;2103;2520
14661;2439;2202;1675;2100;2522
14701;2440;2202;1674;2086;2522
14731;2439;2202;1674;2083;2524
14771;2438;2202;1675;2092;2516
14811;2437;2202;1675;2077;2491
14851;2437;2201;1675;2060;2471
14881;2422;2202;1672;2050;2440
14911;2406;2202;1659;2052;2448
14921;2393;2202;1651;2064;2450
14961;2369;2202;1640;2062;2441
15001;2345;2202;1632;2054;2428
15031;2321;2202;1625;2054;2423
15061;2310;2202;1622;2049;2429
15071;2304;2202;1620;2050;2438
15111;2295;2202;1612;2054;2420
15151;2274;2202;1600;2040;2449
15181;2260;2202;1592;2042;2450
15221;2259;2202;1589;2036;2455
15261;2258;2202;1588;2057;2454
15301;2246;2202;1585;1869;2341
15331;2231;2202;1579;1867;2357
15371;2231;2202;1577;1863;2375
15411;2228;2202;1575;1877;2337
15441;2218;2202;1574;1866;2338
15481;2212;2202;1573;1869;2344
15511;2177;2202;1554;1880;2336
15551;2064;2202;1530;1878;2354
15591;2003;2202;1514;1875;2353
15631;1982;2202;1506;1883;2361
15661;1958;2202;1502;1888;2323
15701;1940;2202;1495;1884;2322
15741;1931;2202;1492;1894;2335
15781;1950;2202;1489;1896;2348
15811;1978;2202;1488;1889;2348
15851;2072;2202;1488;1882;2341
15891;2146;2202;1499;1890;2353
15931;2222;2202;1523;1889;2331
15971;2271;2202;1542;1877;2282
16011;2256;2202;1551;1861;2204
16051;2232;2202;1556;1786;2169
16081;2224;2202;1558;1785;2177
16121;2228;2202;1559;1801;2228
16161;2124;2202;1545;1706;2006
16201;2019;2203;1521;1733;2032
16231;1967;2203;1508;1707;2035
16271;1953;2202;1502;1710;2053
16311;1934;2202;1498;1718;2035
16351;1926;2202;1495;1715;2060
16381;1913;2202;1491;1716;2014
16421;1907;2202;1484;1718;2037
16461;1903;2202;1481;1721;2038
16501;1902;2201;1479;1723;2077
16531;1902;2201;1478;1717;2094
16571;1911;2201;1478;1723;2071
16611;1842;2194;1451;1593;1871
16651;1777;2098;1435;1628;1871
16681;1756;2051;1427;1633;1899
16721;1748;2028;1423;1637;1846
16761;1734;2015;1422;1641;1843
16801;1671;1996;1418;1645;1872
16831;1648;1987;1417;1647;1907
16871;1595;1981;1410;1650;1898
16911;1549;1960;1405;1652;1896
16951;1545;1950;1403;1653;1929
16981;1642;1947;1401;1647;1920
17021;1686;1946;1400;1664;1887
17061;1705;1946;1400;1669;1889
17101;1709;1946;1399;1668;1920
17131;1738;1946;1400;1666;1913
17171;1808;1946;1431;1668;1891
17211;1913;1946;1479;1671;1898
17251;2059;1945;1526;1678;2002
17281;2164;1951;1560;1674;1907
17321;2235;1962;1585;1672;1909
17361;2267;1967;1598;1673;1898
17401;2281;1971;1604;1669;1856
17431;2289;1973;1608;1676;1857
17471;2248;1973;1610;1669;1834
17511;2082;1961;1586;1674;1840
17551;1991;1955;1566;1675;1843
17581;1944;1953;1556;1675;1866
17621;1860;1943;1527;1674;1854
17661;1816;1933;1508;1674;1868
17701;1795;1928;1494;1674;1878
17731;1752;1925;1477;1676;1863
17761;1701;1922;1460;1678;1859
17801;1681;1922;1450;1674;1885
17841;1681;1920;1446;1677;1861
17881;1641;1920;1441;1674;1857
17911;1617;1920;1439;1675;1871
17951;1628;1921;1438;1677;1879
17991;1626;1921;1438;1670;1862
18031;1625;1921;1438;1671;1871
18061;1613;1921;1437;1671;1849
18101;1551;1895;1427;1669;1816
18141;1516;1881;1421;1671;1854
18181;1511;1875;1418;1671;1872
18221;1565;1873;1417;1675;1898
18261;1593;1872;1416;1674;1886
18301;1579;1871;1415;1679;1873
18331;1561;1871;1415;1683;1868
18371;1551;1871;1415;1679;1873
18411;1576;1871;1415;1681;1871
18451;1560;1871;1415;1680;1845
18481;1551;1871;1415;1682;1871
18521;1538;1871;1415;1682;1891
18561;1632;1871;1415;1686;1898
18601;1697;1871;1424;1684;1894
18631;1727;1871;1428;1684;1846
18671;1738;1871;1431;1683;1860
18711;1755;1872;1432;1686;1866
18751;1769;1872;1439;1686;1874
18781;1807;1872;1464;1685;1886
18821;1830;1872;1478;1685;1866
18861;1843;1871;1485;1686;1858
18901;1849;1872;1488;1690;1844
18931;1853;1872;1490;1688;1834
18971;1859;1872;1494;1690;1827
19011;1897;1872;1513;1686;1803
19051;1935;1872;1529;1691;1772
19081;1956;1872;1537;1695;1779
19121;1963;1873;1540;1695;1786
19161;1990;1873;1554;1590;1577
19201;2097;1872;1573;1563;1649
19231;2156;1872;1586;1568;1681
19261;2183;1871;1596;1590;1549
19301;2171;1872;1600;1589;1589
19341;2005;1839;1592;1580;1625
19381;1865;1807;1556;1590;1639
19411;1702;1792;1526;1596;1663
19451;1608;1785;1496;1594;1663
19491;1549;1781;1473;1592;1681
19531;1502;1778;1452;1596;1655
19571;1481;1777;1441;1603;1684
19611;1480;1777;1436;1598;1705
19651;1512;1784;1434;1604;1704
19681;1551;1795;1432;1596;1665
19721;1544;1801;1431;1601;1642
19761;1543;1804;1431;1600;1656
19801;1633;1805;1437;1600;1640
19831;1736;1805;1468;1600;1637
19871;1834;1810;1510;1603;1628
19911;1925;1823;1546;1606;1620
19951;2072;1859;1571;1584;1717
19981;2141;1877;1585;1602;1573
20021;2175;1887;1592;1611;1556
20061;2192;1891;1596;1611;1550
20101;2201;1893;1599;1606;1574
20131;2206;1894;1600;1610;1572
20171;2209;1895;1600;1613;1569
20211;2209;1894;1600;1617;1566
20251;2196;1880;1600;1626;1562
20281;2179;1855;1599;1626;1560
20321;2088;1838;1599;1628;1559
20371;1989;1827;1600;1625;1551
20411;1867;1781;1586;1655;1464
20461;1804;1757;1577;1655;1497
20501;1780;1747;1572;1656;1515
20541;1657;1740;1549;1677;1493
20611;1586;1730;1525;1684;1548
20651;1546;1726;1513;1675;1561
20691;1632;1732;1507;1676;1575
20731;1749;1747;1523;1658;1575
20771;1855;1768;1553;1659;1596
20811;1935;1787;1573;1662;1591
20851;1974;1797;1584;1656;1595
20881;2069;1812;1590;1648;1607
20921;2124;1830;1592;1646;1600
20961;2152;1839;1596;1647;1600
21001;2167;1844;1598;1647;1603
21031;2173;1846;1599;1651;1599
21071;2176;1847;1599;1655;1589
21101;2178;1847;1599;1658;1594
21151;2181;1848;1599;1663;1624
21181;2182;1848;1600;1663;1622
21221;2181;1848;1600;1665;1603
21261;2181;1848;1601;1666;1579
21301;2181;1848;1603;1667;1565
21331;2180;1848;1604;1663;1563
21371;2180;1848;1605;1667;1559
21411;2180;1849;1605;1667;1543
21451;2059;1841;1605;1675;1532
21481;1958;1839;1589;1689;1548
21521;1803;1833;1540;1717;1569
21561;1645;1823;1489;1725;1552
21601;1562;1818;1462;1727;1561
21631;1521;1815;1448;1723;1570
21671;1493;1814;1441;1727;1566
21711;1492;1815;1438;1723;1606
21751;1497;1818;1437;1740;1524
21781;1489;1818;1436;1736;1538
21821;1489;1819;1436;1721;1558
21861;1491;1819;1436;1712;1587
21901;1653;1824;1453;1685;1621
21931;1795;1861;1479;1689;1644
21961;1784;1874;1487;1724;1564
22001;1621;1809;1470;1729;1579
22041;1472;1703;1461;1744;1556
22081;1319;1558;1446;1703;1547
22111;1244;1498;1438;1713;1623
22151;1307;1554;1435;1732;1570
22191;1502;1604;1464;1714;1543
22231;1667;1648;1497;1703;1529
22261;1707;1637;1514;1727;1494
22301;1688;1582;1523;1732;1483
22341;1707;1555;1534;1702;1508
22381;1758;1536;1557;1695;1516
22411;1808;1561;1574;1693;1543
22451;1788;1575;1583;1700;1518
22491;1625;1557;1573;1692;1514
22531;1521;1538;1564;1690;1512
22561;1467;1529;1556;1692;1530
22601;1392;1500;1536;1686;1563
22641;1369;1500;1524;1679;1646
22681;1453;1563;1518;1690;1635
22721;1639;1615;1531;1692;1639
22761;1746;1654;1543;1679;1653
22801;1803;1674;1551;1666;1682
22831;1888;1707;1567;1672;1699
22871;2046;1762;1581;1671;1906
22911;2122;1791;1588;1722;1740
22951;2047;1798;1592;1715;1699
22981;1968;1773;1594;1716;1682
23021;1913;1750;1595;1720;1676
23061;1889;1739;1596;1703;1687
23101;1877;1735;1596;1717;1687
23131;1872;1733;1596;1708;1688
23171;1870;1732;1596;1714;1686
23211;1851;1731;1596;1731;1662
23251;1818;1672;1595;1736;1685
23281;1802;1644;1595;1723;1692
23321;1794;1639;1595;1727;1686
23361;1790;1640;1594;1728;1692
23401;1774;1639;1583;1745;1680
23431;1698;1669;1564;1750;1685
23471;1605;1686;1536;1760;1686
23511;1561;1695;1521;1762;1713
23551;1536;1701;1514;1756;1713
23581;1526;1704;1508;1764;1704
23621;1521;1706;1503;1769;1696
23661;1511;1707;1498;1773;1688
23701;1506;1709;1496;1764;1713
23731;1507;1705;1495;1766;1708
23761;1522;1702;1495;1771;1689
23801;1653;1625;1499;1758;1668
23841;1754;1681;1513;1742;1666
23881;1799;1709;1521;1755;1633
23911;1815;1723;1525;1732;1614
23951;1822;1730;1527;1719;1606
23991;1855;1733;1535;1722;1628
24031;1894;1737;1551;1725;1644
24061;1921;1744;1561;1724;1625
24101;1891;1746;1566;1741;1587
24141;1850;1741;1569;1743;1572
24181;1828;1733;1570;1734;1593
24221;1820;1730;1571;1729;1613
24261;1823;1728;1571;1720;1639
24301;1842;1728;1571;1718;1648
24331;1851;1728;1571;1717;1664
24371;1859;1730;1571;1730;1650
24411;1885;1734;1571;1730;1658
24451;1947;1759;1578;1729;1661
24481;2065;1792;1587;1714;1756
24521;2129;1809;1592;1707;1824
24561;2166;1816;1594;1708;1903
24601;2189;1819;1595;1708;1927
24631;2200;1821;1596;1705;1978
24671;2206;1824;1596;1709;1976
24711;2209;1826;1596;1720;1922
24821;2087;1799;1597;1738;1594
24861;1927;1731;1597;1758;1605
24901;1831;1698;1596;1761;1624
24931;1711;1682;1574;1773;1619
24971;1600;1668;1546;1762;1617
25011;1544;1661;1531;1756;1634
25051;1516;1658;1524;1738;1640
25081;1505;1657;1520;1729;1647
25121;1499;1657;1518;1730;1653
25161;1499;1657;1517;1730;1651
25201;1499;1656;1517;1734;1653
25231;1512;1657;1517;1737;1652
25271;1640;1677;1518;1733;1644
25311;1742;1685;1523;1723;1655
25351;1796;1696;1526;1731;1642
25381;1823;1701;1528;1728;1647
25421;1837;1703;1528;1738;1646
25461;1834;1705;1529;1776;1620
25501;1708;1706;1528;1857;1662
25531;1598;1706;1513;1834;1691
25571;1548;1708;1504;1851;1699
25611;1493;1707;1479;1866;1703
25651;1443;1705;1452;1853;1702
25681;1420;1704;1438;1852;1740
25721;1409;1704;1431;1838;1737
25761;1433;1704;1428;1810;1732
25801;1447;1706;1426;1826;1693
25831;1454;1707;1426;1825;1686
25871;1457;1709;1426;1837;1687
25911;1441;1709;1425;1870;1688
25951;1434;1708;1425;1859;1715
25981;1431;1709;1426;1846;1700
26021;1513;1709;1436;1830;1676
26061;1672;1705;1478;1802;1616
26101;1794;1704;1522;1783;1612
26131;1867;1708;1548;1793;1593
26171;1911;1717;1564;1791;1590
26211;1935;1722;1573;1797;1592
26251;1949;1725;1579;1804;1600
26281;1962;1732;1582;1800;1607
26321;1969;1742;1584;1807;1587
26361;1972;1747;1584;1816;1596
26401;1955;1749;1585;1844;1595
26431;1948;1751;1585;1855;1601
26471;1945;1751;1585;1861;1610
26511;1944;1752;1586;1847;1614
26551;1944;1751;1586;1859;1619
26581;1870;1745;1585;1882;1631
26621;1674;1682;1560;2027;1724
26661;1556;1646;1539;1977;1706
26701;1488;1629;1520;1979;1715
26731;1430;1613;1504;1992;1718
26761;1403;1605;1493;1963;1729
26801;1390;1602;1487;1950;1748
26841;1382;1600;1485;1934;1759
26881;1415;1600;1483;1922;1748
26911;1453;1600;1482;1917;1764
26951;1485;1601;1487;1911;1733
26991;1455;1603;1489;1957;1736
27031;1439;1604;1490;1945;1745
27061;1465;1603;1491;1924;1758
27101;1656;1650;1514;1906;1758
27141;1788;1549;1538;1889;1756
27181;1854;1508;1552;1888;1748
27211;1887;1488;1559;1899;1725
27251;1903;1507;1564;1902;1720
27291;1910;1519;1566;1916;1728
27331;1913;1530;1567;1919;1750
27371;1914;1541;1568;1923;1754
27411;1909;1555;1568;1915;1732
27451;1897;1567;1568;1921;1750
27481;1831;1636;1568;1969;1790
27521;1716;1659;1561;1981;1850
27561;1660;1670;1558;1966;1876
27601;1664;1676;1556;1944;1872
27631;1713;1680;1555;1922;1871
27671;1789;1692;1555;1892;1838
27711;1843;1700;1555;1893;1809
27751;1871;1704;1555;1903;1802
27781;1885;1706;1555;1912;1820
27821;1892;1708;1555;1911;1839
27861;1894;1709;1556;1915;1851
27901;1896;1709;1556;1927;1827
27931;1897;1709;1555;1931;1812
27971;1897;1709;1555;1942;1815
28011;1893;1709;1556;1942;1828
28051;1879;1709;1556;1948;1817
28081;1873;1709;1556;1953;1826
28111;1861;1710;1556;1948;1824
28151;1770;1711;1549;1983;1831
28191;1682;1712;1537;1984;1840
28231;1638;1713;1531;1962;1850
28261;1607;1713;1528;1967;1864
28301;1636;1712;1526;1962;1843
28341;1650;1713;1525;1979;1847
28381;1658;1712;1525;1993;1808
28421;1581;1713;1510;2024;1783
28461;1524;1713;1491;2031;1792
28501;1499;1713;1482;2016;1830
28531;1490;1714;1477;2009;1840
28571;1489;1714;1475;2029;1795
28611;1475;1714;1468;2002;1777
28651;1469;1713;1464;2000;1842
28681;1467;1712;1462;1989;1845
28721;1465;1713;1461;1995;1796
28761;1450;1713;1452;2021;1797
28801;1453;1712;1447;1996;1806
28831;1495;1710;1444;1962;1802
28871;1671;1734;1471;1916;1752
28911;1784;1751;1497;1922;1722
28951;1838;1759;1513;1944;1704
28981;1867;1764;1524;1936;1702
29021;1884;1766;1529;1928;1713
29061;1908;1767;1535;1928;1727
29101;1921;1767;1544;1941;1752
29131;1931;1768;1550;1955;1761
29171;1937;1769;1554;1979;1745
29211;1939;1769;1557;1995;1746
29251;1942;1769;1560;2010;1738
29281;1943;1769;1561;2016;1739
29321;1943;1769;1565;2018;1741
29361;1943;1769;1566;2018;1764
29401;1938;1769;1564;2025;1758
29431;1868;1769;1563;2043;1758
29471;1812;1769;1549;2015;1766
29511;1778;1769;1539;2007;1773
29551;1694;1769;1521;2037;1776
29581;1616;1770;1508;2033;1772
29621;1579;1770;1502;2023;1792
29661;1561;1770;1499;2024;1800
29681;1550;1770;1495;2053;1783
29701;1535;1770;1488;2069;1810
29731;1516;1770;1482;2068;1799
29771;1505;1770;1479;2053;1820
29801;1521;1770;1478;2032;1833
29841;1620;1770;1478;2002;1831
29881;1733;1770;1494;1984;1823
29911;1831;1769;1515;1966;1858
29951;1929;1794;1543;1969;1873
29991;1933;1807;1556;2050;1804
30031;1850;1813;1533;2011;1811
30061;1792;1816;1514;2023;1833
30101;1641;1817;1479;2053;1802
30141;1549;1801;1453;2076;1790
30181;1503;1793;1439;2057;1823
30221;1474;1789;1429;2059;1809
30261;1453;1787;1419;2066;1811
30301;1443;1787;1414;2044;1811
30331;1444;1787;1412;2027;1817
30371;1466;1788;1411;2002;1787
30411;1472;1789;1410;2026;1758
30451;1472;1789;1410;2033;1782
30481;1473;1790;1410;2035;1797
30521;1474;1790;1410;2026;1799
30561;1571;1790;1422;1990;1790
30601;1717;1790;1466;1972;1779
30631;1827;1790;1505;1972;1795
30671;1900;1789;1537;1959;1803
30711;1942;1790;1554;1955;1767
30751;1964;1789;1563;1954;1749
30781;1974;1789;1568;1957;1754
30821;1979;1790;1572;1941;1747
30861;1964;1789;1573;1969;1742
30901;1863;1789;1555;1989;1737
30931;1795;1789;1533;1982;1743
30971;1697;1789;1517;1987;1753
31011;1627;1788;1506;1974;1773
31051;1593;1788;1501;1954;1806
31081;1575;1788;1498;1954;1820
31121;1581;1789;1497;1948;1834
31161;1649;1790;1496;1924;1813
31201;1684;1791;1496;1922;1803
31231;1703;1791;1496;1923;1824
31271;1717;1791;1496;1899;1869
31311;1757;1792;1496;1913;1865
31351;1811;1791;1498;1917;1868
31381;1849;1789;1501;1916;1874
31421;1874;1788;1506;1899;1851
31461;1884;1788;1510;1879;1863
31501;1893;1788;1515;1877;1890
31531;1906;1788;1519;1877;1904
31571;1912;1788;1522;1888;1897
31611;1902;1789;1524;1895;1854
31651;1896;1788;1524;1902;1830
31681;1862;1788;1525;1908;1858
31721;1673;1751;1512;1986;1834
31761;1568;1715;1501;1945;1847
31801;1517;1697;1496;1936;1853
31831;1466;1680;1479;1985;1863
31871;1432;1671;1467;1973;1886
31911;1415;1666;1461;1950;1892
31951;1434;1664;1458;1919;1864
31981;1464;1663;1457;1917;1874
32021;1489;1663;1457;1912;1875
32061;1499;1664;1459;1904;1894
32101;1491;1665;1460;1939;1829
32131;1477;1666;1461;1925;1826
32171;1470;1666;1462;1948;1845
32211;1466;1667;1462;1931;1854
32251;1488;1667;1462;1906;1853
32281;1552;1667;1473;1893;1839
32321;1646;1667;1492;1866;1809
32361;1711;1667;1508;1872;1798
32401;1749;1667;1519;1885;1795
32431;1788;1668;1528;1882;1780
32471;1823;1674;1538;1879;1792
32511;1862;1691;1547;1880;1803
32551;1879;1699;1552;1892;1794
32581;1886;1702;1555;1898;1794
32621;1893;1704;1556;1900;1802
32661;1895;1705;1557;1898;1797
32701;1897;1706;1558;1892;1804
32731;1906;1704;1560;1876;1818
32771;1934;1721;1566;1881;1827
32811;1953;1731;1571;1879;1792
32851;1946;1735;1573;1892;1773
32881;1920;1738;1574;1896;1762
32921;1890;1740;1574;1901;1756
32961;1857;1741;1574;1904;1759
33001;1794;1739;1560;1934;1764
33031;1717;1739;1548;1926;1775
33071;1679;1739;1542;1926;1781
33111;1659;1739;1539;1925;1776
33151;1663;1739;1538;1924;1780
33181;1665;1739;1538;1910;1790
33221;1666;1739;1537;1900;1791
33261;1667;1739;1537;1901;1795
33301;1668;1739;1537;1910;1778
33331;1667;1739;1538;1914;1777
33371;1656;1740;1537;1913;1775
33411;1650;1739;1538;1904;1778
33451;1646;1740;1537;1906;1794
33481;1646;1740;1537;1907;1809
33521;1645;1740;1537;1906;1806
33561;1619;1740;1532;1908;1811
33601;1559;1740;1519;1912;1820
33631;1521;1739;1504;1917;1818
33671;1499;1738;1493;1910;1821
33711;1481;1727;1480;1923;1784
33751;1459;1714;1465;1927;1833
33781;1448;1708;1457;1912;1854
33821;1452;1700;1454;1891;1868
33861;1526;1703;1453;1862;1867
33901;1633;1708;1460;1860;1887
33931;1693;1711;1468;1866;1884
33971;1731;1714;1478;1868;1883
34011;1788;1716;1497;1862;1866
34051;1858;1726;1522;1861;1897
34081;1911;1744;1545;1869;1892
34121;1951;1761;1558;1858;1814
34161;1972;1770;1565;1863;1800
34201;1982;1774;1569;1873;1813
34231;1987;1776;1571;1873;1813
34271;1990;1777;1572;1876;1819
34311;1992;1778;1573;1874;1829
34351;1994;1779;1574;1873;1834
34381;1994;1778;1574;1870;1834
34421;1994;1779;1573;1874;1827
34461;1996;1778;1573;1872;1821
34501;1997;1779;1573;1877;1817
34531;1996;1779;1572;1879;1812
34571;1912;1779;1572;1897;1817
34611;1846;1779;1554;1893;1830
34651;1813;1778;1546;1895;1871
34681;1795;1778;1542;1891;1891
34721;1785;1778;1540;1894;1876
34761;1780;1779;1539;1894;1867
34801;1778;1779;1539;1901;1859
34831;1777;1779;1539;1900;1860
34871;1778;1779;1538;1900;1868
34911;1780;1779;1538;1897;1861
34951;1758;1779;1523;1924;1811
34981;1626;1779;1496;1940;1795
35021;1554;1773;1478;1957;1806
35061;1519;1771;1469;1953;1817
35101;1502;1770;1465;1924;1819
35131;1489;1755;1463;1967;1807
35171;1473;1732;1460;1944;1819
35211;1466;1722;1459;1942;1841
35251;1462;1716;1459;1939;1843
35281;1460;1713;1458;1948;1836
35321;1458;1709;1458;1955;1818
35361;1454;1706;1457;1954;1831
35401;1452;1704;1457;1942;1836
35431;1434;1700;1450;1957;1850
35471;1415;1695;1445;1955;1874
35511;1419;1692;1442;1959;1854
35551;1474;1699;1440;1940;1825
35581;1596;1707;1441;1944;1827
35621;1663;1712;1447;1946;1782
35661;1698;1713;1454;1915;1776
35731;1707;1714;1468;1896;1795
35761;1737;1714;1480;1899;1818
35801;1756;1715;1488;1892;1829
35841;1766;1715;1492;1883;1799
35881;1773;1715;1494;1893;1797
35911;1777;1715;1495;1897;1814
35951;1779;1715;1496;1905;1840
35991;1780;1715;1496;1911;1879
36031;1775;1715;1498;1907;1917
36061;1794;1715;1504;1907;1923
36101;1814;1715;1513;1905;1923
36141;1824;1715;1518;1911;1911
36181;1829;1715;1522;1912;1906
36211;1832;1715;1524;1930;1893
36251;1806;1714;1525;1962;1906
36291;1776;1714;1525;1951;1948
36331;1764;1715;1524;1940;1974
36371;1759;1715;1524;1936;2004
36411;1756;1715;1524;1951;2004
36451;1753;1714;1523;1947;2027
36481;1751;1714;1523;1948;2023
36521;1728;1716;1522;1945;2029
36561;1662;1726;1513;1946;2038
36601;1630;1738;1506;1953;2043
36631;1585;1744;1497;1949;2029
36671;1540;1747;1487;1941;2029
36711;1507;1749;1469;1971;2009
36751;1484;1750;1453;1975;1999
36781;1472;1750;1444;1978;2030
36821;1466;1751;1439;1981;2074
36861;1464;1751;1438;1972;2069
36901;1474;1751;1437;1941;2076
36931;1480;1751;1436;1954;2025
36971;1471;1751;1436;1975;1954
37011;1463;1751;1435;1974;1981
37051;1445;1751;1429;1990;2000
37081;1432;1751;1420;1994;1983
37121;1406;1751;1408;2037;1972
37161;1390;1751;1401;2027;1989
37201;1383;1751;1397;2005;2007
37231;1379;1752;1395;1971;2018
37271;1418;1752;1395;1933;1992
37311;1509;1752;1419;1899;1940
37381;1666;1750;1469;1863;1877
37421;1755;1749;1498;1870;1872
37461;1798;1749;1514;1867;1869
37501;1826;1748;1523;1858;1875
37531;1843;1749;1528;1858;1858
37571;1878;1749;1538;1852;1879
37611;1902;1749;1548;1865;1887
37651;1914;1749;1553;1881;1884
37681;1921;1749;1555;1903;1858
37721;1925;1748;1557;1905;1860
37761;1907;1748;1557;1927;1895
37801;1885;1749;1557;1946;1943
37831;1874;1750;1558;1941;1992
37871;1868;1750;1558;1953;2015
37911;1799;1750;1537;1979;1993
37951;1701;1751;1518;1975;2016
37981;1656;1751;1509;1976;2053
38021;1635;1751;1504;1996;2018
38061;1556;1750;1482;2034;2003
38101;1515;1751;1462;2031;2026
38131;1495;1751;1451;2000;2071
38171;1485;1751;1446;1996;2083
38211;1480;1751;1443;2016;2035
38251;1477;1751;1442;2009;2035
38281;1477;1751;1442;2007;2021
38321;1489;1751;1441;1989;2015
38361;1537;1752;1441;1960;1993
38401;1523;1752;1442;2014;1952
38431;1499;1752;1442;2002;1963
38471;1487;1752;1442;1985;1973
38511;1455;1752;1430;2015;1964
38551;1403;1733;1413;2008;1958
38581;1378;1723;1405;1980;2021
38621;1366;1719;1401;1994;2045
38661;1389;1717;1400;1948;1990
38701;1422;1716;1399;1940;1968
38731;1450;1716;1398;1922;1952
38771;1480;1716;1411;1923;1935
38811;1510;1716;1430;1918;1935
38851;1606;1716;1454;1920;1923
38881;1694;1716;1482;1915;1905
38921;1789;1714;1513;1922;1911
38961;1846;1714;1532;1917;1878
38991;1874;1714;1542;1922;1880
39031;1886;1713;1546;1934;1887
39071;1910;1713;1552;1937;1907
39111;1967;1738;1568;1936;1901
39151;2078;1756;1581;1925;2126
39181;2133;1766;1588;1930;2116
39221;2161;1771;1591;1969;1982
39261;2174;1775;1593;1972;1904
39301;2180;1776;1594;1975;1897
39331;2183;1777;1595;1976;1925
39371;2188;1778;1596;1962;2127
39411;2192;1778;1596;1963;2239
39451;2192;1778;1597;1992;2090
39481;2168;1779;1596;2029;1800
39521;2013;1773;1590;2000;1798
39561;1919;1771;1580;1984;1848
39601;1870;1770;1574;1974;1889
39631;1812;1769;1551;1984;1896
39671;1769;1769;1532;1994;1926
39711;1751;1770;1523;1975;1924
39731;1725;1770;1519;1966;1930
39751;1728;1770;1517;1956;1918
39781;1742;1770;1516;1961;1901
39821;1684;1770;1512;1977;1872
39861;1639;1771;1507;1988;1912
39901;1620;1771;1504;1968;1918
39931;1603;1771;1502;1972;1897
39971;1608;1771;1502;1972;1897
40011;1609;1771;1502;1979;1900
40051;1559;1771;1492;2014;1909
40081;1530;1771;1482;2014;1911
40121;1510;1771;1475;2001;1919
40161;1497;1771;1471;1998;1929
40201;1486;1771;1461;1999;1924
40231;1470;1771;1449;2021;1923
40271;1455;1771;1439;2017;1945
40311;1449;1771;1434;1992;1969
40351;1446;1772;1432;1986;1973
40381;1444;1772;1431;1990;1955
40421;1463;1772;1430;1986;1913
40461;1575;1772;1445;1970;1891
40501;1700;1772;1478;1942;1876
40531;1781;1772;1504;1946;1864
40571;1846;1772;1524;1952;1848
40611;1911;1772;1547;1951;1843
40651;1965;1771;1566;1946;1850
40681;1993;1771;1579;1952;1855
40711;2013;1770;1586;1963;1842
40751;2024;1770;1589;1971;1833
40791;2026;1771;1591;1978;1829
40831;2026;1771;1593;1976;1822
40871;2030;1770;1593;1985;1820
40911;2085;1770;1593;1982;1811
40951;1967;1769;1589;2003;1818
40981;1859;1760;1566;2014;1832
41011;1789;1756;1547;2005;1841
41051;1690;1753;1528;2008;1864
41091;1589;1752;1501;2036;1876
41131;1527;1752;1476;2039;1866
41171;1484;1752;1457;2037;1878
41211;1452;1752;1438;2047;1867
41251;1435;1752;1427;2050;1879
41281;1426;1752;1422;2049;1889
41321;1421;1752;1420;2033;1861
41361;1420;1752;1418;2043;1844
41401;1419;1752;1415;2020;1848
41431;1419;1752;1414;2008;1849
41471;1396;1742;1408;2052;1850
41511;1377;1721;1402;2042;1846
41581;1369;1712;1399;2017;1840
41611;1374;1709;1398;1985;1846
41651;1388;1707;1398;1997;1831
41691;1391;1706;1397;2019;1825
41731;1395;1706;1396;2002;1831
41771;1412;1705;1396;1977;1828
41811;1469;1706;1416;1957;1840
41851;1520;1706;1429;1958;1828
41881;1560;1706;1438;1936;1797
41921;1600;1705;1451;1924;1788
41961;1672;1705;1470;1909;1807
42001;1736;1705;1492;1907;1817
42031;1785;1706;1508;1903;1822
42071;1808;1704;1517;1917;1804
42111;1821;1707;1520;1920;1801
42151;1828;1708;1522;1925;1801
42181;1830;1709;1523;1925;1805
42221;1842;1710;1526;1923;1820
42261;1831;1707;1526;1982;1822
42301;1774;1704;1526;1970;1836
42331;1686;1703;1526;1943;1848
42361;1593;1703;1517;1941;1863
42401;1494;1703;1473;1970;1887
42441;1427;1703;1438;1994;1915
42481;1390;1704;1421;1986;1901
42521;1348;1680;1408;2023;1885
42561;1329;1669;1401;2040;1917
42601;1320;1665;1398;2019;1946
42631;1316;1662;1396;2055;1901
42661;1313;1661;1395;2189;2022
42701;1313;1661;1394;2164;2024
42741;1312;1660;1394;2163;2001
42781;1286;1645;1386;2214;2006
42811;1272;1638;1381;2200;2002
42851;1267;1635;1379;2159;2015
42891;1264;1633;1378;2136;2032
42931;1262;1633;1377;2132;2039
42961;1274;1633;1376;2119;2026
43001;1297;1633;1376;2088;1997
43041;1318;1632;1377;2108;1970
43081;1329;1633;1377;2111;1959
43111;1334;1632;1377;2111;1948
43151;1344;1629;1379;2111;1929
43191;1366;1627;1393;2097;1920
43231;1391;1625;1407;2115;1911
43271;1404;1616;1414;2122;1907
43311;1395;1606;1419;2129;1910
43351;1364;1576;1421;2127;1912
43381;1349;1552;1422;2117;1948
43411;1342;1545;1423;2072;1953
43451;1366;1542;1424;2041;1978
43491;1439;1492;1452;2034;2000
43531;1602;1536;1492;1997;1958
43561;1716;1560;1523;1975;1949
43601;1788;1572;1546;1961;1922
43641;1824;1578;1559;1970;1911
43681;1844;1582;1566;1958;1909
43721;1873;1583;1576;1954;1924
43761;1884;1583;1584;2011;1918
43801;1838;1584;1586;2036;1890
43831;1795;1584;1588;2051;1906
43861;1752;1584;1589;2052;1927
43901;1668;1584;1588;2043;1957
43941;1574;1584;1571;2071;1973
43981;1525;1584;1558;2051;2007
44021;1501;1584;1552;2027;2021
44061;1488;1584;1549;2004;2035
44101;1483;1593;1539;2039;2015
44131;1437;1598;1515;2075;2008
44171;1409;1601;1498;2055;2015
44211;1395;1602;1490;2023;1998
44251;1411;1602;1487;2003;1979
44281;1446;1602;1484;2005;1988
44321;1508;1602;1496;1995;1995
44361;1617;1607;1514;1957;1971
44401;1718;1617;1538;1946;1937
44431;1787;1626;1556;1934;1942
44471;1818;1631;1565;1921;1903
44511;1862;1634;1578;1927;1932
44551;1898;1635;1587;1949;1957
44581;1921;1634;1593;1954;1960
44621;1933;1634;1595;1959;1942
44661;1940;1634;1597;1999;1947
44701;1942;1635;1599;2034;1924
44731;1944;1635;1600;2001;1927
44771;1954;1634;1602;1956;1888
44811;2080;1701;1610;1964;2193
44851;2146;1736;1615;2004;2295
44881;2178;1753;1618;1990;2330
44911;2194;1762;1619;1988;2332
44951;2202;1767;1620;1986;2320
44991;2207;1769;1620;1929;2418
45031;2214;1769;1621;1981;2351
45071;2214;1769;1620;2074;1902
45111;2205;1770;1619;2074;1904
45151;2193;1770;1619;2074;1897
45181;2173;1768;1619;2081;1906
45221;2003;1731;1611;2046;1960
45261;1820;1716;1585;2088;2018
45301;1702;1708;1564;2104;2042
45331;1601;1705;1536;2124;2037
45371;1531;1703;1510;2134;2036
45411;1494;1702;1493;2127;2064
45451;1459;1694;1484;2138;2084
45481;1435;1682;1476;2144;2083
45521;1411;1676;1469;2137;2088
45561;1400;1674;1466;2127;2091
45601;1394;1673;1465;2130;2075
45631;1412;1673;1464;2116;2033
45671;1457;1672;1464;2090;2066
45711;1480;1672;1464;2135;2060
45751;1484;1672;1462;2117;2021
45781;1450;1650;1462;2145;2023
45821;1380;1569;1461;2161;2021
45861;1344;1554;1462;2153;2001
45901;1281;1522;1444;2175;1989
45931;1228;1499;1424;2175;1969
45971;1202;1488;1416;2126;2000
46011;1227;1503;1411;2052;1989
46051;1306;1497;1417;2007;2007
46081;1394;1532;1447;1991;1986
46121;1552;1554;1491;2005;1954
46161;1664;1563;1522;2007;1919
46201;1753;1567;1547;1993;1942
46231;1806;1570;1561;2009;1955
46271;1845;1571;1570;2015;1960
46311;1867;1571;1576;2110;1983
46351;1877;1571;1578;2121;1986
46381;1880;1572;1580;2121;1967
46421;1876;1572;1582;2161;1964
46461;1874;1572;1582;2111;2006
46501;1831;1601;1583;2132;2118
46531;1795;1645;1565;2133;2138
46571;1777;1706;1546;2076;2112
46611;1786;1769;1533;2087;2228
46651;1802;1821;1520;2113;2236
46681;1819;1858;1512;2077;2218
46721;1839;1892;1506;2088;2233
46761;1846;1920;1503;2073;2227
46801;1850;1934;1502;2075;2238
46831;1873;1941;1501;2096;2203
46871;1906;1944;1500;2112;2164
46911;1964;1946;1499;2108;2118
46951;2088;1947;1518;2057;2294
46981;2160;1947;1533;2039;2724
47021;2207;1948;1544;2127;2982
47061;2235;1948;1550;2169;3160
47101;2252;1948;1553;2185;3222
47131;2268;1948;1555;2209;3298
47161;2285;1949;1555;2212;3462
47201;2292;1949;1555;2212;3504
47241;2297;1950;1556;2286;3185
47281;2281;1949;1555;2055;2166
47321;2224;1949;1556;2070;2031
47361;2054;1948;1533;2130;2080
47401;1927;1948;1501;2179;2118
47431;1864;1948;1482;2174;2125
47471;1825;1948;1469;2162;2133
47511;1803;1948;1455;2182;2136
47551;1787;1949;1448;2293;2285
47581;1780;1949;1444;2308;2336
47621;1776;1950;1443;2267;2324
47661;1774;1949;1442;2247;2316
47701;1778;1950;1441;2255;2338
47731;1802;1949;1441;2267;2343
47771;1826;1949;1441;2329;2278
47811;1814;1948;1441;2431;2460
47851;1808;1948;1439;2405;2488
47881;1808;1948;1438;2424;2491
47921;1807;1948;1438;2422;2466
47961;1803;1948;1436;2484;2461
48001;1801;1948;1434;2703;2681
48031;1799;1948;1434;2669;2637
48061;1799;1948;1433;2713;2615
48101;1799;1948;1432;2707;2655
48141;1799;1948;1431;3021;2890
48181;1799;1948;1431;3263;3055
48221;1723;1949;1409;3205;2917
48261;1633;1949;1392;3081;2855
48301;1589;1949;1384;2987;2876
48331;1567;1949;1380;2993;2886
48371;1556;1949;1378;3055;2908
48411;1550;1949;1376;3026;2896
48451;1547;1949;1375;2964;2848
48481;1544;1949;1375;2912;2834
48521;1662;1949;1375;2862;2805
48561;1792;1948;1408;2845;2784
48601;1905;1949;1449;2771;2760
48631;2050;1948;1481;2692;2853
48671;2133;1948;1497;2668;2945
48711;2176;1948;1505;2637;2979
48751;2201;1948;1512;2585;3030
48781;2212;1948;1516;2561;3029
48821;2216;1949;1518;2597;3013
48861;2219;1949;1520;2597;3004
48901;2221;1949;1521;2579;3003
48931;2222;1949;1521;2554;2991
48971;2222;1949;1521;2562;2939
49011;2221;1949;1526;2547;2894
49051;2223;1949;1531;2507;2890
49081;2223;1949;1534;2507;2868
49121;2223;1949;1536;2508;2865
49161;2223;1949;1536;2367;2677
49201;2221;1949;1537;2364;2564
49231;2215;1949;1538;2367;2398
49271;2057;1948;1536;2419;2421
49311;1941;1948;1519;2423;2460
49351;1886;1949;1506;2419;2483
49381;1834;1949;1483;2463;2505
49421;1786;1949;1458;2463;2513
49461;1761;1949;1444;2480;2529
49501;1749;1949;1437;2499;2543
49531;1743;1949;1433;2505;2567
49571;1740;1950;1431;2502;2586
49611;1760;1950;1430;2458;2574
49651;1807;1950;1430;2432;2590
49681;1817;1950;1430;2518;2566
49721;1770;1950;1423;2545;2536
49761;1687;1950;1416;2515;2534
49801;1582;1909;1404;2541;2548
49831;1501;1860;1393;2568;2569
49871;1461;1833;1386;2528;2597
49911;1442;1820;1382;2525;2611
49951;1450;1814;1381;2491;2599
49981;1490;1811;1381;2490;2612
50021;1606;1810;1407;2471;2597
50061;1693;1809;1437;2448;2576
50101;1776;1809;1468;2410;2557
50131;1846;1809;1490;2409;2553
50171;1894;1808;1506;2392;2547
50211;1933;1807;1518;2413;2570
50251;1964;1807;1527;2429;2576
50281;1987;1807;1532;2426;2573
50321;1999;1808;1535;2455;2574
50361;2007;1808;1537;2478;2590
50401;2014;1808;1538;2471;2600
50431;2019;1808;1539;2486;2590
50471;2018;1808;1544;2511;2547
50511;1966;1808;1547;2489;2532
50551;1780;1808;1522;2549;2528
50581;1603;1763;1483;2587;2531
50621;1489;1735;1452;2607;2541
50661;1407;1680;1431;2619;2551
50701;1344;1641;1416;2586;2559
50731;1301;1613;1408;2602;2564
50771;1279;1599;1405;2637;2587
50811;1259;1560;1400;2691;2587
50851;1230;1535;1394;2619;2585
50881;1216;1523;1392;2542;2582
50921;1237;1518;1391;2509;2599
50961;1312;1514;1397;2504;2597
51001;1396;1545;1430;2471;2583
51031;1469;1569;1463;2451;2559
51071;1606;1591;1488;2428;2566
51111;1688;1601;1505;2423;2565
51151;1731;1606;1514;2431;2565
51181;1754;1609;1519;2434;2549
51221;1767;1611;1524;2441;2517
51261;1772;1611;1529;2447;2509
51301;1773;1612;1533;2452;2489
51331;1773;1612;1535;2448;2479
51371;1771;1613;1536;2427;2440
51411;1767;1613;1537;2426;2434
51451;1766;1613;1538;2440;2448
51481;1775;1613;1538;2458;2457
51521;1781;1613;1539;2462;2485
51561;1782;1613;1539;2463;2516
51601;1784;1613;1539;2447;2579
51631;1785;1612;1539;2423;2602
51671;1785;1609;1539;2449;2616
51711;1783;1625;1540;2444;2638
51751;1788;1630;1540;2467;2682
51781;1808;1660;1539;2469;2693
51821;1821;1678;1539;2493;2710
51861;1827;1687;1539;2542;2708
51901;1829;1692;1539;2540;2723
51931;1830;1694;1539;2598;2735
51971;1750;1696;1529;2670;2768
52011;1632;1697;1506;2674;2789
52051;1566;1697;1489;2659;2792
52081;1496;1698;1457;2786;2811
52121;1434;1698;1421;2849;2863
52161;1403;1698;1402;2780;2853
52201;1388;1697;1392;2711;2827
52231;1380;1698;1387;2719;2821
52271;1417;1698;1385;2695;2793
52311;1535;1698;1414;2719;2786
52351;1665;1698;1449;2706;2790
52381;1763;1719;1474;2690;2755
52421;1835;1737;1493;2726;2798
52461;1899;1758;1508;2785;2805
52501;1936;1778;1515;2878;2821
52531;1853;1788;1519;2892;2770
52571;1678;1794;1482;2838;2696
52611;1553;1796;1441;2937;2743
52651;1415;1712;1413;3073;2860
52681;1335;1661;1399;3053;2849
52721;1294;1636;1391;3057;2902
52761;1275;1623;1388;3010;2876
52801;1273;1617;1387;2998;2888
52831;1296;1614;1386;2967;2893
52871;1333;1613;1393;2965;2899
52911;1394;1612;1419;2970;2898
52951;1509;1624;1453;2939;2871
52981;1624;1630;1478;2900;2864
53021;1702;1633;1495;2901;2867
53061;1800;1665;1513;2883;2837
53101;1864;1699;1526;2879;2839
53131;1898;1716;1533;2875;2828
53171;1914;1725;1536;2846;2840
53211;1927;1729;1540;2853;2851
53251;1935;1731;1543;2866;2827
53281;1940;1733;1545;2863;2817
53321;1942;1733;1549;2879;2809
53361;1943;1734;1554;2932;2827
53401;1872;1734;1557;2914;2810
53431;1828;1735;1557;2921;2825
53511;1739;1735;1534;2934;2851
53581;1600;1735;1498;2993;2897
53621;1521;1735;1471;2967;2868
53661;1483;1735;1458;2951;2879
53701;1464;1735;1451;2930;2868
53731;1465;1735;1447;2917;2862
53771;1461;1735;1446;3006;2858
53811;1460;1735;1446;2988;2869
53851;1458;1736;1445;2914;2818
53881;1494;1736;1445;2855;2773
53921;1653;1736;1474;2698;2704
53961;1774;1736;1504;2698;2716
54001;1851;1736;1524;2708;2708
54031;1892;1735;1535;2737;2651
54071;1912;1735;1544;2717;2586
54111;1921;1734;1552;2736;2573
54151;1927;1734;1561;2756;2578
54181;1930;1734;1567;2723;2574
54221;1931;1735;1569;2737;2588
54261;1932;1735;1571;2730;2608
54301;1864;1735;1572;2709;2617
54331;1701;1735;1549;2757;2611
54371;1589;1735;1523;2791;2624
54411;1462;1687;1481;2838;2658
54451;1334;1601;1446;2857;2632
54481;1271;1559;1426;2845;2652
54521;1239;1539;1417;2897;2714
54561;1249;1529;1412;2839;2706
54601;1317;1525;1423;2887;2734
54631;1403;1527;1454;2951;2713
54671;1590;1569;1488;2944;2662
54711;1728;1606;1516;2920;2648
54751;1813;1624;1531;2950;2642
54781;1855;1634;1538;2963;2640
54821;1876;1640;1545;2938;2626
54861;1888;1642;1549;2934;2618
54901;1894;1644;1554;2928;2601
54931;1896;1645;1559;2943;2607
54971;1897;1645;1562;2976;2644
55011;1897;1645;1565;3017;2659
55051;1896;1645;1567;3034;2668
55081;1897;1645;1569;3050;2673
55121;1897;1645;1571;3041;2664
55161;1898;1645;1571;3035;2663
55201;1897;1645;1572;3043;2661
55231;1898;1644;1572;3048;2661
55271;1898;1644;1572;3041;2664
55311;1898;1644;1572;3042;2665
55351;1897;1645;1572;3042;2664
55381;1896;1645;1572;3033;2654
55421;1895;1645;1572;3005;2646
55461;1894;1646;1572;2998;2638
55491;1895;1645;1572;2981;2631
55501;1894;1646;1572;2976;2632
55541;1895;1645;1572;2961;2624
55621;1894;1644;1572;2934;2619